0.0 0.0
107.0 0.0
118.0 0.0
112.0 0.0
99.0 0.0
89.0 58.0
59.0 59.0
59.0 61.0
61.0 61.0
255.0 61.0
67.0 66.0
65.0 66.0
255.0 69.0
56.0 72.0
255.0 74.0
76.0 75.0
75.0 75.0
113.0 76.0
72.0 77.0
110.0 78.0
78.0 79.0
90.0 80.0
53.0 80.0
83.0 83.0
75.0 84.0
81.0 85.0
88.0 85.0
98.0 86.0
83.0 87.0
94.0 88.0
98.0 90.0
71.0 93.0
101.0 95.0
103.0 97.0
119.0 97.0
97.0 100.0
102.0 103.0
84.0 103.0
105.0 103.0
96.0 103.0
99.0 105.0
110.0 105.0
100.0 105.0
86.0 105.0
54.0 106.0
94.0 109.0
100.0 111.0
113.0 113.0
109.0 119.0
121.0 120.0
125.0 124.0
133.0 126.0
0.0 134.0
0.0 137.0
