63.0 62.0
90.0 82.0
118.0 82.0
98.0 88.0
92.0 91.0
103.0 93.0
96.0 96.0
102.0 97.0
158.0 97.0
107.0 101.0
0.0 106.0
119.0 106.0
115.0 108.0
109.0 108.0
120.0 109.0
109.0 109.0
114.0 109.0
118.0 109.0
110.0 111.0
91.0 111.0
110.0 112.0
0.0 113.0
120.0 114.0
116.0 115.0
116.0 118.0
129.0 119.0
121.0 122.0
102.0 122.0
127.0 126.0
137.0 127.0
129.0 127.0
129.0 129.0
126.0 131.0
137.0 134.0
136.0 134.0
130.0 134.0
135.0 135.0
132.0 139.0
0.0 139.0
143.0 140.0
146.0 142.0
160.0 156.0
0.0 159.0
