57.0 0.0
161.0 0.0
172.0 0.0
179.0 0.0
255.0 0.0
153.0 0.0
143.0 124.0
133.0 127.0
132.0 131.0
147.0 133.0
134.0 134.0
161.0 135.0
130.0 136.0
165.0 137.0
140.0 140.0
168.0 142.0
143.0 142.0
147.0 143.0
146.0 143.0
147.0 144.0
255.0 145.0
143.0 146.0
152.0 146.0
147.0 146.0
146.0 147.0
0.0 147.0
156.0 148.0
146.0 148.0
144.0 149.0
147.0 151.0
0.0 151.0
153.0 152.0
150.0 153.0
162.0 155.0
156.0 156.0
156.0 156.0
154.0 156.0
156.0 157.0
158.0 157.0
158.0 157.0
154.0 157.0
156.0 157.0
154.0 157.0
165.0 158.0
153.0 159.0
158.0 160.0
164.0 161.0
157.0 161.0
164.0 163.0
164.0 163.0
171.0 163.0
164.0 164.0
155.0 164.0
156.0 164.0
165.0 165.0
255.0 166.0
162.0 168.0
0.0 169.0
164.0 169.0
169.0 170.0
170.0 170.0
170.0 171.0
154.0 171.0
173.0 172.0
172.0 172.0
0.0 173.0
176.0 174.0
169.0 174.0
147.0 177.0
186.0 184.0
188.0 184.0
188.0 191.0
0.0 192.0
