0.0 103.0
255.0 117.0
0.0 150.0
151.0 151.0
158.0 158.0
255.0 159.0
181.0 159.0
166.0 162.0
167.0 163.0
164.0 163.0
255.0 163.0
167.0 164.0
167.0 168.0
168.0 168.0
175.0 168.0
255.0 169.0
170.0 169.0
172.0 169.0
170.0 170.0
174.0 170.0
173.0 170.0
171.0 170.0
171.0 170.0
255.0 170.0
171.0 171.0
255.0 171.0
172.0 171.0
174.0 172.0
171.0 172.0
174.0 174.0
177.0 174.0
178.0 174.0
178.0 175.0
179.0 175.0
177.0 175.0
174.0 175.0
182.0 176.0
181.0 177.0
178.0 177.0
188.0 178.0
187.0 179.0
180.0 179.0
175.0 180.0
182.0 180.0
255.0 181.0
177.0 182.0
184.0 182.0
178.0 182.0
255.0 182.0
182.0 182.0
184.0 183.0
185.0 186.0
181.0 188.0
190.0 188.0
186.0 188.0
192.0 190.0
255.0 193.0
195.0 198.0
198.0 200.0
199.0 200.0
202.0 202.0
201.0 202.0
205.0 203.0
203.0 204.0
199.0 205.0
205.0 206.0
188.0 208.0
207.0 218.0
170.0 255.0
0.0 255.0
0.0 255.0
172.0 255.0
166.0 255.0
0.0 255.0
205.0 255.0
173.0 255.0
