89.0 0.0
82.0 58.0
74.0 65.0
67.0 66.0
72.0 68.0
78.0 74.0
79.0 78.0
93.0 80.0
68.0 82.0
255.0 83.0
83.0 83.0
91.0 88.0
97.0 92.0
97.0 93.0
100.0 96.0
0.0 96.0
110.0 97.0
90.0 101.0
103.0 102.0
102.0 103.0
90.0 105.0
106.0 105.0
105.0 105.0
110.0 106.0
255.0 107.0
107.0 107.0
92.0 107.0
107.0 107.0
108.0 108.0
108.0 108.0
108.0 109.0
69.0 110.0
110.0 111.0
91.0 111.0
118.0 113.0
118.0 115.0
116.0 116.0
0.0 120.0
122.0 124.0
117.0 128.0
131.0 129.0
91.0 135.0
108.0 135.0
101.0 142.0
51.0 255.0
