148.0 0.0
201.0 0.0
97.0 0.0
95.0 0.0
129.0 0.0
255.0 0.0
0.0 0.0
137.0 0.0
100.0 52.0
80.0 56.0
84.0 58.0
55.0 59.0
66.0 59.0
61.0 61.0
78.0 64.0
66.0 65.0
63.0 65.0
83.0 71.0
90.0 71.0
107.0 73.0
89.0 74.0
84.0 84.0
94.0 84.0
88.0 85.0
76.0 88.0
101.0 88.0
80.0 88.0
107.0 89.0
101.0 90.0
0.0 91.0
88.0 94.0
78.0 95.0
83.0 96.0
114.0 96.0
0.0 96.0
95.0 98.0
0.0 100.0
103.0 100.0
105.0 100.0
88.0 101.0
91.0 101.0
104.0 101.0
106.0 103.0
110.0 105.0
104.0 105.0
102.0 106.0
106.0 106.0
108.0 106.0
101.0 106.0
100.0 107.0
108.0 107.0
106.0 107.0
109.0 108.0
97.0 109.0
110.0 109.0
104.0 110.0
113.0 110.0
91.0 111.0
137.0 113.0
116.0 116.0
112.0 116.0
119.0 117.0
112.0 117.0
123.0 120.0
119.0 120.0
125.0 121.0
125.0 123.0
135.0 123.0
107.0 123.0
125.0 124.0
0.0 127.0
0.0 129.0
0.0 129.0
0.0 130.0
0.0 132.0
133.0 132.0
129.0 132.0
139.0 132.0
131.0 133.0
88.0 133.0
135.0 133.0
127.0 135.0
131.0 136.0
83.0 137.0
137.0 137.0
140.0 139.0
140.0 140.0
140.0 141.0
0.0 142.0
136.0 143.0
139.0 143.0
151.0 144.0
143.0 145.0
147.0 147.0
147.0 148.0
151.0 150.0
150.0 151.0
157.0 156.0
156.0 157.0
125.0 160.0
0.0 168.0
202.0 203.0
0.0 255.0
0.0 255.0
