51.0 64.0
92.0 76.0
98.0 98.0
96.0 100.0
90.0 105.0
97.0 114.0
121.0 119.0
114.0 123.0
128.0 128.0
146.0 129.0
131.0 132.0
124.0 133.0
130.0 134.0
134.0 136.0
123.0 139.0
143.0 144.0
136.0 145.0
140.0 146.0
145.0 147.0
118.0 149.0
147.0 149.0
134.0 150.0
200.0 153.0
121.0 154.0
159.0 156.0
132.0 163.0
133.0 170.0
135.0 174.0
143.0 174.0
154.0 184.0
93.0 188.0
160.0 191.0
180.0 192.0
110.0 255.0
146.0 255.0
127.0 255.0
146.0 255.0
97.0 255.0
103.0 255.0
91.0 255.0
113.0 255.0
161.0 255.0
138.0 255.0
146.0 255.0
51.0 255.0
91.0 255.0
129.0 255.0
0.0 255.0
66.0 255.0
95.0 255.0
68.0 255.0
