137.0 0.0
255.0 70.0
255.0 70.0
60.0 71.0
78.0 77.0
255.0 79.0
58.0 84.0
100.0 84.0
84.0 84.0
97.0 85.0
97.0 88.0
95.0 93.0
78.0 95.0
105.0 97.0
128.0 97.0
91.0 101.0
113.0 101.0
135.0 101.0
103.0 105.0
110.0 105.0
104.0 105.0
114.0 106.0
109.0 107.0
108.0 107.0
106.0 107.0
108.0 107.0
113.0 110.0
117.0 111.0
110.0 112.0
110.0 113.0
109.0 113.0
92.0 113.0
119.0 120.0
121.0 121.0
125.0 121.0
118.0 122.0
138.0 122.0
125.0 123.0
125.0 127.0
141.0 130.0
152.0 131.0
131.0 133.0
132.0 133.0
127.0 135.0
142.0 135.0
144.0 136.0
83.0 137.0
129.0 137.0
141.0 143.0
151.0 150.0
0.0 255.0
70.0 255.0
