43.0 44.0
46.0 46.0
54.0 49.0
55.0 50.0
0.0 50.0
66.0 52.0
58.0 52.0
54.0 55.0
67.0 56.0
52.0 57.0
61.0 57.0
67.0 57.0
56.0 58.0
0.0 58.0
0.0 58.0
55.0 59.0
0.0 60.0
63.0 62.0
70.0 62.0
106.0 63.0
54.0 64.0
66.0 66.0
66.0 66.0
60.0 66.0
82.0 68.0
68.0 69.0
0.0 69.0
71.0 70.0
80.0 70.0
62.0 70.0
89.0 71.0
53.0 72.0
78.0 77.0
90.0 80.0
0.0 80.0
0.0 81.0
64.0 82.0
132.0 84.0
66.0 84.0
91.0 84.0
86.0 86.0
90.0 91.0
95.0 91.0
94.0 93.0
94.0 95.0
100.0 96.0
89.0 96.0
66.0 99.0
76.0 101.0
90.0 102.0
106.0 105.0
109.0 106.0
0.0 106.0
0.0 106.0
104.0 107.0
0.0 107.0
107.0 108.0
109.0 108.0
107.0 109.0
109.0 109.0
108.0 111.0
88.0 111.0
113.0 111.0
0.0 112.0
117.0 115.0
102.0 117.0
95.0 120.0
113.0 121.0
0.0 133.0
57.0 255.0
