137.0 0.0
160.0 0.0
185.0 0.0
158.0 0.0
167.0 0.0
172.0 0.0
54.0 64.0
88.0 84.0
118.0 94.0
121.0 105.0
144.0 120.0
126.0 120.0
126.0 125.0
111.0 126.0
126.0 126.0
124.0 129.0
128.0 130.0
147.0 131.0
144.0 132.0
125.0 138.0
151.0 138.0
152.0 140.0
0.0 141.0
0.0 142.0
142.0 144.0
155.0 147.0
151.0 147.0
148.0 148.0
0.0 148.0
151.0 150.0
160.0 150.0
0.0 151.0
155.0 151.0
0.0 151.0
149.0 152.0
149.0 153.0
159.0 154.0
151.0 154.0
156.0 154.0
155.0 155.0
154.0 156.0
157.0 157.0
156.0 158.0
158.0 159.0
160.0 159.0
158.0 160.0
160.0 161.0
0.0 162.0
167.0 165.0
167.0 165.0
173.0 168.0
172.0 168.0
169.0 168.0
171.0 169.0
0.0 169.0
0.0 171.0
0.0 173.0
141.0 177.0
168.0 178.0
0.0 183.0
0.0 187.0
0.0 188.0
190.0 188.0
184.0 194.0
0.0 195.0
195.0 197.0
201.0 197.0
200.0 200.0
201.0 201.0
0.0 202.0
194.0 208.0
203.0 210.0
155.0 255.0
112.0 255.0
168.0 255.0
0.0 255.0
190.0 255.0
