78.0 0.0
0.0 0.0
105.0 0.0
90.0 0.0
93.0 0.0
47.0 48.0
49.0 48.0
51.0 51.0
58.0 52.0
65.0 53.0
53.0 54.0
59.0 55.0
50.0 56.0
65.0 56.0
58.0 57.0
55.0 57.0
85.0 58.0
57.0 58.0
0.0 58.0
55.0 59.0
60.0 59.0
61.0 59.0
62.0 59.0
66.0 59.0
58.0 60.0
57.0 60.0
63.0 60.0
69.0 61.0
83.0 61.0
63.0 62.0
64.0 62.0
66.0 63.0
60.0 64.0
69.0 65.0
62.0 65.0
58.0 65.0
76.0 65.0
60.0 66.0
58.0 66.0
51.0 67.0
69.0 67.0
61.0 70.0
56.0 72.0
62.0 72.0
82.0 74.0
64.0 75.0
77.0 80.0
67.0 80.0
66.0 83.0
74.0 84.0
85.0 90.0
73.0 91.0
93.0 95.0
92.0 96.0
103.0 99.0
93.0 101.0
55.0 255.0
59.0 255.0
