64.0 0.0
166.0 0.0
147.0 0.0
255.0 0.0
191.0 0.0
173.0 0.0
255.0 0.0
145.0 0.0
255.0 0.0
255.0 0.0
255.0 0.0
94.0 84.0
95.0 94.0
182.0 95.0
255.0 99.0
106.0 103.0
255.0 111.0
255.0 114.0
114.0 115.0
206.0 115.0
255.0 119.0
255.0 119.0
127.0 123.0
124.0 123.0
172.0 123.0
115.0 128.0
255.0 129.0
255.0 130.0
131.0 130.0
133.0 131.0
131.0 131.0
255.0 136.0
255.0 137.0
255.0 138.0
136.0 139.0
139.0 139.0
255.0 140.0
255.0 140.0
142.0 140.0
255.0 140.0
138.0 141.0
255.0 143.0
131.0 143.0
255.0 143.0
255.0 144.0
255.0 144.0
151.0 145.0
149.0 145.0
143.0 147.0
151.0 147.0
151.0 148.0
255.0 148.0
148.0 149.0
153.0 150.0
148.0 150.0
150.0 150.0
255.0 151.0
151.0 151.0
155.0 152.0
152.0 152.0
150.0 153.0
155.0 155.0
160.0 156.0
255.0 157.0
146.0 157.0
172.0 159.0
162.0 160.0
158.0 160.0
159.0 160.0
196.0 160.0
160.0 161.0
162.0 161.0
161.0 162.0
159.0 162.0
167.0 163.0
164.0 164.0
161.0 165.0
174.0 165.0
162.0 167.0
166.0 168.0
160.0 168.0
170.0 168.0
168.0 169.0
177.0 177.0
255.0 181.0
184.0 187.0
153.0 255.0
255.0 255.0
