83.0 96.0
103.0 101.0
89.0 101.0
98.0 102.0
114.0 109.0
108.0 109.0
110.0 110.0
111.0 110.0
109.0 111.0
105.0 113.0
127.0 117.0
119.0 119.0
122.0 121.0
122.0 122.0
123.0 122.0
126.0 123.0
111.0 123.0
122.0 123.0
120.0 123.0
110.0 123.0
131.0 129.0
130.0 130.0
119.0 131.0
164.0 131.0
134.0 132.0
131.0 133.0
133.0 134.0
129.0 135.0
139.0 138.0
149.0 139.0
117.0 140.0
136.0 141.0
139.0 141.0
148.0 142.0
137.0 142.0
142.0 142.0
147.0 144.0
148.0 145.0
141.0 149.0
147.0 150.0
156.0 155.0
157.0 156.0
156.0 156.0
107.0 255.0
