158.0 0.0
137.0 0.0
128.0 0.0
0.0 0.0
0.0 0.0
78.0 0.0
113.0 0.0
141.0 0.0
115.0 0.0
131.0 0.0
94.0 0.0
92.0 0.0
0.0 0.0
0.0 0.0
145.0 0.0
123.0 0.0
156.0 0.0
111.0 0.0
139.0 0.0
149.0 0.0
99.0 0.0
0.0 0.0
78.0 0.0
0.0 0.0
149.0 0.0
75.0 0.0
174.0 0.0
0.0 0.0
55.0 42.0
56.0 43.0
61.0 46.0
70.0 59.0
72.0 59.0
66.0 61.0
59.0 63.0
0.0 68.0
53.0 68.0
44.0 69.0
108.0 71.0
78.0 74.0
77.0 78.0
79.0 78.0
86.0 80.0
97.0 81.0
97.0 85.0
90.0 86.0
0.0 93.0
85.0 95.0
101.0 95.0
110.0 96.0
113.0 98.0
102.0 101.0
100.0 103.0
103.0 103.0
105.0 103.0
112.0 105.0
115.0 106.0
0.0 107.0
0.0 110.0
0.0 126.0
0.0 129.0
150.0 129.0
0.0 129.0
131.0 134.0
0.0 138.0
0.0 140.0
0.0 141.0
0.0 143.0
0.0 144.0
0.0 144.0
147.0 146.0
0.0 147.0
0.0 149.0
0.0 149.0
0.0 165.0
0.0 168.0
