77.0 0.0
255.0 0.0
78.0 64.0
147.0 93.0
255.0 95.0
0.0 96.0
102.0 101.0
105.0 102.0
105.0 103.0
255.0 104.0
109.0 105.0
106.0 108.0
255.0 109.0
110.0 110.0
109.0 113.0
140.0 115.0
255.0 115.0
116.0 116.0
112.0 116.0
119.0 117.0
110.0 118.0
123.0 120.0
125.0 120.0
118.0 121.0
117.0 121.0
101.0 122.0
102.0 122.0
135.0 123.0
121.0 124.0
128.0 125.0
125.0 125.0
123.0 126.0
135.0 127.0
145.0 128.0
124.0 128.0
126.0 129.0
129.0 130.0
133.0 130.0
131.0 131.0
134.0 132.0
139.0 132.0
88.0 133.0
135.0 133.0
255.0 134.0
119.0 134.0
149.0 136.0
255.0 137.0
135.0 138.0
140.0 140.0
255.0 140.0
134.0 141.0
148.0 141.0
140.0 141.0
125.0 141.0
142.0 142.0
136.0 143.0
151.0 144.0
143.0 145.0
168.0 147.0
0.0 147.0
147.0 147.0
147.0 148.0
151.0 151.0
157.0 154.0
160.0 156.0
157.0 156.0
156.0 157.0
160.0 162.0
164.0 171.0
189.0 193.0
202.0 203.0
119.0 255.0
133.0 255.0
