69.0 69.0
76.0 88.0
88.0 101.0
106.0 103.0
102.0 103.0
106.0 106.0
108.0 107.0
107.0 109.0
119.0 109.0
110.0 109.0
112.0 116.0
117.0 120.0
123.0 124.0
126.0 125.0
0.0 127.0
129.0 128.0
131.0 129.0
0.0 132.0
133.0 132.0
129.0 132.0
131.0 132.0
134.0 133.0
137.0 135.0
135.0 136.0
137.0 137.0
140.0 139.0
138.0 140.0
142.0 140.0
141.0 141.0
141.0 143.0
139.0 143.0
144.0 147.0
145.0 149.0
152.0 149.0
134.0 150.0
151.0 151.0
150.0 151.0
151.0 154.0
147.0 154.0
162.0 157.0
125.0 160.0
161.0 161.0
0.0 168.0
135.0 255.0
125.0 255.0
106.0 255.0
148.0 255.0
117.0 255.0
95.0 255.0
112.0 255.0
125.0 255.0
