47.02604204138663 54.74813890247402
56.95668298328508 55.70602407229262
53.748976626996416 56.655806749022496
64.49089034109784 57.65992944847093
57.78123416506966 58.84310969298715
58.67641682258242 59.73628509324823
59.508413253233684 60.002550881543684
63.917235498684036 61.23513696760896
59.82926441309585 61.92294721568503
92.3961232944795 64.00693243858795
64.72953092867783 64.31299421981375
74.53398230521228 64.76280419708495
60.87569791218449 65.0040089800774
60.63019876135193 65.70224981570182
64.7290791656063 66.28996731141868
82.69122641590644 68.02096484533236
66.7535495972901 69.18272903698366
77.39470915726574 69.40367510786076
79.40196998935039 76.96742939979846
81.3842392230897 77.07863210157512
135.2051816853185 78.8467869293033
83.07460483952515 79.61890710138789
79.83220146998998 80.64165860350165
71.37705196021602 80.82631593866265
76.71117197368825 81.6674585829194
71.89956961429073 82.48124869348688
66.47088633585156 83.37866111659135
78.35241539632166 86.62397480804707
93.629488736618 86.86177534549023
89.70504302076701 88.18731187234327
108.13185209531783 90.85054413558368
121.68431609029567 90.89133903815835
66.55692961656294 91.29239366606882
101.96561171852832 91.66222427548901
127.22320008839486 93.97081338140454
104.2565404138821 94.41215596537918
136.04992073998753 94.8867137169518
97.20893196373375 95.27921798897535
62.749835596030174 97.36727155299211
96.01919706775197 98.5898428551239
107.23983752518672 98.86965169065678
114.04308214936187 100.06629734711846
142.43713088086665 101.22542857300667
99.03724297646369 102.36936709762983
89.51162433667602 104.72377299795254
93.18688154530513 104.73483620269184
105.1707639417768 104.94798673745657
116.36348524010144 108.16794197932886
108.94834011388569 108.41729184693082
117.58711184615672 108.46848215348727
66.07379100521487 110.81041593222872
121.30816782888961 114.16134397886933
91.74621642027591 114.43818969849116
115.08998726111736 115.29932888755471
132.7800171911403 115.77984850528203
110.8676566673881 115.85151296889126
121.53674534479231 116.23385867949692
98.28292112347549 116.7949454024657
120.85373290694162 117.38499134940223
74.6872201851977 118.18232714273265
123.82830374226506 119.83320508440926
81.61122290663297 119.86783664125652
121.56514285522925 120.25104769811998
117.36860144700336 121.2606103378388
124.01391933928987 122.8599442999142
188.34269501262307 123.76897892954818
112.8982067662087 124.05856394584937
123.514030807082 124.62628544663758
145.52661038829874 127.05263003948683
127.48478657535756 127.60862214778187
107.26090204133702 127.80660262401408
169.07243052026692 129.0750883599733
122.2381712441364 131.17747441290848
142.68414263222226 131.42739163751432
131.94122065645536 131.80493101740302
132.914468126639 131.94082937397235
136.31064623839268 134.38136800622766
132.97682689621135 134.4430168343718
121.06444575533584 134.80404067355514
140.58435610721236 135.19670677895246
137.47294746797957 135.65083475242352
140.0958164674017 137.90263362682583
99.59117735144562 139.09255589424453
143.37290534336282 140.5529490579508
146.84769624935424 142.11590851587997
79.31955325772675 142.24284554540358
142.52787389115224 142.5851909828975
151.39999179514078 144.22090267191385
131.5457567066675 144.6029519839047
160.1960862209052 144.75802067992709
140.65793487957066 145.65874635631235
147.94138504792724 147.73566549294856
124.7957050127001 148.00175885383925
141.78177912539692 148.15076054704392
153.47255786320906 148.9755916781692
135.52802639837424 149.37571444165263
165.75939424528363 151.5851810286196
152.87939286698858 152.89549190509297
77.6204106031522 153.28816185297765
156.50028070543706 156.63944376929376
80.64058655230232 157.19379403680523
154.5780793810136 158.9925394608861
130.67438305255195 159.780064701796
187.33486126993827 160.86009575107434
162.15851231642003 161.20178783766553
162.81367765688205 168.24433942539318
169.58760945747218 168.7325665023739
176.35916774513066 169.0756544221532
148.2539156747562 169.83916101360285
163.48977644400327 170.92149086036704
174.09957188818518 171.83511900463589
155.88186272558292 172.5549206989174
185.21301555991027 177.434129322351
177.953328885319 182.23905295771257
184.63000707129038 183.1926835449085
188.654433172472 183.98959126746908
190.68751395441538 188.55414237677695
177.1352329570817 189.11358556480613
190.28189285898202 189.90036652892647
194.9817090332825 189.92676611075836
196.81864356433127 192.4784299057273
199.39469268142636 199.13287030947177
203.0308357440817 201.1614655109879
127.93191389592253 202.052630251189
202.48251141846453 202.89788622921048
212.7303249939922 209.66284704201917
206.19945962009854 213.5150383127181
180.78330420998637 214.22672578346763
