177.0 0.0
56.0 59.0
133.0 125.0
149.0 131.0
128.0 132.0
255.0 133.0
132.0 133.0
150.0 134.0
131.0 136.0
145.0 136.0
133.0 137.0
144.0 138.0
152.0 139.0
146.0 141.0
150.0 141.0
144.0 141.0
141.0 142.0
183.0 142.0
146.0 142.0
142.0 143.0
150.0 144.0
146.0 144.0
142.0 145.0
156.0 145.0
136.0 146.0
153.0 146.0
151.0 146.0
144.0 146.0
152.0 147.0
143.0 147.0
150.0 147.0
148.0 148.0
151.0 149.0
150.0 149.0
144.0 149.0
149.0 150.0
153.0 151.0
149.0 152.0
168.0 152.0
153.0 152.0
156.0 153.0
153.0 153.0
157.0 154.0
153.0 154.0
155.0 155.0
155.0 156.0
157.0 157.0
162.0 159.0
159.0 160.0
159.0 161.0
163.0 162.0
163.0 163.0
169.0 168.0
177.0 177.0
204.0 198.0
206.0 204.0
157.0 255.0
135.0 255.0
152.0 255.0
