109.0 0.0
177.0 0.0
66.0 0.0
255.0 0.0
57.0 57.0
255.0 58.0
255.0 61.0
69.0 62.0
58.0 66.0
142.0 74.0
102.0 81.0
255.0 81.0
121.0 82.0
0.0 90.0
95.0 91.0
255.0 92.0
82.0 92.0
97.0 93.0
98.0 93.0
94.0 93.0
104.0 95.0
113.0 95.0
255.0 96.0
96.0 96.0
99.0 97.0
87.0 98.0
97.0 98.0
99.0 101.0
104.0 102.0
104.0 103.0
104.0 103.0
100.0 103.0
106.0 104.0
102.0 106.0
107.0 106.0
255.0 106.0
255.0 108.0
106.0 108.0
106.0 109.0
116.0 110.0
110.0 110.0
111.0 111.0
110.0 111.0
119.0 111.0
111.0 112.0
114.0 112.0
255.0 113.0
116.0 114.0
108.0 114.0
114.0 115.0
95.0 120.0
99.0 120.0
102.0 120.0
0.0 122.0
123.0 124.0
111.0 124.0
92.0 124.0
255.0 125.0
118.0 126.0
130.0 127.0
119.0 128.0
85.0 128.0
130.0 129.0
130.0 129.0
135.0 129.0
124.0 129.0
129.0 129.0
132.0 130.0
129.0 131.0
131.0 131.0
132.0 133.0
132.0 133.0
133.0 134.0
147.0 134.0
137.0 135.0
109.0 136.0
125.0 140.0
137.0 142.0
145.0 143.0
153.0 144.0
134.0 145.0
255.0 149.0
137.0 150.0
141.0 151.0
120.0 157.0
152.0 159.0
114.0 166.0
143.0 169.0
255.0 174.0
69.0 194.0
76.0 255.0
67.0 255.0
104.0 255.0
98.0 255.0
84.0 255.0
