64.74263008040211 59.29261445222769
58.86029852118993 63.450126417591036
62.513644522075325 65.25337384806448
65.49490965715381 65.39330986890859
79.28062762032404 77.96116606229253
92.70191854462863 90.03528680325708
112.46882360972086 95.76344547051771
102.52811664169697 96.79450493977228
82.46453692652241 102.69532341734546
111.1295383267086 103.13189002793646
96.98655607664864 105.78658802644838
106.70375278366389 106.3720694922603
115.49411972729028 113.6289400964547
77.46217914526987 114.07257365133248
126.88732522271702 126.80464348713193
140.42867454857014 130.20801700168516
134.95964816801362 134.03130177317172
151.61715249410577 135.28606923633376
145.0547385255424 144.74245795788158
140.73028775811127 147.1590662705855
144.62175140993043 148.47057832842384
153.35598292792977 152.56883244315136
155.2602588789852 159.91438892589375
161.57803896799314 161.12563321436934
122.6984249726422 161.20850873332523
128.4421933313115 162.33102190453522
158.18305317246006 163.71531228040473
172.51376877011097 170.2067556984795
187.9151433355638 185.69199342202415
189.7123685357116 189.60087159166602
196.07644013649832 194.404293247513
203.83834425089992 202.28045269548718
