84.0 0.0
154.0 0.0
146.0 0.0
146.0 0.0
176.0 0.0
113.0 99.0
109.0 102.0
140.0 108.0
114.0 112.0
111.0 112.0
120.0 114.0
131.0 118.0
117.0 118.0
123.0 122.0
126.0 122.0
132.0 123.0
121.0 124.0
124.0 126.0
0.0 128.0
142.0 129.0
133.0 130.0
138.0 130.0
132.0 131.0
130.0 131.0
134.0 132.0
0.0 132.0
136.0 134.0
134.0 135.0
131.0 136.0
138.0 137.0
136.0 138.0
134.0 142.0
145.0 146.0
145.0 146.0
153.0 147.0
148.0 148.0
0.0 148.0
152.0 148.0
0.0 149.0
144.0 151.0
153.0 152.0
0.0 156.0
158.0 157.0
154.0 157.0
151.0 159.0
154.0 161.0
162.0 163.0
162.0 164.0
164.0 165.0
162.0 169.0
0.0 172.0
0.0 255.0
128.0 255.0
