0.0 46.0
114.0 114.0
122.0 119.0
127.0 121.0
130.0 121.0
135.0 122.0
125.0 123.0
122.0 125.0
120.0 127.0
151.0 127.0
127.0 128.0
131.0 131.0
134.0 131.0
135.0 131.0
133.0 133.0
119.0 134.0
145.0 135.0
134.0 137.0
139.0 140.0
147.0 142.0
150.0 142.0
146.0 143.0
143.0 144.0
137.0 144.0
143.0 144.0
147.0 144.0
142.0 146.0
123.0 146.0
145.0 148.0
151.0 148.0
140.0 148.0
147.0 149.0
155.0 150.0
148.0 151.0
152.0 152.0
149.0 154.0
156.0 156.0
165.0 163.0
0.0 255.0
