0.0 0.0
146.0 0.0
80.0 56.0
59.0 59.0
66.0 59.0
255.0 61.0
63.0 65.0
67.0 66.0
255.0 69.0
107.0 73.0
81.0 75.0
53.0 80.0
255.0 81.0
82.0 81.0
88.0 85.0
98.0 86.0
94.0 88.0
98.0 90.0
93.0 92.0
95.0 92.0
88.0 94.0
90.0 94.0
89.0 95.0
96.0 96.0
80.0 97.0
97.0 98.0
84.0 98.0
104.0 98.0
98.0 99.0
99.0 100.0
105.0 100.0
89.0 101.0
86.0 101.0
99.0 101.0
78.0 102.0
103.0 103.0
102.0 103.0
84.0 103.0
103.0 104.0
106.0 104.0
104.0 104.0
99.0 105.0
100.0 105.0
105.0 105.0
88.0 105.0
86.0 105.0
102.0 106.0
0.0 106.0
54.0 106.0
114.0 106.0
108.0 107.0
0.0 107.0
108.0 107.0
105.0 107.0
97.0 109.0
94.0 109.0
109.0 109.0
116.0 110.0
96.0 110.0
69.0 110.0
108.0 111.0
113.0 113.0
88.0 114.0
83.0 119.0
100.0 121.0
125.0 123.0
92.0 124.0
0.0 127.0
122.0 127.0
128.0 131.0
123.0 131.0
91.0 135.0
109.0 136.0
83.0 137.0
111.0 142.0
85.0 166.0
143.0 169.0
76.0 255.0
91.0 255.0
0.0 255.0
78.0 255.0
61.0 255.0
