70.06330956217849 58.41362869226744
56.544107261933796 61.07531782051221
61.089343357172126 62.18309779923388
61.41051264786056 62.67959021413515
62.79174126138886 62.90603362886859
62.23565441037479 64.1022781668887
76.06317737575093 67.2178375609324
66.89836743051467 67.72717585006484
74.07177350951189 71.4562732592139
88.55903683585667 75.13655243599187
113.01312046730905 79.5843707583907
64.13420037819074 82.11192195402391
69.0950285789743 82.3111595091087
86.05932963794777 84.15384110427232
85.15108994070002 84.28182859282683
97.76265734004825 88.21820902948588
108.57970015809327 96.34608748469692
98.08032094034908 97.26447243734857
105.7470550232004 99.41452251534488
92.52441283600108 104.97126824646142
106.7410615807679 106.21131825800096
118.20031431694036 109.96476632513388
132.14945122191205 112.43873097470806
105.88400605939994 114.78298403992079
104.42276923768897 114.98357877342532
115.79048130923572 115.8032127147637
124.97292514780358 116.54820125705737
124.36495546366604 119.73449126297523
91.60032964040347 120.10754197686866
131.71317687315332 121.12649380587983
103.60318515298707 121.14280352161556
164.10859077368335 122.40153398949994
124.57885219273459 124.6447499474997
126.27084169997998 126.20222469622294
125.19356838123792 129.12915562288498
133.36792199987724 132.61760370409937
81.25053047069123 135.44770623766834
135.76035758359401 136.02900581593963
95.85659026236631 136.12996883087638
139.87591799826862 137.21143350635745
141.25715416046887 141.12308250601276
144.6843930454314 143.38287686565727
169.36987668367934 143.47024688956878
138.1539164796119 143.64909347649652
150.69677607837673 144.23437869749398
148.3532752478389 147.68645900511535
143.3207208390113 148.94124126327185
157.20453185687725 151.42995667896813
154.8344670521343 154.73263645632017
161.9937321033013 161.5963244472714
132.22754723716804 161.71318175742215
160.9381789359846 167.6538245007909
171.64629729719204 169.6424565518079
165.67677690531914 169.8927332149897
156.50789400378767 174.85217667000782
180.58460694155153 178.7544211876953
172.9351749742571 183.7576720436374
109.63296461356342 184.12645480757823
193.04217838238057 187.32941607280418
189.60035099588188 187.48093806861428
195.85821145547047 193.81044345278457
199.98642989846826 199.32308469941893
208.15825219777176 205.77177871567721
202.63990438058642 207.79746006563514
