0.0 103.0
255.0 170.0
185.0 171.0
182.0 181.0
188.0 184.0
186.0 185.0
191.0 190.0
197.0 191.0
197.0 191.0
192.0 191.0
192.0 191.0
199.0 192.0
197.0 192.0
255.0 192.0
195.0 192.0
193.0 193.0
201.0 193.0
193.0 194.0
196.0 195.0
255.0 196.0
199.0 197.0
206.0 198.0
203.0 198.0
255.0 198.0
194.0 198.0
196.0 199.0
201.0 199.0
201.0 200.0
201.0 200.0
201.0 201.0
203.0 202.0
202.0 202.0
255.0 202.0
202.0 203.0
201.0 203.0
202.0 204.0
205.0 205.0
255.0 205.0
202.0 206.0
206.0 207.0
208.0 207.0
255.0 210.0
210.0 211.0
216.0 214.0
217.0 216.0
255.0 255.0
