161.0 0.0
172.0 0.0
179.0 0.0
151.0 0.0
154.0 0.0
171.0 0.0
255.0 0.0
77.0 0.0
151.0 0.0
173.0 0.0
146.0 0.0
153.0 0.0
168.0 0.0
212.0 0.0
163.0 0.0
166.0 0.0
54.0 57.0
103.0 102.0
143.0 124.0
127.0 126.0
124.0 126.0
133.0 127.0
144.0 127.0
151.0 127.0
138.0 130.0
132.0 131.0
147.0 133.0
135.0 134.0
134.0 134.0
145.0 135.0
161.0 135.0
130.0 136.0
0.0 136.0
137.0 136.0
138.0 137.0
165.0 137.0
140.0 140.0
168.0 142.0
143.0 142.0
147.0 143.0
152.0 143.0
146.0 143.0
147.0 144.0
255.0 145.0
143.0 146.0
152.0 146.0
147.0 146.0
153.0 147.0
146.0 147.0
0.0 147.0
156.0 148.0
152.0 148.0
146.0 148.0
151.0 148.0
140.0 148.0
150.0 149.0
144.0 149.0
155.0 150.0
152.0 150.0
147.0 151.0
0.0 151.0
0.0 151.0
148.0 151.0
153.0 152.0
153.0 153.0
150.0 153.0
0.0 153.0
162.0 155.0
164.0 155.0
156.0 156.0
154.0 156.0
0.0 156.0
156.0 156.0
154.0 156.0
155.0 157.0
158.0 157.0
156.0 157.0
158.0 157.0
158.0 157.0
154.0 157.0
156.0 157.0
154.0 157.0
0.0 158.0
158.0 158.0
158.0 158.0
0.0 158.0
165.0 158.0
159.0 158.0
151.0 159.0
153.0 159.0
158.0 159.0
161.0 159.0
158.0 160.0
175.0 161.0
0.0 162.0
164.0 163.0
171.0 163.0
164.0 164.0
155.0 164.0
157.0 164.0
156.0 164.0
165.0 165.0
255.0 166.0
157.0 166.0
160.0 166.0
162.0 168.0
0.0 169.0
170.0 169.0
164.0 169.0
169.0 170.0
170.0 170.0
170.0 171.0
154.0 171.0
173.0 172.0
172.0 172.0
0.0 172.0
0.0 173.0
176.0 174.0
0.0 175.0
147.0 177.0
186.0 184.0
188.0 191.0
0.0 192.0
0.0 195.0
191.0 196.0
198.0 202.0
0.0 255.0
119.0 255.0
0.0 255.0
