123.0 0.0
159.0 0.0
129.0 0.0
255.0 0.0
75.0 0.0
92.0 0.0
255.0 0.0
145.0 0.0
68.0 53.0
128.0 53.0
98.0 60.0
255.0 61.0
255.0 75.0
137.0 75.0
106.0 80.0
255.0 86.0
97.0 88.0
160.0 89.0
133.0 89.0
168.0 91.0
114.0 96.0
0.0 96.0
117.0 96.0
117.0 97.0
107.0 97.0
112.0 99.0
105.0 102.0
113.0 104.0
255.0 108.0
117.0 109.0
120.0 112.0
109.0 113.0
118.0 115.0
126.0 120.0
170.0 122.0
128.0 126.0
128.0 127.0
132.0 128.0
132.0 130.0
133.0 134.0
157.0 135.0
140.0 139.0
149.0 149.0
148.0 150.0
0.0 151.0
