52.0 53.0
255.0 56.0
255.0 59.0
255.0 65.0
255.0 66.0
255.0 66.0
255.0 70.0
255.0 71.0
90.0 80.0
255.0 83.0
97.0 87.0
69.0 88.0
96.0 93.0
101.0 95.0
83.0 96.0
96.0 100.0
103.0 101.0
255.0 102.0
103.0 102.0
102.0 105.0
112.0 110.0
110.0 111.0
255.0 115.0
255.0 117.0
85.0 119.0
112.0 124.0
255.0 128.0
129.0 129.0
86.0 130.0
141.0 132.0
133.0 133.0
132.0 133.0
131.0 136.0
82.0 136.0
187.0 136.0
149.0 137.0
127.0 140.0
141.0 141.0
124.0 142.0
255.0 144.0
153.0 144.0
145.0 147.0
142.0 147.0
255.0 149.0
255.0 150.0
200.0 153.0
255.0 155.0
146.0 156.0
124.0 157.0
180.0 164.0
0.0 169.0
255.0 172.0
190.0 180.0
165.0 181.0
138.0 185.0
162.0 193.0
198.0 193.0
172.0 203.0
200.0 206.0
124.0 216.0
205.0 218.0
136.0 255.0
66.0 255.0
98.0 255.0
255.0 255.0
101.0 255.0
60.0 255.0
94.0 255.0
83.0 255.0
67.0 255.0
123.0 255.0
86.0 255.0
