143.0 0.0
159.0 0.0
129.0 0.0
143.0 0.0
57.0 56.0
126.0 89.0
97.0 90.0
116.0 93.0
105.0 101.0
255.0 104.0
103.0 105.0
125.0 106.0
112.0 107.0
107.0 109.0
112.0 110.0
255.0 111.0
0.0 113.0
157.0 115.0
255.0 115.0
122.0 119.0
122.0 121.0
162.0 122.0
124.0 122.0
99.0 123.0
123.0 124.0
123.0 124.0
133.0 124.0
130.0 128.0
124.0 129.0
129.0 129.0
131.0 129.0
133.0 130.0
136.0 132.0
141.0 132.0
0.0 132.0
131.0 132.0
134.0 133.0
137.0 135.0
119.0 136.0
149.0 137.0
151.0 138.0
139.0 140.0
0.0 140.0
142.0 140.0
142.0 142.0
152.0 145.0
138.0 146.0
157.0 152.0
124.0 157.0
153.0 160.0
144.0 163.0
0.0 169.0
174.0 189.0
112.0 255.0
