63.0 0.0
89.0 0.0
91.0 0.0
76.0 0.0
105.0 0.0
72.0 0.0
49.0 0.0
66.0 0.0
75.0 0.0
90.0 0.0
108.0 0.0
76.0 0.0
100.0 49.0
54.0 55.0
75.0 55.0
54.0 56.0
255.0 57.0
61.0 57.0
60.0 57.0
255.0 58.0
59.0 58.0
0.0 58.0
66.0 58.0
66.0 59.0
56.0 60.0
0.0 60.0
56.0 61.0
59.0 61.0
62.0 61.0
255.0 61.0
255.0 61.0
0.0 61.0
63.0 62.0
70.0 62.0
56.0 63.0
106.0 63.0
255.0 64.0
63.0 64.0
60.0 65.0
76.0 65.0
74.0 65.0
54.0 65.0
60.0 66.0
255.0 67.0
71.0 67.0
67.0 68.0
68.0 69.0
66.0 69.0
70.0 69.0
69.0 70.0
90.0 70.0
80.0 70.0
62.0 70.0
70.0 71.0
72.0 71.0
56.0 72.0
54.0 72.0
62.0 73.0
255.0 74.0
88.0 74.0
97.0 74.0
69.0 75.0
255.0 75.0
255.0 75.0
78.0 77.0
77.0 78.0
78.0 79.0
78.0 79.0
69.0 80.0
83.0 80.0
85.0 80.0
75.0 81.0
77.0 81.0
64.0 82.0
109.0 82.0
132.0 84.0
66.0 84.0
85.0 85.0
0.0 85.0
69.0 85.0
86.0 86.0
70.0 86.0
83.0 87.0
0.0 88.0
71.0 90.0
91.0 91.0
123.0 92.0
82.0 92.0
97.0 96.0
69.0 104.0
111.0 109.0
81.0 110.0
63.0 113.0
100.0 116.0
115.0 116.0
