0.0 52.0
106.0 106.0
113.0 120.0
126.0 120.0
113.0 124.0
128.0 126.0
126.0 126.0
132.0 128.0
128.0 130.0
147.0 131.0
129.0 132.0
128.0 133.0
137.0 135.0
137.0 136.0
136.0 137.0
0.0 141.0
0.0 144.0
153.0 144.0
142.0 144.0
147.0 146.0
155.0 147.0
151.0 147.0
146.0 147.0
0.0 148.0
0.0 148.0
0.0 149.0
0.0 151.0
0.0 152.0
152.0 154.0
151.0 154.0
153.0 154.0
0.0 156.0
154.0 156.0
0.0 158.0
158.0 158.0
0.0 158.0
0.0 159.0
0.0 159.0
160.0 159.0
162.0 159.0
160.0 162.0
169.0 164.0
167.0 165.0
168.0 167.0
0.0 171.0
0.0 187.0
155.0 195.0
0.0 202.0
155.0 255.0
0.0 255.0
127.0 255.0
