191.0 0.0
191.0 0.0
188.0 0.0
201.0 0.0
185.0 0.0
189.0 0.0
222.0 0.0
173.0 0.0
173.0 0.0
255.0 0.0
255.0 0.0
207.0 0.0
193.0 0.0
193.0 0.0
202.0 0.0
209.0 0.0
175.0 0.0
174.0 0.0
49.0 77.0
161.0 130.0
136.0 131.0
166.0 147.0
156.0 148.0
0.0 150.0
151.0 151.0
160.0 157.0
158.0 158.0
0.0 161.0
175.0 161.0
0.0 162.0
166.0 163.0
167.0 164.0
173.0 165.0
187.0 166.0
168.0 168.0
170.0 169.0
174.0 172.0
181.0 174.0
0.0 187.0
0.0 196.0
0.0 196.0
0.0 202.0
0.0 205.0
0.0 206.0
207.0 206.0
0.0 214.0
0.0 255.0
0.0 255.0
