56.0 59.0
60.0 59.0
255.0 91.0
255.0 97.0
101.0 102.0
112.0 106.0
132.0 106.0
255.0 107.0
109.0 108.0
255.0 108.0
255.0 109.0
255.0 109.0
255.0 109.0
133.0 109.0
126.0 110.0
118.0 111.0
114.0 113.0
122.0 115.0
255.0 119.0
124.0 119.0
122.0 120.0
170.0 122.0
107.0 123.0
133.0 130.0
127.0 130.0
131.0 130.0
128.0 130.0
132.0 132.0
135.0 136.0
145.0 138.0
139.0 139.0
255.0 140.0
142.0 140.0
144.0 145.0
139.0 147.0
147.0 147.0
143.0 147.0
150.0 150.0
150.0 151.0
149.0 156.0
153.0 157.0
187.0 207.0
160.0 255.0
