158.0 0.0
166.0 0.0
255.0 0.0
124.0 0.0
124.0 0.0
147.0 0.0
178.0 0.0
175.0 0.0
212.0 0.0
167.0 0.0
255.0 0.0
157.0 0.0
158.0 0.0
156.0 0.0
191.0 0.0
173.0 0.0
255.0 0.0
145.0 0.0
255.0 0.0
255.0 0.0
146.0 0.0
172.0 0.0
255.0 0.0
82.0 68.0
123.0 79.0
94.0 84.0
147.0 93.0
95.0 94.0
182.0 95.0
99.0 96.0
255.0 99.0
111.0 99.0
106.0 103.0
109.0 105.0
108.0 106.0
255.0 107.0
255.0 111.0
255.0 114.0
114.0 115.0
206.0 115.0
112.0 116.0
255.0 119.0
115.0 120.0
157.0 121.0
127.0 123.0
124.0 123.0
172.0 123.0
115.0 128.0
255.0 129.0
255.0 130.0
131.0 130.0
133.0 131.0
131.0 131.0
135.0 131.0
175.0 132.0
157.0 135.0
149.0 136.0
255.0 138.0
136.0 139.0
141.0 139.0
139.0 139.0
255.0 140.0
255.0 140.0
255.0 140.0
255.0 140.0
138.0 141.0
150.0 142.0
144.0 142.0
255.0 143.0
136.0 143.0
131.0 143.0
151.0 143.0
147.0 144.0
255.0 144.0
255.0 144.0
149.0 145.0
143.0 147.0
147.0 147.0
151.0 147.0
255.0 148.0
148.0 149.0
153.0 150.0
150.0 150.0
255.0 151.0
144.0 151.0
151.0 151.0
155.0 152.0
152.0 152.0
150.0 153.0
155.0 154.0
153.0 154.0
152.0 155.0
155.0 155.0
155.0 155.0
160.0 156.0
156.0 157.0
255.0 157.0
146.0 157.0
156.0 157.0
172.0 159.0
159.0 159.0
162.0 159.0
162.0 160.0
158.0 160.0
159.0 160.0
196.0 160.0
160.0 161.0
162.0 161.0
161.0 162.0
159.0 162.0
167.0 163.0
164.0 164.0
161.0 165.0
174.0 165.0
162.0 167.0
166.0 168.0
160.0 168.0
170.0 168.0
168.0 169.0
174.0 171.0
169.0 171.0
255.0 181.0
193.0 182.0
189.0 183.0
190.0 194.0
255.0 196.0
255.0 255.0
153.0 255.0
255.0 255.0
