128.0 0.0
0.0 0.0
124.0 0.0
78.0 0.0
120.0 0.0
131.0 0.0
120.0 0.0
0.0 0.0
156.0 0.0
111.0 0.0
92.0 0.0
149.0 0.0
0.0 0.0
55.0 42.0
56.0 43.0
47.0 48.0
93.0 59.0
70.0 59.0
61.0 61.0
59.0 63.0
65.0 66.0
108.0 71.0
75.0 72.0
94.0 84.0
97.0 85.0
101.0 90.0
95.0 91.0
85.0 95.0
101.0 95.0
99.0 96.0
97.0 98.0
106.0 99.0
100.0 103.0
103.0 103.0
112.0 105.0
108.0 106.0
115.0 106.0
110.0 108.0
76.0 110.0
0.0 113.0
118.0 115.0
0.0 130.0
0.0 141.0
0.0 144.0
120.0 157.0
0.0 168.0
