87.0 0.0
129.0 0.0
51.0 64.0
110.0 82.0
98.0 98.0
113.0 99.0
57.0 101.0
90.0 105.0
113.0 110.0
110.0 111.0
0.0 111.0
106.0 111.0
114.0 112.0
92.0 113.0
97.0 114.0
110.0 117.0
121.0 119.0
0.0 119.0
124.0 122.0
114.0 123.0
0.0 127.0
128.0 128.0
0.0 129.0
132.0 130.0
131.0 132.0
129.0 132.0
134.0 133.0
132.0 133.0
124.0 133.0
130.0 134.0
123.0 139.0
107.0 139.0
107.0 139.0
142.0 140.0
0.0 141.0
143.0 144.0
140.0 146.0
145.0 147.0
147.0 147.0
148.0 149.0
118.0 149.0
147.0 149.0
142.0 150.0
134.0 150.0
141.0 151.0
121.0 154.0
159.0 156.0
123.0 157.0
160.0 159.0
153.0 160.0
103.0 161.0
132.0 163.0
92.0 165.0
255.0 169.0
133.0 170.0
135.0 174.0
143.0 174.0
138.0 183.0
154.0 184.0
93.0 188.0
114.0 191.0
180.0 192.0
206.0 195.0
195.0 198.0
80.0 210.0
161.0 212.0
180.0 224.0
0.0 255.0
110.0 255.0
146.0 255.0
127.0 255.0
146.0 255.0
103.0 255.0
91.0 255.0
113.0 255.0
161.0 255.0
138.0 255.0
146.0 255.0
196.0 255.0
141.0 255.0
51.0 255.0
91.0 255.0
66.0 255.0
129.0 255.0
0.0 255.0
66.0 255.0
141.0 255.0
68.0 255.0
