52.0 52.0
82.0 58.0
255.0 66.0
100.0 82.0
255.0 83.0
95.0 85.0
91.0 88.0
103.0 89.0
137.0 91.0
97.0 92.0
97.0 93.0
100.0 96.0
90.0 101.0
100.0 101.0
102.0 103.0
103.0 104.0
108.0 104.0
106.0 105.0
105.0 105.0
105.0 105.0
99.0 105.0
111.0 107.0
255.0 107.0
108.0 107.0
107.0 107.0
92.0 107.0
107.0 107.0
110.0 109.0
110.0 109.0
108.0 109.0
69.0 110.0
101.0 111.0
110.0 111.0
110.0 112.0
99.0 114.0
114.0 116.0
118.0 117.0
122.0 123.0
117.0 128.0
131.0 129.0
123.0 131.0
113.0 133.0
101.0 142.0
