59.0 64.0
143.0 110.0
137.0 112.0
116.0 113.0
127.0 123.0
120.0 127.0
133.0 128.0
134.0 128.0
132.0 128.0
131.0 129.0
138.0 129.0
133.0 129.0
131.0 129.0
129.0 130.0
130.0 130.0
129.0 130.0
134.0 130.0
132.0 131.0
130.0 131.0
139.0 131.0
132.0 132.0
126.0 132.0
132.0 132.0
128.0 133.0
133.0 133.0
133.0 133.0
136.0 134.0
138.0 134.0
133.0 134.0
131.0 134.0
132.0 134.0
137.0 135.0
136.0 135.0
129.0 136.0
136.0 137.0
137.0 137.0
133.0 138.0
144.0 139.0
141.0 141.0
139.0 142.0
142.0 142.0
139.0 143.0
144.0 144.0
145.0 145.0
149.0 146.0
123.0 146.0
141.0 146.0
147.0 148.0
150.0 151.0
156.0 155.0
