185.0 0.0
191.0 0.0
188.0 0.0
171.0 0.0
174.0 90.0
105.0 103.0
170.0 115.0
141.0 131.0
255.0 133.0
147.0 138.0
152.0 139.0
150.0 141.0
153.0 144.0
149.0 145.0
255.0 145.0
151.0 146.0
255.0 149.0
158.0 149.0
149.0 150.0
148.0 150.0
160.0 150.0
153.0 152.0
168.0 152.0
149.0 153.0
153.0 153.0
153.0 154.0
155.0 155.0
162.0 156.0
162.0 157.0
152.0 157.0
159.0 158.0
160.0 158.0
175.0 159.0
163.0 163.0
167.0 163.0
165.0 164.0
142.0 165.0
167.0 165.0
166.0 168.0
193.0 169.0
171.0 169.0
182.0 173.0
177.0 175.0
180.0 177.0
141.0 177.0
182.0 179.0
255.0 191.0
255.0 192.0
200.0 200.0
206.0 204.0
205.0 206.0
182.0 255.0
168.0 255.0
167.0 255.0
