255.0 0.0
61.0 0.0
70.0 0.0
58.0 52.0
52.0 52.0
52.0 53.0
60.0 55.0
0.0 57.0
60.0 58.0
55.0 59.0
62.0 59.0
55.0 60.0
81.0 61.0
62.0 62.0
59.0 63.0
66.0 63.0
65.0 63.0
60.0 63.0
65.0 64.0
69.0 64.0
52.0 64.0
68.0 64.0
65.0 65.0
58.0 65.0
62.0 66.0
65.0 68.0
0.0 72.0
61.0 73.0
78.0 73.0
67.0 75.0
73.0 76.0
76.0 77.0
52.0 78.0
76.0 79.0
58.0 83.0
59.0 84.0
69.0 85.0
255.0 85.0
78.0 86.0
67.0 86.0
89.0 88.0
68.0 90.0
0.0 91.0
121.0 91.0
95.0 92.0
255.0 93.0
64.0 93.0
72.0 94.0
81.0 97.0
70.0 97.0
89.0 97.0
97.0 100.0
94.0 103.0
67.0 104.0
130.0 105.0
60.0 105.0
104.0 106.0
105.0 107.0
96.0 109.0
59.0 111.0
116.0 114.0
59.0 114.0
0.0 115.0
75.0 115.0
97.0 118.0
67.0 121.0
255.0 124.0
90.0 124.0
98.0 124.0
57.0 125.0
105.0 133.0
0.0 134.0
49.0 147.0
67.0 154.0
0.0 182.0
59.0 255.0
57.0 255.0
0.0 255.0
0.0 255.0
0.0 255.0
91.0 255.0
87.0 255.0
49.0 255.0
58.0 255.0
72.0 255.0
83.0 255.0
59.0 255.0
0.0 255.0
52.0 255.0
0.0 255.0
71.0 255.0
63.0 255.0
67.0 255.0
58.0 255.0
51.0 255.0
55.0 255.0
0.0 255.0
60.0 255.0
63.0 255.0
62.0 255.0
132.0 255.0
61.0 255.0
57.0 255.0
66.0 255.0
61.0 255.0
80.0 255.0
60.0 255.0
98.0 255.0
