76.0 0.0
255.0 109.0
134.0 135.0
146.0 146.0
115.0 149.0
148.0 149.0
151.0 150.0
163.0 157.0
123.0 157.0
93.0 158.0
160.0 159.0
161.0 159.0
255.0 159.0
156.0 160.0
157.0 161.0
161.0 162.0
153.0 162.0
162.0 163.0
140.0 164.0
122.0 165.0
165.0 170.0
156.0 172.0
187.0 173.0
156.0 174.0
94.0 177.0
178.0 178.0
138.0 183.0
169.0 185.0
114.0 191.0
195.0 198.0
188.0 198.0
255.0 204.0
206.0 207.0
194.0 209.0
197.0 215.0
255.0 221.0
160.0 255.0
129.0 255.0
156.0 255.0
155.0 255.0
145.0 255.0
141.0 255.0
142.0 255.0
114.0 255.0
