52.0 54.0
115.0 103.0
118.0 109.0
140.0 111.0
122.0 117.0
136.0 124.0
125.0 126.0
126.0 130.0
134.0 131.0
130.0 131.0
137.0 132.0
133.0 133.0
133.0 133.0
136.0 134.0
137.0 134.0
136.0 134.0
132.0 134.0
140.0 135.0
149.0 137.0
141.0 138.0
143.0 140.0
150.0 142.0
141.0 142.0
144.0 142.0
143.0 142.0
142.0 144.0
146.0 146.0
151.0 146.0
151.0 146.0
147.0 147.0
148.0 147.0
153.0 153.0
153.0 154.0
155.0 154.0
156.0 155.0
162.0 163.0
165.0 165.0
0.0 167.0
174.0 193.0
