255.0 0.0
158.0 0.0
135.0 0.0
137.0 0.0
131.0 0.0
128.0 0.0
0.0 0.0
125.0 0.0
124.0 0.0
152.0 0.0
143.0 0.0
124.0 0.0
142.0 0.0
155.0 0.0
142.0 0.0
0.0 0.0
123.0 0.0
154.0 0.0
129.0 0.0
148.0 0.0
115.0 0.0
156.0 0.0
92.0 0.0
0.0 0.0
0.0 0.0
145.0 0.0
123.0 0.0
156.0 0.0
151.0 0.0
151.0 0.0
111.0 0.0
139.0 0.0
144.0 0.0
149.0 0.0
0.0 0.0
99.0 0.0
144.0 0.0
0.0 0.0
134.0 0.0
0.0 0.0
140.0 0.0
150.0 0.0
149.0 0.0
154.0 0.0
168.0 0.0
174.0 0.0
163.0 0.0
97.0 0.0
82.0 0.0
176.0 0.0
138.0 0.0
56.0 43.0
100.0 52.0
0.0 57.0
80.0 58.0
70.0 59.0
59.0 63.0
78.0 64.0
68.0 66.0
53.0 68.0
44.0 69.0
108.0 71.0
137.0 73.0
142.0 74.0
82.0 74.0
53.0 78.0
77.0 78.0
59.0 78.0
79.0 78.0
86.0 80.0
97.0 81.0
68.0 82.0
149.0 82.0
101.0 83.0
152.0 83.0
88.0 84.0
97.0 85.0
90.0 86.0
103.0 88.0
114.0 89.0
92.0 91.0
94.0 92.0
0.0 93.0
147.0 93.0
112.0 94.0
101.0 94.0
85.0 95.0
113.0 96.0
110.0 96.0
113.0 98.0
0.0 100.0
99.0 100.0
102.0 101.0
110.0 102.0
102.0 103.0
103.0 103.0
106.0 103.0
100.0 103.0
103.0 103.0
105.0 103.0
113.0 104.0
111.0 104.0
102.0 104.0
109.0 105.0
112.0 105.0
108.0 106.0
104.0 106.0
0.0 107.0
109.0 109.0
114.0 109.0
108.0 109.0
106.0 109.0
111.0 109.0
0.0 110.0
110.0 110.0
107.0 110.0
82.0 110.0
109.0 111.0
118.0 111.0
0.0 112.0
111.0 112.0
120.0 114.0
114.0 114.0
119.0 114.0
112.0 114.0
116.0 115.0
140.0 115.0
116.0 116.0
119.0 117.0
114.0 118.0
116.0 118.0
110.0 118.0
92.0 118.0
98.0 119.0
122.0 119.0
0.0 119.0
123.0 120.0
92.0 120.0
127.0 121.0
127.0 121.0
117.0 121.0
127.0 121.0
119.0 122.0
101.0 122.0
125.0 123.0
132.0 123.0
111.0 123.0
0.0 124.0
0.0 124.0
121.0 124.0
128.0 125.0
150.0 125.0
123.0 125.0
123.0 126.0
0.0 126.0
120.0 128.0
129.0 128.0
0.0 129.0
0.0 130.0
0.0 130.0
135.0 131.0
131.0 131.0
130.0 131.0
119.0 131.0
122.0 131.0
0.0 132.0
0.0 132.0
0.0 133.0
132.0 133.0
145.0 133.0
131.0 134.0
130.0 134.0
134.0 135.0
0.0 136.0
149.0 136.0
0.0 136.0
135.0 138.0
0.0 138.0
0.0 139.0
0.0 139.0
0.0 139.0
140.0 140.0
141.0 141.0
139.0 142.0
151.0 143.0
0.0 143.0
136.0 143.0
0.0 143.0
145.0 143.0
145.0 143.0
145.0 144.0
0.0 144.0
0.0 144.0
0.0 144.0
147.0 144.0
0.0 145.0
0.0 146.0
0.0 146.0
145.0 146.0
147.0 146.0
0.0 147.0
138.0 147.0
0.0 147.0
140.0 149.0
0.0 149.0
0.0 149.0
0.0 150.0
0.0 150.0
135.0 151.0
0.0 151.0
150.0 151.0
0.0 153.0
0.0 155.0
0.0 155.0
0.0 165.0
0.0 168.0
0.0 169.0
164.0 171.0
