80.0 0.0
55.0 0.0
212.0 0.0
66.0 64.0
102.0 81.0
90.0 95.0
71.0 103.0
0.0 122.0
121.0 124.0
0.0 128.0
0.0 130.0
137.0 132.0
146.0 146.0
115.0 149.0
151.0 150.0
163.0 157.0
93.0 158.0
161.0 159.0
255.0 159.0
157.0 161.0
153.0 162.0
0.0 162.0
164.0 163.0
140.0 164.0
160.0 166.0
165.0 170.0
175.0 170.0
176.0 171.0
156.0 172.0
147.0 177.0
94.0 177.0
178.0 178.0
188.0 183.0
186.0 184.0
169.0 185.0
197.0 196.0
188.0 198.0
255.0 204.0
206.0 207.0
194.0 209.0
0.0 211.0
213.0 212.0
197.0 215.0
255.0 221.0
0.0 223.0
255.0 255.0
129.0 255.0
160.0 255.0
156.0 255.0
