192.0 0.0
212.0 0.0
70.0 58.0
255.0 131.0
138.0 142.0
255.0 142.0
149.0 145.0
146.0 146.0
149.0 151.0
153.0 151.0
255.0 153.0
255.0 154.0
161.0 155.0
255.0 156.0
159.0 157.0
163.0 157.0
255.0 158.0
159.0 159.0
255.0 159.0
161.0 159.0
160.0 161.0
255.0 163.0
255.0 163.0
162.0 163.0
138.0 164.0
122.0 165.0
159.0 167.0
175.0 170.0
170.0 171.0
187.0 173.0
171.0 174.0
255.0 177.0
177.0 177.0
190.0 183.0
169.0 185.0
255.0 188.0
174.0 190.0
205.0 212.0
211.0 214.0
160.0 255.0
143.0 255.0
160.0 255.0
167.0 255.0
