1.0 41.54769857076876
2.0 40.86113996084347
3.0 40.255412120521044
4.0 38.7689685818662
5.0 37.920065138388956
6.0 36.99422065525435
7.0 36.172654660350275
8.0 36.10059537063356
9.0 35.321659734575654
10.0 34.85068771532841
11.0 34.56102868726556
12.0 34.41564999410687
13.0 34.124372808110294
14.0 34.0131895998532
15.0 33.876623810378625
16.0 33.82302377600837
17.0 33.69418417711366
18.0 33.653487780332085
19.0 33.562415589525465
20.0 33.514409698739364
21.0 33.4624951733975
22.0 33.39492533454878
23.0 33.35237571640675
24.0 33.32702147749293
25.0 33.30024653005126
26.0 33.27255885968488
27.0 33.25222554021481
28.0 33.23955823498991
29.0 33.23115238908519
30.0 33.21403437882933
31.0 33.19744006225592
32.0 33.18946493937039
33.0 33.18640460098318
34.0 33.182848988434415
35.0 33.1777435867953
36.0 33.17275914847577
37.0 33.167519062916774
38.0 33.16450592798637
39.0 33.159440861382606
40.0 33.15780193120501
41.0 33.154506131807906
42.0 33.15333572583444
43.0 33.15073133748461
44.0 33.149948121766606
45.0 33.1490617174884
46.0 33.14824560942623
47.0 33.14803278420668
48.0 33.14851955491488
49.0 33.14841396497281
50.0 33.14790410341286
