1.0 37.850431930081065
2.0 34.70799776544948
3.0 34.241809810601595
4.0 33.50712797815574
5.0 32.949193144702086
6.0 32.325654988727806
7.0 31.575907036942194
8.0 31.16232346583291
9.0 30.71628996075319
10.0 30.50752714128007
11.0 30.3118588452037
12.0 29.99084143727888
13.0 29.85981988362202
14.0 29.75312689866006
15.0 29.605788346776663
16.0 29.537713111273604
17.0 29.45080144423953
18.0 29.38506927842778
19.0 29.323748765712867
20.0 29.268761460610115
21.0 29.234067699657118
22.0 29.197779470956498
23.0 29.17589909078191
24.0 29.15166735319912
25.0 29.1245722723734
26.0 29.112912280351296
27.0 29.09416303160327
28.0 29.087707269363566
29.0 29.076901215082994
30.0 29.06694109636568
31.0 29.059731645187064
32.0 29.05310711969209
33.0 29.04710718826752
34.0 29.043244698086728
35.0 29.0384154525734
36.0 29.035254368469513
37.0 29.031809661863058
38.0 29.029421384959868
39.0 29.02812820595286
40.0 29.02623849848163
41.0 29.024798176042307
42.0 29.023953361954135
43.0 29.023007620537093
44.0 29.022183372432295
45.0 29.021304591238785
46.0 29.020602290153747
47.0 29.01994086927762
48.0 29.019521769326897
49.0 29.019220800725076
50.0 29.018839871127252
