179.0 0.0
157.0 152.0
255.0 156.0
165.0 158.0
255.0 163.0
164.0 163.0
255.0 166.0
168.0 166.0
168.0 167.0
171.0 168.0
175.0 170.0
255.0 173.0
176.0 174.0
182.0 175.0
177.0 176.0
190.0 178.0
178.0 178.0
255.0 178.0
165.0 179.0
183.0 180.0
184.0 185.0
184.0 185.0
190.0 186.0
202.0 188.0
188.0 189.0
255.0 189.0
192.0 190.0
200.0 190.0
198.0 194.0
195.0 194.0
197.0 197.0
201.0 199.0
199.0 200.0
204.0 201.0
199.0 201.0
255.0 202.0
205.0 202.0
255.0 204.0
204.0 204.0
207.0 207.0
210.0 208.0
255.0 210.0
206.0 211.0
204.0 216.0
215.0 217.0
255.0 221.0
160.0 255.0
166.0 255.0
212.0 255.0
167.0 255.0
