146.0 0.0
176.0 0.0
103.0 101.0
89.0 101.0
107.0 102.0
109.0 102.0
110.0 106.0
108.0 108.0
112.0 111.0
118.0 113.0
143.0 113.0
115.0 115.0
116.0 116.0
119.0 118.0
122.0 121.0
126.0 122.0
119.0 122.0
132.0 123.0
129.0 123.0
130.0 124.0
116.0 124.0
125.0 126.0
129.0 127.0
130.0 129.0
146.0 129.0
142.0 129.0
126.0 129.0
132.0 130.0
129.0 130.0
129.0 130.0
133.0 130.0
133.0 130.0
132.0 131.0
135.0 131.0
134.0 132.0
130.0 132.0
134.0 134.0
132.0 134.0
141.0 134.0
138.0 137.0
138.0 137.0
136.0 138.0
138.0 139.0
140.0 140.0
140.0 141.0
141.0 142.0
134.0 142.0
137.0 142.0
143.0 142.0
146.0 143.0
141.0 143.0
145.0 143.0
145.0 143.0
142.0 144.0
147.0 144.0
145.0 145.0
134.0 145.0
143.0 145.0
139.0 145.0
142.0 146.0
141.0 147.0
150.0 147.0
0.0 148.0
145.0 148.0
147.0 149.0
152.0 149.0
139.0 149.0
151.0 149.0
137.0 150.0
144.0 151.0
151.0 151.0
155.0 151.0
152.0 151.0
152.0 151.0
152.0 151.0
152.0 152.0
152.0 152.0
157.0 152.0
153.0 153.0
157.0 154.0
0.0 154.0
139.0 154.0
153.0 155.0
152.0 156.0
151.0 156.0
152.0 157.0
162.0 162.0
144.0 163.0
163.0 167.0
154.0 168.0
173.0 169.0
139.0 169.0
162.0 170.0
166.0 171.0
155.0 255.0
0.0 255.0
0.0 255.0
128.0 255.0
150.0 255.0
133.0 255.0
