63.0 62.0
170.0 115.0
144.0 138.0
144.0 139.0
255.0 140.0
142.0 140.0
255.0 143.0
255.0 144.0
151.0 145.0
255.0 145.0
148.0 149.0
151.0 151.0
151.0 151.0
149.0 152.0
153.0 153.0
159.0 154.0
155.0 155.0
165.0 155.0
146.0 157.0
172.0 159.0
158.0 160.0
196.0 160.0
162.0 161.0
161.0 162.0
159.0 162.0
163.0 163.0
171.0 165.0
161.0 165.0
142.0 165.0
167.0 166.0
167.0 168.0
170.0 168.0
168.0 169.0
174.0 171.0
170.0 171.0
176.0 171.0
174.0 172.0
175.0 174.0
183.0 175.0
255.0 176.0
180.0 177.0
183.0 180.0
179.0 181.0
255.0 181.0
185.0 184.0
185.0 186.0
191.0 188.0
181.0 190.0
188.0 190.0
191.0 192.0
197.0 199.0
199.0 199.0
198.0 200.0
206.0 204.0
218.0 214.0
159.0 255.0
152.0 255.0
148.0 255.0
186.0 255.0
158.0 255.0
182.0 255.0
162.0 255.0
148.0 255.0
255.0 255.0
167.0 255.0
