88.0 88.0
255.0 170.0
185.0 171.0
182.0 181.0
185.0 183.0
188.0 184.0
186.0 185.0
190.0 188.0
191.0 190.0
187.0 191.0
197.0 191.0
200.0 191.0
192.0 191.0
192.0 191.0
199.0 192.0
255.0 192.0
195.0 192.0
193.0 194.0
199.0 195.0
196.0 195.0
195.0 197.0
199.0 197.0
198.0 197.0
200.0 197.0
206.0 198.0
203.0 198.0
255.0 198.0
199.0 198.0
196.0 199.0
204.0 199.0
201.0 199.0
207.0 200.0
201.0 200.0
201.0 200.0
201.0 201.0
204.0 201.0
200.0 202.0
202.0 202.0
200.0 203.0
202.0 203.0
205.0 203.0
206.0 203.0
202.0 204.0
203.0 204.0
205.0 204.0
203.0 204.0
255.0 205.0
202.0 206.0
0.0 206.0
204.0 206.0
200.0 206.0
206.0 207.0
208.0 207.0
204.0 207.0
207.0 207.0
212.0 210.0
255.0 210.0
212.0 212.0
201.0 255.0
255.0 255.0
166.0 255.0
