60.0 0.0
155.0 62.0
103.0 101.0
136.0 114.0
255.0 115.0
98.0 119.0
120.0 127.0
134.0 129.0
129.0 130.0
130.0 130.0
133.0 132.0
131.0 132.0
128.0 132.0
138.0 135.0
137.0 136.0
137.0 137.0
137.0 137.0
143.0 138.0
0.0 138.0
152.0 142.0
153.0 144.0
139.0 144.0
142.0 145.0
136.0 146.0
147.0 146.0
146.0 148.0
149.0 149.0
141.0 150.0
153.0 151.0
153.0 152.0
153.0 153.0
154.0 154.0
148.0 154.0
155.0 156.0
156.0 156.0
0.0 171.0
255.0 192.0
155.0 195.0
193.0 198.0
125.0 255.0
142.0 255.0
