97.0 0.0
0.0 0.0
55.0 50.0
51.0 51.0
100.0 52.0
60.0 55.0
80.0 56.0
0.0 57.0
84.0 58.0
55.0 59.0
60.0 59.0
66.0 59.0
63.0 60.0
59.0 64.0
69.0 64.0
78.0 64.0
63.0 65.0
60.0 66.0
58.0 66.0
83.0 71.0
107.0 73.0
81.0 75.0
84.0 84.0
88.0 85.0
101.0 88.0
80.0 88.0
0.0 91.0
88.0 94.0
78.0 95.0
96.0 96.0
0.0 96.0
95.0 98.0
102.0 99.0
105.0 100.0
103.0 101.0
102.0 106.0
0.0 106.0
100.0 107.0
114.0 112.0
0.0 120.0
92.0 124.0
130.0 127.0
0.0 127.0
0.0 129.0
0.0 130.0
133.0 132.0
0.0 133.0
83.0 137.0
0.0 255.0
