0.0 62.0
255.0 91.0
255.0 97.0
104.0 103.0
112.0 106.0
132.0 106.0
255.0 107.0
106.0 109.0
132.0 110.0
114.0 113.0
131.0 114.0
110.0 118.0
116.0 119.0
118.0 119.0
124.0 119.0
128.0 124.0
133.0 130.0
131.0 130.0
135.0 135.0
135.0 136.0
145.0 138.0
135.0 138.0
0.0 139.0
139.0 139.0
255.0 140.0
136.0 140.0
142.0 140.0
125.0 141.0
142.0 142.0
146.0 145.0
144.0 145.0
144.0 146.0
139.0 147.0
147.0 147.0
143.0 147.0
150.0 150.0
153.0 157.0
162.0 163.0
168.0 199.0
187.0 207.0
120.0 255.0
