108.0 0.0
0.0 0.0
98.0 0.0
107.0 0.0
0.0 0.0
120.0 0.0
255.0 0.0
112.0 0.0
102.0 0.0
66.0 0.0
108.0 0.0
54.0 49.0
66.0 52.0
54.0 55.0
58.0 57.0
60.0 57.0
55.0 59.0
255.0 59.0
63.0 60.0
59.0 61.0
255.0 61.0
56.0 61.0
62.0 61.0
57.0 62.0
69.0 62.0
106.0 63.0
68.0 64.0
60.0 65.0
74.0 65.0
63.0 65.0
65.0 67.0
67.0 68.0
72.0 68.0
255.0 69.0
68.0 69.0
255.0 69.0
80.0 70.0
105.0 71.0
72.0 71.0
68.0 73.0
74.0 73.0
88.0 74.0
69.0 75.0
82.0 76.0
72.0 77.0
78.0 79.0
78.0 79.0
69.0 80.0
83.0 80.0
255.0 81.0
255.0 81.0
77.0 81.0
88.0 82.0
80.0 84.0
132.0 84.0
66.0 84.0
81.0 85.0
0.0 85.0
98.0 86.0
86.0 86.0
70.0 86.0
83.0 87.0
0.0 90.0
73.0 90.0
71.0 90.0
90.0 91.0
93.0 92.0
95.0 92.0
82.0 92.0
101.0 93.0
88.0 94.0
90.0 94.0
89.0 95.0
97.0 96.0
80.0 97.0
97.0 98.0
84.0 98.0
101.0 99.0
93.0 99.0
98.0 99.0
102.0 99.0
0.0 99.0
97.0 99.0
99.0 100.0
97.0 100.0
89.0 101.0
86.0 101.0
91.0 101.0
104.0 102.0
78.0 102.0
103.0 102.0
98.0 102.0
103.0 103.0
105.0 103.0
102.0 103.0
100.0 103.0
103.0 104.0
106.0 104.0
104.0 104.0
110.0 104.0
105.0 105.0
88.0 105.0
106.0 106.0
106.0 106.0
0.0 106.0
54.0 106.0
0.0 107.0
105.0 107.0
107.0 108.0
109.0 109.0
96.0 110.0
110.0 110.0
69.0 110.0
81.0 110.0
100.0 111.0
108.0 111.0
90.0 113.0
88.0 114.0
0.0 115.0
100.0 116.0
122.0 119.0
83.0 119.0
102.0 120.0
92.0 124.0
122.0 127.0
85.0 128.0
83.0 137.0
