78.0 0.0
142.0 0.0
120.0 0.0
99.0 0.0
159.0 0.0
89.0 58.0
66.0 59.0
65.0 66.0
76.0 75.0
75.0 75.0
90.0 80.0
53.0 80.0
83.0 83.0
255.0 83.0
88.0 85.0
94.0 88.0
97.0 90.0
98.0 90.0
71.0 93.0
116.0 93.0
94.0 93.0
101.0 95.0
113.0 95.0
255.0 96.0
83.0 96.0
96.0 96.0
103.0 97.0
119.0 97.0
98.0 98.0
95.0 98.0
96.0 100.0
88.0 101.0
103.0 101.0
99.0 101.0
105.0 101.0
102.0 103.0
100.0 103.0
84.0 103.0
105.0 103.0
96.0 103.0
110.0 105.0
90.0 105.0
100.0 105.0
86.0 105.0
255.0 106.0
106.0 106.0
125.0 106.0
255.0 107.0
106.0 107.0
107.0 107.0
112.0 107.0
107.0 109.0
94.0 109.0
116.0 110.0
112.0 110.0
104.0 110.0
135.0 110.0
111.0 111.0
91.0 111.0
255.0 111.0
113.0 113.0
255.0 113.0
0.0 113.0
114.0 115.0
114.0 116.0
109.0 119.0
0.0 119.0
121.0 120.0
122.0 121.0
122.0 121.0
162.0 122.0
124.0 122.0
125.0 123.0
99.0 123.0
123.0 124.0
111.0 124.0
112.0 124.0
133.0 126.0
119.0 128.0
128.0 128.0
124.0 129.0
130.0 129.0
129.0 129.0
132.0 130.0
133.0 130.0
128.0 131.0
123.0 131.0
131.0 132.0
141.0 132.0
0.0 132.0
131.0 132.0
113.0 133.0
88.0 133.0
124.0 133.0
136.0 134.0
134.0 136.0
119.0 136.0
0.0 137.0
149.0 137.0
151.0 138.0
123.0 139.0
139.0 140.0
0.0 140.0
125.0 140.0
153.0 144.0
152.0 145.0
138.0 146.0
145.0 147.0
157.0 152.0
124.0 157.0
152.0 159.0
132.0 163.0
174.0 189.0
160.0 191.0
