142.0 0.0
143.0 0.0
132.0 0.0
197.0 0.0
146.0 0.0
159.0 0.0
192.0 0.0
137.0 0.0
143.0 0.0
90.0 80.0
110.0 82.0
126.0 89.0
98.0 96.0
103.0 101.0
105.0 101.0
255.0 104.0
111.0 110.0
112.0 111.0
110.0 112.0
0.0 113.0
115.0 115.0
157.0 115.0
255.0 115.0
122.0 119.0
124.0 122.0
123.0 124.0
123.0 124.0
130.0 124.0
130.0 128.0
135.0 130.0
133.0 132.0
132.0 132.0
134.0 133.0
134.0 135.0
134.0 136.0
135.0 137.0
137.0 137.0
136.0 138.0
139.0 138.0
144.0 139.0
0.0 140.0
136.0 142.0
142.0 142.0
148.0 145.0
145.0 147.0
134.0 150.0
151.0 151.0
156.0 156.0
0.0 168.0
