155.0 0.0
114.0 89.0
94.0 92.0
109.0 102.0
102.0 103.0
103.0 103.0
104.0 106.0
109.0 108.0
140.0 108.0
114.0 114.0
116.0 117.0
131.0 118.0
122.0 119.0
115.0 120.0
126.0 122.0
124.0 123.0
0.0 124.0
121.0 124.0
118.0 126.0
127.0 128.0
134.0 128.0
0.0 128.0
130.0 131.0
136.0 134.0
137.0 135.0
130.0 136.0
149.0 139.0
143.0 146.0
0.0 146.0
147.0 146.0
145.0 146.0
151.0 148.0
149.0 149.0
144.0 149.0
144.0 151.0
153.0 152.0
139.0 154.0
0.0 155.0
156.0 156.0
158.0 157.0
128.0 161.0
165.0 163.0
170.0 171.0
0.0 172.0
128.0 255.0
