62.0 0.0
0.0 0.0
57.0 0.0
65.0 0.0
255.0 0.0
255.0 0.0
63.0 0.0
65.0 0.0
109.0 0.0
91.0 0.0
0.0 0.0
76.0 0.0
60.0 0.0
105.0 0.0
74.0 0.0
61.0 0.0
255.0 0.0
57.0 0.0
69.0 0.0
110.0 0.0
65.0 0.0
72.0 0.0
59.0 0.0
58.0 0.0
0.0 0.0
58.0 0.0
54.0 0.0
75.0 0.0
90.0 0.0
43.0 41.0
47.0 45.0
45.0 46.0
47.0 46.0
51.0 47.0
0.0 47.0
51.0 49.0
100.0 49.0
47.0 50.0
52.0 50.0
58.0 50.0
50.0 51.0
0.0 52.0
54.0 52.0
66.0 52.0
58.0 52.0
74.0 52.0
0.0 52.0
60.0 53.0
52.0 53.0
57.0 53.0
59.0 54.0
56.0 54.0
52.0 54.0
84.0 54.0
60.0 54.0
56.0 54.0
54.0 54.0
51.0 54.0
54.0 54.0
72.0 54.0
52.0 55.0
55.0 55.0
59.0 55.0
60.0 55.0
55.0 55.0
53.0 55.0
57.0 55.0
75.0 55.0
0.0 55.0
57.0 56.0
56.0 56.0
60.0 56.0
59.0 56.0
56.0 56.0
54.0 56.0
56.0 56.0
77.0 56.0
58.0 56.0
74.0 56.0
64.0 56.0
70.0 56.0
60.0 56.0
57.0 57.0
61.0 57.0
0.0 57.0
0.0 57.0
54.0 57.0
57.0 57.0
56.0 57.0
60.0 58.0
56.0 58.0
55.0 58.0
61.0 58.0
53.0 58.0
255.0 58.0
55.0 58.0
59.0 58.0
60.0 58.0
59.0 58.0
58.0 58.0
59.0 58.0
51.0 58.0
66.0 58.0
56.0 59.0
0.0 59.0
62.0 59.0
0.0 59.0
62.0 59.0
66.0 59.0
53.0 59.0
66.0 59.0
62.0 59.0
63.0 59.0
65.0 59.0
60.0 59.0
59.0 59.0
55.0 59.0
255.0 59.0
56.0 59.0
255.0 59.0
60.0 59.0
53.0 59.0
58.0 59.0
60.0 60.0
63.0 60.0
64.0 60.0
65.0 60.0
57.0 60.0
56.0 60.0
96.0 60.0
61.0 60.0
0.0 60.0
58.0 60.0
62.0 60.0
58.0 60.0
59.0 60.0
0.0 60.0
64.0 61.0
62.0 61.0
59.0 61.0
59.0 61.0
67.0 61.0
70.0 61.0
58.0 62.0
255.0 62.0
58.0 62.0
62.0 62.0
57.0 62.0
71.0 62.0
76.0 62.0
59.0 62.0
55.0 62.0
70.0 62.0
56.0 62.0
60.0 63.0
64.0 63.0
62.0 63.0
61.0 63.0
57.0 63.0
66.0 63.0
65.0 63.0
56.0 63.0
61.0 63.0
57.0 63.0
55.0 63.0
59.0 64.0
69.0 64.0
69.0 64.0
255.0 64.0
54.0 64.0
66.0 64.0
66.0 64.0
58.0 64.0
61.0 64.0
63.0 64.0
58.0 64.0
57.0 64.0
0.0 64.0
66.0 65.0
65.0 65.0
0.0 65.0
68.0 65.0
61.0 65.0
67.0 65.0
57.0 65.0
65.0 65.0
76.0 65.0
85.0 65.0
255.0 65.0
57.0 65.0
60.0 65.0
63.0 66.0
59.0 66.0
0.0 66.0
56.0 66.0
60.0 66.0
67.0 66.0
61.0 66.0
0.0 66.0
51.0 67.0
73.0 67.0
72.0 67.0
63.0 67.0
0.0 67.0
45.0 67.0
52.0 67.0
61.0 67.0
71.0 67.0
66.0 68.0
62.0 68.0
76.0 68.0
65.0 68.0
78.0 68.0
71.0 69.0
82.0 69.0
65.0 69.0
67.0 69.0
63.0 69.0
47.0 69.0
66.0 69.0
69.0 69.0
0.0 69.0
70.0 69.0
69.0 70.0
76.0 70.0
75.0 70.0
60.0 70.0
71.0 70.0
90.0 70.0
58.0 70.0
72.0 70.0
70.0 71.0
61.0 71.0
63.0 71.0
0.0 71.0
54.0 72.0
77.0 72.0
71.0 72.0
55.0 73.0
78.0 73.0
75.0 73.0
63.0 74.0
61.0 74.0
97.0 74.0
65.0 74.0
0.0 74.0
79.0 76.0
63.0 76.0
60.0 76.0
49.0 77.0
73.0 77.0
78.0 77.0
85.0 78.0
77.0 78.0
60.0 78.0
61.0 79.0
88.0 79.0
75.0 79.0
82.0 79.0
59.0 79.0
54.0 80.0
85.0 80.0
0.0 80.0
75.0 81.0
60.0 81.0
61.0 81.0
74.0 82.0
64.0 82.0
69.0 82.0
52.0 83.0
70.0 83.0
62.0 83.0
78.0 83.0
59.0 84.0
65.0 84.0
89.0 85.0
85.0 85.0
69.0 85.0
69.0 85.0
78.0 86.0
67.0 86.0
89.0 88.0
0.0 88.0
59.0 88.0
92.0 89.0
68.0 90.0
91.0 91.0
0.0 91.0
123.0 92.0
75.0 93.0
64.0 93.0
72.0 94.0
50.0 94.0
96.0 95.0
58.0 97.0
89.0 97.0
69.0 99.0
66.0 99.0
0.0 99.0
78.0 103.0
75.0 104.0
69.0 104.0
76.0 106.0
63.0 113.0
0.0 114.0
88.0 115.0
75.0 115.0
92.0 137.0
