161.0 0.0
114.0 0.0
75.0 0.0
82.0 58.0
72.0 68.0
78.0 74.0
79.0 78.0
93.0 80.0
68.0 82.0
255.0 83.0
95.0 85.0
91.0 88.0
103.0 89.0
100.0 96.0
0.0 96.0
110.0 97.0
90.0 101.0
102.0 103.0
90.0 105.0
106.0 105.0
105.0 105.0
112.0 105.0
107.0 107.0
255.0 107.0
107.0 107.0
108.0 108.0
108.0 108.0
108.0 109.0
101.0 111.0
118.0 111.0
118.0 113.0
114.0 115.0
116.0 116.0
122.0 122.0
122.0 124.0
117.0 128.0
132.0 133.0
108.0 135.0
123.0 138.0
138.0 139.0
141.0 143.0
