100.0 52.0
0.0 57.0
55.0 59.0
66.0 59.0
63.0 60.0
0.0 60.0
69.0 62.0
102.0 81.0
121.0 82.0
88.0 85.0
80.0 88.0
0.0 91.0
82.0 92.0
98.0 93.0
94.0 93.0
96.0 96.0
83.0 96.0
96.0 96.0
87.0 98.0
105.0 100.0
99.0 101.0
104.0 101.0
104.0 102.0
106.0 104.0
107.0 106.0
102.0 106.0
108.0 107.0
111.0 107.0
110.0 110.0
114.0 112.0
137.0 113.0
115.0 113.0
112.0 117.0
102.0 120.0
0.0 122.0
123.0 124.0
111.0 124.0
92.0 124.0
130.0 127.0
85.0 128.0
129.0 129.0
132.0 133.0
109.0 136.0
83.0 137.0
153.0 144.0
147.0 148.0
255.0 149.0
141.0 151.0
152.0 159.0
114.0 166.0
143.0 169.0
76.0 255.0
0.0 255.0
67.0 255.0
0.0 255.0
0.0 255.0
91.0 255.0
0.0 255.0
55.0 255.0
129.0 255.0
135.0 255.0
84.0 255.0
