57.87711499125178 57.867483029931485
66.46344646265688 61.54786331796793
75.62809342873895 62.58045052109615
60.99473647049477 63.789124290233225
64.09204079732753 63.941065627058734
65.30524536465781 65.81385515265079
68.22983067797506 70.89099417655669
58.78406286636396 71.52996596309407
75.67289904854599 72.84885433479778
62.049045784545726 76.83626878915398
81.02523476479851 78.79246056849809
113.69684535871657 81.19996271695352
134.77299259984358 83.15404315389007
143.50337965439059 85.51824924407615
81.78873077191292 87.00730092397055
92.5097527713912 88.9239018857275
123.90810191828908 89.82950167253972
96.08086067114719 90.63485757324679
69.2148295509911 95.03086515827
149.25242332770037 98.01396437209968
100.83940687993525 100.6220422443818
93.98414825092037 104.3195851775341
138.40644520770522 104.79274747386029
107.12221168286716 107.52886705703074
115.85756849751876 112.25306118320269
122.56302370383749 114.09693500673492
127.26648631525363 114.93346806838814
77.4706130063888 115.99230469129589
120.39825704605526 117.09906404518654
97.2618730261174 119.61650176625635
126.7640873976979 120.33598872489821
81.76866138897668 120.36699891749223
130.72684632887834 130.28199930945632
133.4807288459151 137.99521950834247
149.01618700295327 138.35888397336512
69.88123296172397 138.84897282413488
166.84541652694796 142.16030282090392
137.19363753717477 143.03982892307423
144.56714706585515 143.68652343193085
99.61629190821759 144.57731545625347
151.9372577468277 145.78607936515257
142.51265220621272 147.48916673941386
128.98272977339636 149.82476025434985
239.79049816920963 153.59874212248153
146.856495870062 156.06303026245004
157.00015765043196 156.65564329838597
158.4667741226573 162.90810187854277
88.96237945034255 162.96599208654905
174.61612628889068 163.93483448271434
147.07764293764689 166.75275890490923
77.4320745991274 166.93374443487681
173.82694788296308 172.2694161432001
195.47227185907025 181.61912889370333
139.59777586655488 181.6979605943146
188.32896503645904 182.9262858586545
187.64647431527675 185.58034115917852
194.7030479727616 187.6400213407766
175.18796481019754 188.88837980760454
170.98060450013506 194.30641582469568
199.94853439199332 198.281054400808
190.9962054609704 198.48284539490032
203.64662079404582 199.47154641163726
200.7391000870845 204.5191362743053
200.80131364130156 211.44216689811935
