105.0 0.0
178.0 0.0
212.0 0.0
133.0 0.0
0.0 0.0
151.0 0.0
156.0 0.0
172.0 0.0
145.0 0.0
44.0 69.0
99.0 95.0
99.0 96.0
102.0 97.0
103.0 102.0
133.0 102.0
102.0 103.0
106.0 104.0
109.0 105.0
108.0 106.0
104.0 106.0
101.0 107.0
111.0 109.0
114.0 112.0
110.0 112.0
118.0 115.0
115.0 115.0
133.0 116.0
0.0 116.0
134.0 119.0
118.0 121.0
127.0 121.0
123.0 121.0
127.0 123.0
125.0 125.0
127.0 126.0
134.0 128.0
131.0 128.0
255.0 130.0
134.0 134.0
136.0 134.0
157.0 135.0
140.0 136.0
142.0 137.0
150.0 138.0
146.0 138.0
141.0 139.0
139.0 139.0
153.0 141.0
0.0 143.0
146.0 145.0
140.0 149.0
0.0 150.0
144.0 151.0
149.0 151.0
151.0 152.0
154.0 154.0
153.0 154.0
156.0 158.0
0.0 158.0
162.0 161.0
165.0 161.0
255.0 177.0
193.0 182.0
189.0 183.0
190.0 194.0
255.0 255.0
