51.0 64.0
78.0 81.0
88.0 82.0
80.0 84.0
75.0 84.0
86.0 85.0
107.0 89.0
97.0 90.0
134.0 101.0
106.0 103.0
105.0 104.0
0.0 111.0
110.0 111.0
92.0 113.0
116.0 113.0
0.0 119.0
121.0 120.0
121.0 120.0
68.0 120.0
0.0 124.0
120.0 128.0
133.0 129.0
128.0 131.0
126.0 131.0
0.0 132.0
124.0 132.0
0.0 132.0
0.0 133.0
134.0 133.0
138.0 135.0
131.0 136.0
133.0 136.0
107.0 139.0
140.0 140.0
0.0 141.0
140.0 146.0
0.0 146.0
147.0 147.0
147.0 149.0
0.0 153.0
0.0 155.0
156.0 155.0
162.0 157.0
160.0 159.0
0.0 159.0
92.0 165.0
0.0 168.0
93.0 188.0
174.0 189.0
0.0 255.0
80.0 255.0
91.0 255.0
