255.0 0.0
52.0 52.0
95.0 94.0
114.0 115.0
170.0 115.0
133.0 125.0
128.0 126.0
128.0 126.0
126.0 126.0
128.0 127.0
115.0 128.0
128.0 130.0
149.0 131.0
131.0 131.0
255.0 133.0
132.0 133.0
150.0 134.0
145.0 136.0
136.0 137.0
133.0 137.0
137.0 137.0
137.0 137.0
143.0 138.0
144.0 138.0
151.0 138.0
147.0 138.0
152.0 139.0
139.0 139.0
146.0 141.0
150.0 141.0
141.0 141.0
144.0 141.0
141.0 142.0
152.0 142.0
146.0 142.0
142.0 143.0
150.0 144.0
146.0 144.0
142.0 145.0
156.0 145.0
153.0 146.0
151.0 146.0
152.0 147.0
143.0 147.0
150.0 147.0
151.0 147.0
151.0 147.0
148.0 148.0
255.0 148.0
151.0 149.0
148.0 149.0
149.0 150.0
255.0 151.0
144.0 151.0
155.0 152.0
152.0 152.0
149.0 152.0
168.0 152.0
151.0 154.0
153.0 154.0
160.0 156.0
156.0 156.0
156.0 157.0
255.0 157.0
156.0 157.0
158.0 157.0
157.0 157.0
166.0 158.0
172.0 159.0
159.0 159.0
162.0 159.0
161.0 159.0
159.0 160.0
158.0 160.0
159.0 160.0
158.0 160.0
160.0 161.0
161.0 162.0
159.0 162.0
167.0 162.0
164.0 164.0
161.0 165.0
142.0 165.0
162.0 167.0
160.0 168.0
168.0 169.0
0.0 171.0
177.0 177.0
0.0 183.0
184.0 187.0
184.0 194.0
204.0 198.0
0.0 209.0
157.0 255.0
155.0 255.0
125.0 255.0
