69.76934960855739 59.76607654282113
65.59427139275198 60.970837111553315
63.93612654578067 66.64426955483768
66.29487091041214 68.86021937678235
99.11936113273202 89.81988170165894
110.07307813270961 92.93216120372209
92.39851934146542 94.49292364405534
106.18834096449343 106.34164090781003
83.41730752805408 111.39910866342977
117.04618233991415 118.10941841993402
123.35536400974885 118.68829209113652
96.2093175494703 118.90571583162937
121.30747226876494 119.72085814444056
122.93319889518835 120.59683345784708
135.3064468098044 123.35137370812149
81.71034325599823 124.62664570950523
87.88609332094954 125.39990381917656
132.5577589165214 131.1681927818427
148.1420193361323 132.57467445648328
145.73675370391527 145.20006358688198
142.83851903732764 148.7677601844028
111.57800389532873 154.9189350214843
156.82137345293603 156.56906933647647
168.81741008306216 169.32360350290568
174.70752518681826 172.08059831454457
174.25286355731848 173.5895044769626
118.48536828567768 174.08101496399868
159.71156067209276 176.93946325497495
188.39624345269874 182.16299697703084
193.82101396692622 191.4784704011908
200.12577153986624 198.4131139435941
201.28196894939154 211.98780438061144
