149.0 0.0
88.0 84.0
112.0 91.0
113.0 98.0
111.0 104.0
136.0 104.0
130.0 105.0
106.0 106.0
0.0 107.0
119.0 114.0
116.0 116.0
113.0 120.0
126.0 120.0
113.0 124.0
125.0 126.0
123.0 126.0
128.0 126.0
120.0 127.0
132.0 128.0
129.0 128.0
150.0 129.0
128.0 130.0
134.0 131.0
128.0 133.0
141.0 135.0
136.0 137.0
141.0 138.0
139.0 142.0
144.0 142.0
0.0 143.0
147.0 144.0
0.0 144.0
0.0 144.0
151.0 147.0
146.0 147.0
0.0 148.0
0.0 148.0
0.0 149.0
0.0 150.0
0.0 151.0
0.0 152.0
152.0 154.0
153.0 154.0
154.0 155.0
0.0 156.0
154.0 156.0
0.0 158.0
0.0 158.0
0.0 159.0
0.0 159.0
160.0 159.0
162.0 159.0
160.0 162.0
169.0 164.0
0.0 187.0
93.0 255.0
0.0 255.0
127.0 255.0
