185.0 0.0
174.0 90.0
110.0 113.0
141.0 131.0
255.0 133.0
147.0 138.0
152.0 139.0
150.0 141.0
153.0 144.0
149.0 145.0
151.0 146.0
166.0 147.0
255.0 149.0
158.0 149.0
149.0 150.0
148.0 150.0
160.0 150.0
153.0 152.0
168.0 152.0
149.0 153.0
151.0 154.0
153.0 154.0
155.0 155.0
162.0 156.0
162.0 157.0
152.0 157.0
159.0 158.0
175.0 159.0
167.0 163.0
167.0 165.0
165.0 168.0
166.0 168.0
171.0 169.0
173.0 171.0
177.0 175.0
141.0 177.0
200.0 200.0
205.0 206.0
168.0 255.0
