87.0 0.0
129.0 0.0
255.0 58.0
60.0 59.0
0.0 90.0
255.0 96.0
98.0 98.0
90.0 105.0
110.0 111.0
111.0 111.0
121.0 119.0
114.0 123.0
0.0 127.0
128.0 128.0
130.0 129.0
132.0 130.0
129.0 131.0
131.0 131.0
131.0 132.0
132.0 133.0
124.0 133.0
130.0 134.0
134.0 136.0
63.0 137.0
123.0 139.0
125.0 140.0
143.0 144.0
145.0 147.0
148.0 149.0
118.0 149.0
142.0 150.0
121.0 154.0
159.0 156.0
180.0 192.0
110.0 255.0
97.0 255.0
138.0 255.0
146.0 255.0
91.0 255.0
0.0 255.0
66.0 255.0
68.0 255.0
