76.0 65.0
99.0 84.0
255.0 107.0
255.0 107.0
106.0 107.0
108.0 109.0
110.0 110.0
255.0 116.0
122.0 117.0
119.0 118.0
122.0 120.0
122.0 122.0
255.0 126.0
255.0 128.0
255.0 129.0
255.0 130.0
255.0 131.0
164.0 131.0
135.0 134.0
136.0 134.0
138.0 134.0
82.0 135.0
255.0 136.0
139.0 137.0
255.0 138.0
144.0 139.0
127.0 140.0
150.0 140.0
143.0 141.0
148.0 142.0
255.0 142.0
255.0 143.0
255.0 144.0
150.0 146.0
255.0 147.0
147.0 149.0
164.0 150.0
152.0 151.0
153.0 152.0
152.0 154.0
155.0 156.0
156.0 156.0
157.0 156.0
255.0 158.0
255.0 158.0
156.0 161.0
160.0 162.0
173.0 178.0
183.0 181.0
160.0 191.0
189.0 193.0
177.0 194.0
195.0 197.0
183.0 198.0
255.0 255.0
135.0 255.0
137.0 255.0
131.0 255.0
123.0 255.0
133.0 255.0
255.0 255.0
130.0 255.0
133.0 255.0
141.0 255.0
124.0 255.0
127.0 255.0
255.0 255.0
125.0 255.0
99.0 255.0
116.0 255.0
126.0 255.0
148.0 255.0
136.0 255.0
126.0 255.0
105.0 255.0
104.0 255.0
127.0 255.0
107.0 255.0
118.0 255.0
160.0 255.0
119.0 255.0
100.0 255.0
159.0 255.0
142.0 255.0
103.0 255.0
174.0 255.0
121.0 255.0
77.0 255.0
95.0 255.0
127.0 255.0
