108.0 0.0
98.0 0.0
107.0 0.0
104.0 0.0
0.0 0.0
109.0 0.0
109.0 0.0
91.0 0.0
96.0 0.0
102.0 0.0
70.0 58.0
60.0 59.0
87.0 81.0
77.0 81.0
88.0 82.0
80.0 84.0
92.0 84.0
93.0 84.0
97.0 85.0
92.0 87.0
86.0 89.0
90.0 91.0
98.0 93.0
101.0 93.0
100.0 95.0
98.0 96.0
93.0 99.0
102.0 99.0
97.0 99.0
91.0 101.0
104.0 102.0
98.0 102.0
103.0 103.0
88.0 103.0
108.0 103.0
105.0 104.0
100.0 104.0
107.0 105.0
106.0 106.0
107.0 107.0
108.0 107.0
110.0 107.0
107.0 108.0
109.0 108.0
100.0 108.0
111.0 109.0
111.0 112.0
102.0 112.0
116.0 115.0
121.0 122.0
