107.0 0.0
107.0 102.0
255.0 118.0
126.0 123.0
255.0 125.0
134.0 131.0
131.0 131.0
255.0 132.0
131.0 132.0
137.0 132.0
133.0 133.0
133.0 133.0
136.0 134.0
132.0 134.0
255.0 134.0
138.0 134.0
255.0 135.0
140.0 135.0
137.0 136.0
149.0 137.0
255.0 138.0
141.0 138.0
255.0 139.0
141.0 142.0
144.0 142.0
143.0 142.0
142.0 143.0
146.0 144.0
142.0 144.0
255.0 146.0
151.0 146.0
151.0 146.0
145.0 146.0
149.0 147.0
148.0 147.0
156.0 152.0
178.0 152.0
152.0 153.0
154.0 153.0
153.0 153.0
146.0 153.0
155.0 154.0
158.0 155.0
156.0 155.0
153.0 159.0
160.0 160.0
162.0 163.0
160.0 164.0
165.0 165.0
164.0 167.0
169.0 169.0
183.0 179.0
137.0 255.0
134.0 255.0
131.0 255.0
156.0 255.0
112.0 255.0
156.0 255.0
138.0 255.0
150.0 255.0
