87.0 0.0
97.0 0.0
60.0 52.0
255.0 58.0
78.0 64.0
72.0 78.0
59.0 78.0
59.0 80.0
102.0 81.0
82.0 81.0
68.0 82.0
121.0 82.0
88.0 82.0
75.0 84.0
88.0 85.0
81.0 86.0
103.0 88.0
101.0 88.0
80.0 88.0
137.0 91.0
75.0 91.0
0.0 91.0
97.0 92.0
97.0 93.0
97.0 93.0
112.0 94.0
106.0 94.0
0.0 96.0
113.0 96.0
0.0 96.0
0.0 96.0
110.0 97.0
113.0 99.0
105.0 100.0
90.0 101.0
134.0 101.0
104.0 102.0
105.0 103.0
102.0 103.0
106.0 104.0
99.0 105.0
110.0 106.0
106.0 106.0
101.0 106.0
108.0 107.0
92.0 107.0
107.0 107.0
121.0 107.0
108.0 109.0
110.0 110.0
82.0 110.0
111.0 110.0
101.0 111.0
111.0 111.0
0.0 111.0
110.0 111.0
106.0 111.0
113.0 112.0
110.0 112.0
111.0 112.0
92.0 113.0
113.0 116.0
112.0 117.0
114.0 118.0
92.0 118.0
117.0 118.0
50.0 119.0
123.0 120.0
123.0 120.0
121.0 120.0
99.0 120.0
68.0 120.0
0.0 120.0
122.0 122.0
123.0 122.0
132.0 123.0
122.0 123.0
110.0 123.0
123.0 124.0
0.0 124.0
121.0 124.0
128.0 125.0
120.0 125.0
0.0 127.0
120.0 128.0
0.0 128.0
131.0 129.0
0.0 129.0
124.0 129.0
135.0 131.0
131.0 131.0
131.0 131.0
128.0 131.0
133.0 132.0
0.0 132.0
0.0 132.0
0.0 132.0
0.0 133.0
134.0 133.0
132.0 133.0
132.0 133.0
145.0 133.0
0.0 133.0
130.0 134.0
137.0 135.0
108.0 135.0
133.0 136.0
0.0 136.0
0.0 139.0
0.0 139.0
138.0 139.0
140.0 140.0
0.0 141.0
143.0 144.0
0.0 144.0
140.0 146.0
0.0 146.0
0.0 147.0
147.0 147.0
147.0 149.0
142.0 150.0
141.0 151.0
0.0 153.0
0.0 154.0
121.0 154.0
0.0 155.0
0.0 155.0
151.0 160.0
128.0 161.0
92.0 165.0
0.0 168.0
133.0 170.0
135.0 174.0
93.0 188.0
180.0 192.0
69.0 194.0
0.0 255.0
0.0 255.0
99.0 255.0
67.0 255.0
80.0 255.0
91.0 255.0
0.0 255.0
98.0 255.0
91.0 255.0
129.0 255.0
66.0 255.0
95.0 255.0
84.0 255.0
