0.0 65.0
132.0 131.0
140.0 140.0
255.0 142.0
255.0 143.0
147.0 144.0
147.0 149.0
150.0 150.0
155.0 152.0
155.0 154.0
161.0 155.0
153.0 155.0
155.0 156.0
154.0 156.0
156.0 156.0
154.0 157.0
154.0 157.0
154.0 157.0
160.0 158.0
158.0 159.0
161.0 159.0
158.0 160.0
160.0 161.0
164.0 163.0
171.0 163.0
166.0 166.0
163.0 167.0
162.0 168.0
170.0 170.0
171.0 173.0
171.0 173.0
176.0 174.0
190.0 183.0
143.0 255.0
159.0 255.0
149.0 255.0
119.0 255.0
159.0 255.0
154.0 255.0
148.0 255.0
137.0 255.0
161.0 255.0
