98.0 88.0
87.0 88.0
137.0 91.0
96.0 96.0
0.0 99.0
103.0 103.0
92.0 104.0
110.0 105.0
108.0 107.0
109.0 108.0
114.0 109.0
111.0 109.0
110.0 109.0
133.0 109.0
69.0 110.0
82.0 110.0
106.0 110.0
109.0 111.0
117.0 111.0
105.0 113.0
119.0 114.0
122.0 115.0
114.0 118.0
119.0 119.0
121.0 122.0
123.0 122.0
122.0 123.0
110.0 123.0
107.0 123.0
124.0 128.0
0.0 128.0
0.0 129.0
127.0 130.0
132.0 132.0
130.0 134.0
133.0 134.0
134.0 136.0
135.0 136.0
147.0 144.0
104.0 145.0
149.0 156.0
159.0 190.0
