0.0 0.0
82.0 0.0
48.0 53.0
80.0 58.0
57.0 62.0
78.0 64.0
63.0 65.0
72.0 68.0
55.0 77.0
72.0 78.0
59.0 78.0
59.0 80.0
82.0 81.0
62.0 83.0
101.0 88.0
137.0 91.0
94.0 92.0
96.0 93.0
113.0 96.0
0.0 96.0
107.0 104.0
107.0 108.0
69.0 110.0
82.0 110.0
106.0 110.0
101.0 111.0
110.0 111.0
106.0 111.0
113.0 112.0
127.0 117.0
114.0 118.0
92.0 118.0
117.0 118.0
50.0 119.0
123.0 120.0
101.0 122.0
111.0 123.0
110.0 123.0
123.0 124.0
121.0 124.0
128.0 125.0
0.0 128.0
131.0 129.0
124.0 129.0
133.0 132.0
132.0 133.0
0.0 133.0
130.0 134.0
137.0 135.0
108.0 135.0
0.0 139.0
138.0 139.0
104.0 145.0
0.0 147.0
151.0 160.0
128.0 161.0
160.0 166.0
133.0 170.0
135.0 174.0
