56.0 59.0
141.0 106.0
143.0 124.0
128.0 125.0
132.0 131.0
127.0 134.0
147.0 137.0
152.0 138.0
142.0 142.0
146.0 142.0
141.0 143.0
152.0 144.0
143.0 144.0
145.0 144.0
152.0 146.0
151.0 147.0
255.0 147.0
151.0 148.0
157.0 149.0
149.0 149.0
151.0 150.0
151.0 150.0
151.0 151.0
151.0 151.0
155.0 152.0
153.0 153.0
155.0 153.0
153.0 153.0
156.0 153.0
150.0 153.0
157.0 154.0
156.0 154.0
156.0 154.0
154.0 154.0
153.0 154.0
153.0 154.0
156.0 154.0
157.0 155.0
156.0 155.0
152.0 156.0
156.0 156.0
155.0 156.0
156.0 156.0
155.0 157.0
157.0 157.0
157.0 158.0
155.0 158.0
151.0 159.0
159.0 160.0
162.0 162.0
163.0 162.0
169.0 163.0
166.0 165.0
166.0 165.0
169.0 168.0
169.0 170.0
146.0 255.0
143.0 255.0
