109.0 0.0
124.0 0.0
141.0 0.0
108.0 0.0
119.0 0.0
99.0 0.0
255.0 0.0
255.0 59.0
255.0 60.0
255.0 62.0
142.0 74.0
81.0 78.0
123.0 79.0
90.0 82.0
255.0 85.0
255.0 92.0
106.0 94.0
255.0 94.0
127.0 97.0
105.0 98.0
106.0 99.0
107.0 99.0
104.0 103.0
255.0 106.0
255.0 107.0
255.0 108.0
255.0 108.0
106.0 108.0
255.0 108.0
255.0 109.0
91.0 111.0
119.0 111.0
127.0 117.0
93.0 117.0
255.0 119.0
255.0 123.0
135.0 129.0
137.0 134.0
136.0 134.0
133.0 134.0
147.0 134.0
139.0 141.0
137.0 142.0
120.0 157.0
209.0 171.0
255.0 255.0
