52.0 53.0
50.0 55.0
255.0 57.0
55.0 59.0
255.0 61.0
255.0 61.0
62.0 62.0
59.0 63.0
66.0 63.0
255.0 63.0
65.0 63.0
69.0 64.0
52.0 64.0
68.0 64.0
255.0 64.0
255.0 69.0
107.0 73.0
255.0 74.0
255.0 74.0
255.0 75.0
67.0 75.0
255.0 75.0
73.0 76.0
76.0 79.0
255.0 81.0
109.0 82.0
58.0 83.0
255.0 85.0
68.0 86.0
121.0 91.0
255.0 93.0
104.0 98.0
67.0 104.0
130.0 105.0
102.0 106.0
104.0 106.0
111.0 109.0
59.0 111.0
59.0 114.0
255.0 115.0
115.0 116.0
97.0 118.0
97.0 118.0
94.0 119.0
255.0 124.0
98.0 124.0
113.0 131.0
105.0 133.0
111.0 142.0
143.0 169.0
138.0 185.0
172.0 203.0
59.0 255.0
76.0 255.0
57.0 255.0
0.0 255.0
0.0 255.0
0.0 255.0
91.0 255.0
87.0 255.0
49.0 255.0
58.0 255.0
0.0 255.0
98.0 255.0
72.0 255.0
104.0 255.0
83.0 255.0
59.0 255.0
255.0 255.0
0.0 255.0
61.0 255.0
0.0 255.0
52.0 255.0
100.0 255.0
0.0 255.0
0.0 255.0
71.0 255.0
63.0 255.0
94.0 255.0
67.0 255.0
58.0 255.0
98.0 255.0
91.0 255.0
51.0 255.0
55.0 255.0
103.0 255.0
0.0 255.0
0.0 255.0
60.0 255.0
55.0 255.0
0.0 255.0
78.0 255.0
63.0 255.0
58.0 255.0
62.0 255.0
132.0 255.0
70.0 255.0
61.0 255.0
255.0 255.0
59.0 255.0
57.0 255.0
67.0 255.0
66.0 255.0
80.0 255.0
60.0 255.0
98.0 255.0
86.0 255.0
