84.0 54.0
255.0 106.0
110.0 110.0
145.0 128.0
255.0 133.0
255.0 136.0
255.0 140.0
134.0 141.0
255.0 144.0
147.0 144.0
155.0 145.0
255.0 146.0
145.0 146.0
148.0 148.0
152.0 149.0
150.0 149.0
150.0 150.0
149.0 151.0
155.0 151.0
155.0 153.0
153.0 153.0
154.0 154.0
155.0 155.0
154.0 156.0
255.0 156.0
158.0 157.0
255.0 158.0
164.0 161.0
255.0 161.0
255.0 161.0
162.0 162.0
160.0 162.0
255.0 163.0
156.0 164.0
165.0 165.0
255.0 168.0
161.0 169.0
163.0 170.0
166.0 171.0
177.0 177.0
162.0 179.0
193.0 182.0
182.0 183.0
174.0 190.0
190.0 191.0
195.0 197.0
200.0 198.0
155.0 255.0
135.0 255.0
255.0 255.0
131.0 255.0
142.0 255.0
142.0 255.0
133.0 255.0
