255.0 0.0
135.0 0.0
128.0 0.0
143.0 0.0
131.0 0.0
144.0 0.0
98.0 88.0
107.0 89.0
85.0 95.0
127.0 97.0
106.0 99.0
102.0 99.0
107.0 99.0
0.0 100.0
104.0 103.0
106.0 103.0
255.0 104.0
109.0 105.0
107.0 106.0
119.0 106.0
132.0 106.0
100.0 107.0
120.0 108.0
120.0 109.0
112.0 109.0
106.0 109.0
117.0 109.0
117.0 111.0
91.0 111.0
119.0 111.0
113.0 111.0
114.0 112.0
117.0 112.0
113.0 112.0
110.0 113.0
137.0 113.0
105.0 113.0
131.0 114.0
116.0 115.0
122.0 115.0
123.0 115.0
127.0 117.0
122.0 118.0
116.0 118.0
119.0 118.0
125.0 120.0
117.0 121.0
119.0 121.0
101.0 122.0
119.0 123.0
126.0 123.0
120.0 123.0
120.0 123.0
111.0 123.0
122.0 123.0
123.0 123.0
120.0 123.0
122.0 123.0
125.0 124.0
124.0 125.0
130.0 125.0
129.0 125.0
127.0 126.0
123.0 126.0
118.0 126.0
126.0 127.0
124.0 127.0
128.0 128.0
124.0 128.0
130.0 129.0
131.0 129.0
0.0 129.0
130.0 129.0
135.0 129.0
133.0 129.0
133.0 130.0
129.0 130.0
130.0 130.0
131.0 130.0
139.0 130.0
133.0 131.0
126.0 131.0
119.0 131.0
134.0 132.0
136.0 133.0
131.0 133.0
108.0 133.0
135.0 133.0
136.0 134.0
136.0 134.0
133.0 134.0
130.0 134.0
133.0 134.0
129.0 135.0
127.0 135.0
135.0 136.0
123.0 138.0
145.0 138.0
117.0 140.0
136.0 141.0
136.0 141.0
139.0 141.0
140.0 141.0
148.0 142.0
137.0 142.0
0.0 142.0
142.0 142.0
137.0 142.0
141.0 149.0
147.0 149.0
147.0 150.0
157.0 156.0
149.0 156.0
156.0 157.0
0.0 159.0
