54.0 64.0
160.0 157.0
181.0 159.0
166.0 163.0
173.0 165.0
187.0 166.0
204.0 167.0
168.0 168.0
172.0 169.0
174.0 170.0
168.0 171.0
172.0 171.0
255.0 172.0
174.0 174.0
177.0 175.0
174.0 175.0
178.0 176.0
181.0 177.0
178.0 177.0
182.0 178.0
187.0 179.0
175.0 180.0
182.0 180.0
185.0 181.0
187.0 181.0
184.0 182.0
178.0 182.0
255.0 182.0
182.0 182.0
186.0 183.0
182.0 183.0
184.0 183.0
187.0 184.0
188.0 186.0
190.0 186.0
190.0 186.0
181.0 188.0
188.0 189.0
187.0 189.0
188.0 189.0
192.0 189.0
195.0 189.0
192.0 190.0
192.0 191.0
193.0 193.0
188.0 193.0
193.0 193.0
192.0 193.0
197.0 193.0
194.0 195.0
197.0 196.0
198.0 197.0
196.0 197.0
195.0 198.0
197.0 198.0
197.0 198.0
196.0 199.0
202.0 200.0
201.0 202.0
197.0 204.0
200.0 206.0
170.0 255.0
172.0 255.0
195.0 255.0
