137.0 0.0
147.0 93.0
255.0 95.0
102.0 101.0
105.0 103.0
255.0 104.0
109.0 105.0
255.0 109.0
116.0 115.0
140.0 115.0
112.0 116.0
119.0 117.0
118.0 121.0
117.0 121.0
121.0 122.0
119.0 122.0
101.0 122.0
102.0 122.0
121.0 124.0
126.0 129.0
129.0 130.0
133.0 130.0
134.0 132.0
255.0 134.0
119.0 134.0
149.0 136.0
255.0 137.0
148.0 141.0
140.0 141.0
146.0 146.0
168.0 147.0
255.0 147.0
147.0 148.0
148.0 150.0
151.0 151.0
149.0 152.0
160.0 156.0
157.0 156.0
156.0 157.0
164.0 171.0
189.0 193.0
119.0 255.0
