158.0 0.0
160.0 0.0
191.0 0.0
191.0 0.0
188.0 0.0
201.0 0.0
185.0 0.0
161.0 0.0
177.0 0.0
191.0 0.0
157.0 0.0
189.0 0.0
179.0 0.0
172.0 0.0
177.0 0.0
154.0 0.0
173.0 0.0
188.0 0.0
222.0 0.0
166.0 0.0
173.0 0.0
173.0 0.0
255.0 0.0
167.0 0.0
146.0 0.0
255.0 0.0
207.0 0.0
172.0 0.0
153.0 0.0
146.0 0.0
193.0 0.0
193.0 0.0
202.0 0.0
171.0 0.0
209.0 0.0
0.0 0.0
175.0 0.0
166.0 0.0
160.0 0.0
174.0 0.0
60.0 59.0
174.0 90.0
0.0 150.0
151.0 151.0
0.0 153.0
160.0 157.0
0.0 161.0
0.0 162.0
0.0 196.0
0.0 197.0
0.0 202.0
0.0 214.0
