78.0 64.0
126.0 125.0
144.0 132.0
138.0 137.0
151.0 138.0
152.0 140.0
142.0 144.0
155.0 147.0
148.0 148.0
151.0 150.0
152.0 150.0
155.0 151.0
150.0 151.0
156.0 154.0
156.0 154.0
164.0 155.0
160.0 156.0
158.0 158.0
158.0 158.0
156.0 158.0
165.0 158.0
166.0 158.0
153.0 159.0
159.0 159.0
158.0 159.0
158.0 159.0
161.0 159.0
159.0 160.0
158.0 160.0
175.0 161.0
160.0 161.0
164.0 164.0
157.0 164.0
255.0 166.0
168.0 167.0
170.0 167.0
173.0 168.0
168.0 168.0
172.0 168.0
171.0 169.0
154.0 171.0
172.0 171.0
176.0 175.0
177.0 177.0
168.0 178.0
184.0 183.0
255.0 191.0
184.0 194.0
0.0 195.0
191.0 196.0
201.0 197.0
204.0 198.0
201.0 199.0
199.0 200.0
177.0 201.0
198.0 202.0
203.0 205.0
203.0 210.0
212.0 211.0
157.0 255.0
135.0 255.0
160.0 255.0
150.0 255.0
155.0 255.0
0.0 255.0
112.0 255.0
0.0 255.0
190.0 255.0
