255.0 52.0
93.0 59.0
60.0 59.0
76.0 60.0
71.0 65.0
60.0 66.0
255.0 70.0
255.0 70.0
60.0 71.0
255.0 79.0
100.0 84.0
84.0 84.0
94.0 84.0
97.0 88.0
255.0 88.0
255.0 95.0
78.0 95.0
128.0 97.0
99.0 98.0
97.0 98.0
95.0 99.0
102.0 99.0
91.0 101.0
135.0 101.0
101.0 102.0
104.0 103.0
110.0 105.0
104.0 105.0
112.0 106.0
109.0 107.0
255.0 107.0
108.0 107.0
109.0 108.0
255.0 108.0
106.0 108.0
106.0 109.0
255.0 109.0
133.0 109.0
113.0 110.0
105.0 110.0
126.0 110.0
110.0 112.0
92.0 113.0
114.0 115.0
110.0 118.0
121.0 121.0
125.0 121.0
118.0 122.0
138.0 122.0
255.0 123.0
124.0 126.0
125.0 127.0
137.0 127.0
152.0 131.0
129.0 131.0
131.0 133.0
132.0 133.0
131.0 135.0
127.0 135.0
142.0 135.0
144.0 136.0
129.0 137.0
0.0 139.0
125.0 141.0
139.0 143.0
136.0 145.0
144.0 145.0
151.0 150.0
160.0 156.0
168.0 199.0
187.0 207.0
120.0 255.0
107.0 255.0
65.0 255.0
70.0 255.0
66.0 255.0
