161.0 0.0
160.0 0.0
161.0 0.0
177.0 0.0
151.0 0.0
154.0 0.0
146.0 0.0
255.0 0.0
153.0 0.0
71.0 67.0
112.0 94.0
0.0 119.0
125.0 123.0
126.0 124.0
124.0 126.0
138.0 130.0
131.0 130.0
147.0 131.0
147.0 133.0
150.0 134.0
131.0 136.0
143.0 142.0
183.0 142.0
143.0 142.0
144.0 143.0
152.0 143.0
143.0 144.0
255.0 145.0
153.0 147.0
146.0 147.0
152.0 148.0
141.0 148.0
0.0 149.0
153.0 152.0
153.0 153.0
0.0 153.0
0.0 156.0
154.0 157.0
156.0 157.0
162.0 163.0
0.0 169.0
170.0 169.0
0.0 173.0
