255.0 56.0
55.0 59.0
255.0 59.0
255.0 65.0
255.0 66.0
255.0 66.0
255.0 70.0
255.0 71.0
97.0 87.0
69.0 88.0
255.0 102.0
102.0 105.0
255.0 106.0
255.0 117.0
85.0 119.0
255.0 125.0
255.0 128.0
133.0 133.0
132.0 133.0
131.0 136.0
187.0 136.0
127.0 140.0
124.0 142.0
142.0 147.0
255.0 149.0
255.0 150.0
200.0 153.0
152.0 154.0
255.0 155.0
146.0 156.0
180.0 164.0
0.0 169.0
255.0 172.0
255.0 174.0
165.0 181.0
162.0 193.0
198.0 193.0
124.0 216.0
205.0 218.0
131.0 255.0
136.0 255.0
66.0 255.0
101.0 255.0
60.0 255.0
83.0 255.0
