88.0 0.0
64.0 0.0
108.0 0.0
122.0 0.0
134.0 0.0
118.0 0.0
255.0 0.0
89.0 0.0
115.0 0.0
90.0 0.0
96.0 0.0
49.0 0.0
101.0 0.0
76.0 0.0
67.0 51.0
255.0 52.0
255.0 53.0
56.0 55.0
255.0 55.0
255.0 56.0
67.0 56.0
255.0 56.0
62.0 57.0
67.0 57.0
57.0 58.0
62.0 58.0
67.0 58.0
61.0 59.0
70.0 59.0
60.0 59.0
66.0 59.0
255.0 59.0
61.0 59.0
0.0 60.0
72.0 60.0
65.0 60.0
255.0 60.0
0.0 61.0
63.0 62.0
65.0 63.0
255.0 63.0
69.0 63.0
255.0 64.0
69.0 65.0
255.0 65.0
255.0 65.0
71.0 65.0
66.0 66.0
61.0 66.0
60.0 66.0
125.0 67.0
255.0 67.0
255.0 67.0
63.0 67.0
67.0 68.0
0.0 69.0
255.0 70.0
71.0 70.0
61.0 71.0
72.0 71.0
73.0 71.0
75.0 72.0
53.0 72.0
62.0 73.0
89.0 74.0
75.0 78.0
255.0 78.0
82.0 80.0
72.0 80.0
87.0 81.0
78.0 81.0
92.0 82.0
100.0 84.0
83.0 85.0
97.0 85.0
255.0 88.0
86.0 89.0
105.0 90.0
93.0 92.0
61.0 92.0
84.0 93.0
84.0 93.0
95.0 94.0
94.0 95.0
78.0 95.0
105.0 97.0
110.0 98.0
85.0 98.0
97.0 99.0
95.0 99.0
87.0 100.0
107.0 102.0
105.0 103.0
99.0 103.0
107.0 104.0
104.0 105.0
109.0 106.0
109.0 106.0
105.0 107.0
108.0 107.0
87.0 107.0
99.0 107.0
98.0 108.0
96.0 109.0
105.0 110.0
88.0 111.0
102.0 112.0
112.0 112.0
109.0 113.0
89.0 114.0
117.0 115.0
115.0 116.0
0.0 120.0
138.0 122.0
141.0 130.0
0.0 133.0
136.0 145.0
