161.0 0.0
107.0 0.0
109.0 0.0
123.0 0.0
109.0 0.0
97.0 0.0
99.0 0.0
122.0 0.0
255.0 0.0
80.0 56.0
84.0 58.0
65.0 69.0
83.0 71.0
89.0 71.0
81.0 78.0
103.0 79.0
90.0 80.0
92.0 84.0
93.0 84.0
86.0 86.0
92.0 87.0
87.0 88.0
103.0 89.0
95.0 91.0
255.0 92.0
98.0 93.0
98.0 93.0
97.0 94.0
104.0 95.0
100.0 95.0
98.0 96.0
100.0 96.0
107.0 96.0
99.0 97.0
87.0 98.0
105.0 98.0
100.0 98.0
99.0 100.0
103.0 100.0
102.0 100.0
76.0 101.0
104.0 101.0
90.0 102.0
255.0 102.0
104.0 103.0
103.0 103.0
100.0 103.0
88.0 103.0
108.0 103.0
105.0 104.0
107.0 104.0
108.0 104.0
105.0 104.0
100.0 104.0
107.0 105.0
104.0 105.0
104.0 105.0
103.0 105.0
112.0 105.0
104.0 106.0
102.0 106.0
107.0 106.0
107.0 106.0
107.0 106.0
106.0 106.0
0.0 106.0
118.0 106.0
0.0 106.0
114.0 106.0
102.0 106.0
111.0 107.0
107.0 107.0
106.0 107.0
108.0 107.0
107.0 107.0
110.0 107.0
108.0 107.0
107.0 108.0
107.0 108.0
107.0 108.0
109.0 108.0
110.0 108.0
110.0 108.0
255.0 108.0
106.0 108.0
106.0 108.0
111.0 108.0
109.0 108.0
115.0 109.0
109.0 109.0
110.0 109.0
107.0 109.0
97.0 109.0
110.0 109.0
133.0 109.0
113.0 110.0
106.0 110.0
110.0 111.0
108.0 111.0
107.0 111.0
112.0 111.0
117.0 111.0
112.0 111.0
112.0 112.0
115.0 112.0
107.0 112.0
111.0 112.0
111.0 112.0
0.0 112.0
110.0 113.0
112.0 113.0
115.0 113.0
119.0 114.0
116.0 114.0
99.0 114.0
102.0 114.0
108.0 114.0
116.0 115.0
0.0 116.0
115.0 117.0
113.0 117.0
102.0 117.0
118.0 117.0
119.0 119.0
140.0 119.0
95.0 120.0
102.0 120.0
119.0 120.0
121.0 121.0
121.0 122.0
0.0 122.0
107.0 123.0
125.0 124.0
122.0 124.0
130.0 127.0
126.0 129.0
127.0 130.0
124.0 132.0
134.0 136.0
109.0 136.0
114.0 166.0
