1.0 46.04106178228226
2.0 48.13485963209127
3.0 45.0772339133016
4.0 44.13392256270932
5.0 42.49944284359029
6.0 40.915604546214496
7.0 40.36437580860873
8.0 39.30368697927207
9.0 38.91175526130196
10.0 38.2298036303695
11.0 37.87099033701706
12.0 37.51917523568846
13.0 37.285505980525976
14.0 37.047003885471234
15.0 36.847478473271735
16.0 36.73431265476793
17.0 36.60013874061347
18.0 36.50843364004996
19.0 36.464860525154194
20.0 36.41197853096119
21.0 36.35909548095042
22.0 36.28430957515751
23.0 36.244632880192476
24.0 36.23074223455217
25.0 36.21733301370856
26.0 36.195506068805486
27.0 36.17259126572616
28.0 36.16318790603518
29.0 36.14835838950276
30.0 36.129524200395295
31.0 36.118114464630885
32.0 36.11332316621293
33.0 36.109275073090586
34.0 36.102847316966745
35.0 36.09208100210521
36.0 36.090502062407545
37.0 36.09018707996481
38.0 36.087848780039145
39.0 36.08740402786481
40.0 36.084816750140895
41.0 36.082476230163216
42.0 36.080941298075885
43.0 36.07814349179775
44.0 36.07653487206968
45.0 36.0756892369022
46.0 36.07636420502224
47.0 36.075780640958506
48.0 36.07515029667549
49.0 36.075326540846596
50.0 36.074838765652316
