116.0 86.0
145.0 109.0
152.0 122.0
180.0 127.0
165.0 130.0
133.0 132.0
152.0 135.0
150.0 136.0
131.0 138.0
163.0 138.0
139.0 139.0
142.0 139.0
143.0 141.0
128.0 141.0
146.0 142.0
159.0 142.0
155.0 144.0
150.0 145.0
152.0 147.0
154.0 147.0
145.0 147.0
156.0 148.0
178.0 148.0
149.0 149.0
163.0 150.0
158.0 150.0
154.0 150.0
161.0 151.0
153.0 152.0
162.0 152.0
160.0 152.0
153.0 153.0
139.0 153.0
138.0 153.0
153.0 153.0
150.0 154.0
163.0 154.0
174.0 154.0
148.0 154.0
159.0 155.0
176.0 155.0
160.0 156.0
162.0 156.0
157.0 156.0
161.0 156.0
152.0 156.0
155.0 156.0
158.0 156.0
160.0 156.0
148.0 156.0
160.0 157.0
139.0 157.0
160.0 157.0
164.0 157.0
161.0 157.0
157.0 158.0
159.0 158.0
173.0 158.0
167.0 159.0
157.0 159.0
161.0 159.0
163.0 159.0
156.0 159.0
152.0 159.0
154.0 159.0
154.0 159.0
179.0 159.0
170.0 160.0
158.0 161.0
162.0 161.0
156.0 161.0
158.0 161.0
160.0 161.0
157.0 161.0
159.0 162.0
152.0 162.0
160.0 162.0
156.0 162.0
168.0 162.0
160.0 163.0
163.0 163.0
162.0 163.0
157.0 163.0
168.0 163.0
159.0 163.0
164.0 164.0
163.0 164.0
156.0 164.0
161.0 164.0
148.0 164.0
132.0 164.0
164.0 165.0
164.0 165.0
157.0 165.0
159.0 165.0
142.0 165.0
169.0 166.0
161.0 166.0
170.0 166.0
154.0 166.0
176.0 166.0
156.0 167.0
173.0 167.0
162.0 167.0
162.0 167.0
154.0 167.0
158.0 168.0
141.0 169.0
151.0 170.0
142.0 170.0
158.0 171.0
169.0 172.0
162.0 173.0
156.0 173.0
173.0 174.0
153.0 175.0
172.0 175.0
194.0 176.0
167.0 176.0
173.0 176.0
183.0 176.0
146.0 177.0
184.0 177.0
166.0 177.0
131.0 178.0
188.0 179.0
162.0 180.0
178.0 181.0
179.0 181.0
200.0 184.0
136.0 186.0
183.0 187.0
180.0 189.0
162.0 189.0
