58.86243455450358 61.15959947589863
69.21182443525909 72.48997621261138
96.31919406154368 90.42513341285554
91.99411019088066 91.87108039894555
99.44397325825564 108.2922542858487
102.75407099027167 110.8423842884774
125.93957906560783 115.3940293575854
118.11021776165602 120.83910999138179
130.5883225690916 128.85004053600892
136.23732137151327 134.9697300531054
134.9289280818168 136.56424898293807
154.286476540542 142.73069342909122
158.0177386592356 159.89760470049856
158.45049407862908 162.22168619786206
177.48597149974987 175.12027271140215
191.92836051788058 190.5121259312259
