115.0 76.0
98.0 77.0
102.0 81.0
96.0 82.0
95.0 82.0
98.0 85.0
113.0 86.0
95.0 87.0
103.0 88.0
139.0 91.0
159.0 93.0
76.0 93.0
117.0 93.0
111.0 94.0
93.0 94.0
123.0 96.0
115.0 97.0
104.0 97.0
88.0 98.0
111.0 99.0
109.0 100.0
105.0 100.0
116.0 101.0
102.0 101.0
107.0 101.0
111.0 101.0
120.0 102.0
105.0 104.0
130.0 104.0
103.0 104.0
106.0 105.0
108.0 105.0
104.0 105.0
101.0 105.0
104.0 105.0
112.0 106.0
100.0 106.0
107.0 107.0
99.0 107.0
106.0 107.0
108.0 107.0
109.0 107.0
110.0 108.0
113.0 108.0
104.0 108.0
114.0 108.0
109.0 109.0
112.0 109.0
106.0 109.0
106.0 109.0
110.0 110.0
107.0 110.0
108.0 110.0
114.0 110.0
104.0 110.0
102.0 111.0
98.0 112.0
119.0 114.0
108.0 115.0
102.0 115.0
119.0 117.0
93.0 117.0
108.0 118.0
110.0 120.0
107.0 121.0
110.0 121.0
98.0 123.0
65.0 126.0
133.0 126.0
