147.0 106.0
151.0 112.0
163.0 122.0
71.0 123.0
186.0 123.0
137.0 128.0
154.0 130.0
134.0 132.0
155.0 132.0
156.0 132.0
138.0 135.0
155.0 135.0
151.0 137.0
151.0 139.0
160.0 140.0
184.0 140.0
162.0 140.0
146.0 140.0
123.0 142.0
153.0 143.0
149.0 144.0
166.0 145.0
137.0 145.0
173.0 145.0
146.0 146.0
146.0 148.0
170.0 148.0
160.0 148.0
166.0 150.0
170.0 150.0
143.0 150.0
158.0 151.0
178.0 153.0
150.0 154.0
139.0 155.0
169.0 156.0
175.0 157.0
174.0 158.0
170.0 158.0
154.0 158.0
198.0 159.0
165.0 159.0
184.0 159.0
149.0 159.0
175.0 161.0
181.0 163.0
184.0 164.0
173.0 166.0
140.0 169.0
157.0 170.0
159.0 171.0
185.0 172.0
161.0 177.0
173.0 177.0
199.0 178.0
177.0 180.0
149.0 180.0
182.0 181.0
174.0 181.0
151.0 182.0
154.0 187.0
192.0 190.0
