104.0 66.0
70.0 70.0
85.0 75.0
97.0 76.0
97.0 76.0
78.0 76.0
102.0 78.0
95.0 79.0
75.0 80.0
88.0 80.0
84.0 80.0
87.0 81.0
87.0 81.0
88.0 82.0
86.0 83.0
94.0 84.0
125.0 84.0
86.0 85.0
86.0 86.0
113.0 88.0
98.0 88.0
92.0 88.0
106.0 89.0
100.0 90.0
100.0 90.0
105.0 90.0
101.0 91.0
107.0 93.0
94.0 93.0
91.0 94.0
94.0 94.0
88.0 95.0
109.0 97.0
99.0 98.0
97.0 99.0
102.0 99.0
111.0 100.0
111.0 100.0
110.0 101.0
95.0 101.0
122.0 101.0
94.0 102.0
111.0 105.0
103.0 105.0
109.0 105.0
91.0 106.0
108.0 107.0
85.0 108.0
95.0 108.0
120.0 110.0
93.0 112.0
105.0 113.0
112.0 113.0
103.0 119.0
82.0 121.0
98.0 128.0
110.0 146.0
