128.0 67.0
113.0 71.0
122.0 74.0
141.0 75.0
138.0 82.0
89.0 82.0
124.0 82.0
87.0 86.0
101.0 88.0
126.0 93.0
130.0 93.0
112.0 95.0
138.0 96.0
137.0 96.0
149.0 97.0
110.0 97.0
163.0 97.0
104.0 100.0
162.0 101.0
135.0 101.0
130.0 101.0
137.0 102.0
164.0 103.0
130.0 105.0
114.0 106.0
128.0 106.0
114.0 106.0
110.0 107.0
107.0 107.0
132.0 107.0
126.0 107.0
106.0 108.0
133.0 110.0
101.0 111.0
129.0 111.0
121.0 111.0
120.0 111.0
135.0 111.0
119.0 112.0
130.0 112.0
142.0 113.0
128.0 113.0
154.0 113.0
107.0 113.0
113.0 113.0
98.0 114.0
157.0 114.0
101.0 114.0
138.0 114.0
146.0 115.0
118.0 115.0
109.0 115.0
124.0 115.0
139.0 115.0
110.0 116.0
105.0 116.0
136.0 117.0
118.0 117.0
127.0 117.0
123.0 118.0
118.0 119.0
144.0 119.0
112.0 120.0
156.0 120.0
112.0 120.0
138.0 120.0
139.0 121.0
132.0 121.0
115.0 121.0
105.0 121.0
123.0 121.0
140.0 121.0
154.0 121.0
129.0 122.0
131.0 122.0
127.0 122.0
163.0 122.0
110.0 122.0
112.0 123.0
155.0 123.0
128.0 124.0
145.0 124.0
134.0 125.0
128.0 125.0
133.0 125.0
103.0 125.0
135.0 125.0
120.0 125.0
142.0 125.0
176.0 125.0
108.0 126.0
129.0 126.0
140.0 126.0
132.0 126.0
129.0 127.0
153.0 127.0
128.0 127.0
136.0 127.0
148.0 127.0
102.0 128.0
149.0 128.0
145.0 128.0
125.0 128.0
125.0 129.0
136.0 129.0
130.0 129.0
129.0 129.0
143.0 129.0
110.0 129.0
132.0 130.0
124.0 130.0
151.0 130.0
153.0 130.0
134.0 130.0
134.0 130.0
129.0 130.0
124.0 130.0
184.0 130.0
144.0 130.0
146.0 130.0
136.0 131.0
126.0 131.0
142.0 131.0
153.0 131.0
138.0 131.0
151.0 131.0
134.0 132.0
134.0 132.0
117.0 132.0
155.0 132.0
156.0 132.0
121.0 132.0
148.0 132.0
131.0 132.0
146.0 133.0
148.0 133.0
139.0 133.0
131.0 133.0
138.0 133.0
126.0 133.0
114.0 133.0
133.0 133.0
139.0 133.0
138.0 133.0
138.0 133.0
138.0 134.0
130.0 134.0
130.0 134.0
125.0 134.0
134.0 134.0
154.0 134.0
134.0 134.0
150.0 134.0
130.0 134.0
148.0 134.0
153.0 135.0
115.0 135.0
134.0 135.0
154.0 135.0
141.0 135.0
92.0 135.0
135.0 136.0
131.0 136.0
150.0 136.0
132.0 136.0
141.0 136.0
145.0 136.0
156.0 136.0
136.0 136.0
153.0 136.0
140.0 137.0
123.0 137.0
138.0 137.0
149.0 137.0
129.0 137.0
129.0 137.0
139.0 137.0
178.0 137.0
150.0 138.0
162.0 138.0
129.0 138.0
146.0 138.0
130.0 138.0
135.0 138.0
155.0 138.0
148.0 138.0
128.0 139.0
112.0 139.0
138.0 139.0
145.0 139.0
132.0 139.0
141.0 139.0
141.0 139.0
136.0 139.0
139.0 139.0
110.0 139.0
146.0 139.0
137.0 140.0
144.0 140.0
134.0 140.0
144.0 140.0
141.0 140.0
132.0 140.0
147.0 140.0
155.0 140.0
145.0 140.0
156.0 141.0
133.0 141.0
142.0 141.0
155.0 141.0
141.0 141.0
142.0 141.0
98.0 142.0
127.0 142.0
133.0 142.0
142.0 142.0
145.0 142.0
142.0 142.0
123.0 142.0
161.0 142.0
150.0 142.0
146.0 142.0
145.0 143.0
146.0 143.0
154.0 143.0
153.0 143.0
103.0 143.0
144.0 144.0
140.0 144.0
124.0 145.0
130.0 145.0
136.0 145.0
130.0 145.0
140.0 145.0
149.0 145.0
134.0 145.0
123.0 145.0
134.0 145.0
139.0 146.0
161.0 146.0
132.0 146.0
142.0 146.0
104.0 147.0
149.0 147.0
122.0 147.0
145.0 147.0
130.0 147.0
144.0 147.0
150.0 147.0
137.0 148.0
144.0 148.0
139.0 148.0
143.0 148.0
150.0 148.0
146.0 148.0
160.0 148.0
153.0 148.0
138.0 148.0
129.0 148.0
147.0 148.0
153.0 148.0
143.0 149.0
151.0 149.0
140.0 149.0
148.0 149.0
144.0 149.0
154.0 149.0
155.0 149.0
128.0 150.0
130.0 150.0
122.0 150.0
139.0 150.0
144.0 150.0
148.0 150.0
152.0 150.0
141.0 150.0
128.0 151.0
158.0 151.0
153.0 151.0
142.0 151.0
118.0 151.0
168.0 151.0
112.0 151.0
149.0 152.0
134.0 152.0
146.0 152.0
148.0 152.0
141.0 152.0
137.0 153.0
146.0 153.0
149.0 153.0
146.0 153.0
115.0 154.0
144.0 154.0
150.0 154.0
157.0 154.0
127.0 154.0
131.0 154.0
146.0 154.0
186.0 155.0
154.0 155.0
150.0 155.0
157.0 155.0
160.0 155.0
146.0 156.0
147.0 156.0
152.0 156.0
143.0 156.0
119.0 156.0
165.0 156.0
137.0 156.0
154.0 156.0
143.0 156.0
146.0 157.0
138.0 157.0
173.0 157.0
140.0 157.0
123.0 158.0
150.0 158.0
96.0 158.0
164.0 159.0
157.0 159.0
133.0 159.0
137.0 160.0
124.0 160.0
149.0 160.0
167.0 161.0
137.0 161.0
167.0 161.0
155.0 161.0
101.0 161.0
115.0 163.0
134.0 163.0
139.0 164.0
153.0 165.0
112.0 165.0
160.0 166.0
128.0 167.0
180.0 167.0
120.0 167.0
108.0 169.0
120.0 170.0
146.0 170.0
175.0 171.0
190.0 176.0
138.0 178.0
171.0 183.0
