94.0 106.0
167.0 133.0
153.0 134.0
143.0 144.0
163.0 146.0
175.0 148.0
164.0 149.0
146.0 150.0
183.0 150.0
137.0 151.0
183.0 152.0
184.0 152.0
158.0 154.0
179.0 155.0
177.0 155.0
183.0 155.0
165.0 158.0
169.0 158.0
132.0 159.0
170.0 163.0
198.0 163.0
168.0 163.0
166.0 164.0
195.0 164.0
173.0 164.0
173.0 164.0
173.0 165.0
181.0 165.0
161.0 167.0
159.0 168.0
171.0 168.0
164.0 168.0
162.0 169.0
164.0 169.0
149.0 169.0
168.0 171.0
156.0 172.0
158.0 172.0
188.0 173.0
174.0 173.0
159.0 174.0
166.0 175.0
186.0 175.0
179.0 176.0
167.0 176.0
184.0 176.0
170.0 177.0
198.0 177.0
164.0 178.0
166.0 179.0
173.0 180.0
139.0 180.0
160.0 181.0
183.0 182.0
170.0 182.0
174.0 183.0
182.0 184.0
174.0 185.0
173.0 186.0
192.0 187.0
167.0 187.0
142.0 190.0
185.0 191.0
184.0 192.0
189.0 192.0
188.0 193.0
186.0 193.0
191.0 194.0
172.0 196.0
180.0 197.0
158.0 202.0
