113.0 63.0
99.0 65.0
118.0 73.0
136.0 73.0
114.0 74.0
156.0 79.0
83.0 80.0
125.0 84.0
101.0 85.0
89.0 87.0
149.0 90.0
157.0 91.0
129.0 92.0
151.0 92.0
143.0 93.0
84.0 93.0
129.0 94.0
116.0 94.0
117.0 95.0
126.0 95.0
95.0 96.0
148.0 97.0
156.0 97.0
105.0 97.0
109.0 98.0
113.0 99.0
148.0 99.0
110.0 99.0
131.0 101.0
126.0 103.0
104.0 104.0
114.0 104.0
104.0 105.0
138.0 107.0
110.0 107.0
156.0 107.0
103.0 108.0
97.0 109.0
112.0 109.0
120.0 110.0
93.0 110.0
145.0 111.0
89.0 111.0
99.0 111.0
111.0 112.0
138.0 112.0
137.0 114.0
151.0 114.0
74.0 114.0
125.0 114.0
114.0 114.0
122.0 114.0
101.0 115.0
162.0 116.0
127.0 117.0
87.0 117.0
104.0 118.0
109.0 118.0
112.0 118.0
108.0 118.0
136.0 119.0
133.0 119.0
139.0 120.0
144.0 120.0
99.0 120.0
110.0 120.0
127.0 121.0
124.0 121.0
147.0 121.0
162.0 121.0
135.0 121.0
100.0 122.0
135.0 123.0
133.0 123.0
137.0 123.0
144.0 124.0
108.0 125.0
148.0 125.0
123.0 125.0
137.0 125.0
110.0 126.0
133.0 126.0
124.0 127.0
135.0 127.0
132.0 127.0
118.0 128.0
111.0 128.0
133.0 128.0
104.0 128.0
147.0 128.0
129.0 129.0
155.0 129.0
125.0 129.0
155.0 129.0
145.0 130.0
156.0 130.0
141.0 130.0
152.0 131.0
116.0 131.0
139.0 131.0
147.0 132.0
125.0 132.0
105.0 132.0
140.0 133.0
95.0 133.0
144.0 133.0
115.0 133.0
121.0 133.0
136.0 134.0
123.0 134.0
109.0 134.0
117.0 134.0
137.0 134.0
156.0 135.0
141.0 135.0
140.0 135.0
150.0 135.0
156.0 136.0
99.0 136.0
140.0 136.0
158.0 136.0
130.0 137.0
134.0 137.0
122.0 137.0
133.0 139.0
147.0 139.0
129.0 141.0
72.0 142.0
109.0 142.0
102.0 142.0
151.0 142.0
154.0 143.0
156.0 143.0
120.0 143.0
96.0 143.0
137.0 143.0
139.0 144.0
114.0 144.0
134.0 144.0
112.0 145.0
141.0 146.0
154.0 147.0
175.0 147.0
115.0 147.0
172.0 147.0
123.0 148.0
142.0 148.0
156.0 149.0
175.0 150.0
124.0 151.0
153.0 151.0
109.0 152.0
145.0 152.0
139.0 152.0
163.0 152.0
160.0 153.0
116.0 153.0
105.0 154.0
145.0 154.0
155.0 156.0
139.0 156.0
119.0 156.0
135.0 158.0
145.0 158.0
169.0 158.0
154.0 159.0
146.0 159.0
156.0 159.0
140.0 159.0
117.0 160.0
171.0 160.0
137.0 162.0
144.0 165.0
109.0 165.0
175.0 166.0
110.0 168.0
126.0 170.0
143.0 170.0
184.0 173.0
157.0 174.0
161.0 174.0
165.0 174.0
136.0 178.0
144.0 182.0
165.0 183.0
109.0 183.0
100.0 184.0
177.0 185.0
