67.0 72.0
129.0 122.0
130.0 124.0
139.0 127.0
134.0 127.0
138.0 127.0
128.0 128.0
137.0 129.0
142.0 131.0
139.0 132.0
134.0 132.0
138.0 134.0
128.0 134.0
143.0 134.0
134.0 134.0
145.0 135.0
142.0 136.0
138.0 136.0
134.0 136.0
131.0 137.0
125.0 138.0
141.0 138.0
135.0 138.0
148.0 139.0
139.0 139.0
162.0 140.0
146.0 140.0
138.0 141.0
136.0 142.0
142.0 142.0
145.0 142.0
136.0 142.0
126.0 142.0
140.0 144.0
131.0 144.0
149.0 144.0
142.0 145.0
144.0 146.0
145.0 146.0
153.0 146.0
145.0 147.0
149.0 147.0
154.0 149.0
148.0 149.0
139.0 150.0
124.0 150.0
141.0 150.0
142.0 151.0
157.0 153.0
148.0 154.0
