89.0 78.0
168.0 96.0
113.0 102.0
145.0 103.0
128.0 115.0
121.0 120.0
163.0 122.0
141.0 127.0
104.0 129.0
153.0 132.0
154.0 132.0
172.0 132.0
134.0 134.0
128.0 135.0
142.0 136.0
156.0 136.0
168.0 140.0
126.0 142.0
176.0 142.0
124.0 143.0
157.0 145.0
122.0 147.0
160.0 147.0
137.0 148.0
143.0 148.0
121.0 150.0
111.0 152.0
159.0 153.0
137.0 153.0
142.0 154.0
119.0 156.0
145.0 157.0
143.0 157.0
115.0 159.0
180.0 161.0
128.0 161.0
108.0 162.0
166.0 165.0
131.0 168.0
167.0 171.0
132.0 171.0
162.0 175.0
120.0 176.0
134.0 180.0
175.0 182.0
133.0 185.0
157.0 190.0
140.0 190.0
187.0 193.0
