109.0 64.0
136.0 73.0
104.0 80.0
146.0 81.0
93.0 82.0
101.0 85.0
89.0 87.0
149.0 90.0
151.0 92.0
143.0 93.0
116.0 94.0
126.0 95.0
124.0 96.0
148.0 97.0
113.0 99.0
148.0 99.0
126.0 103.0
110.0 107.0
145.0 111.0
99.0 111.0
94.0 112.0
138.0 112.0
114.0 112.0
122.0 114.0
104.0 118.0
112.0 118.0
98.0 123.0
144.0 124.0
137.0 125.0
135.0 127.0
118.0 128.0
111.0 128.0
129.0 129.0
134.0 130.0
141.0 130.0
147.0 132.0
140.0 133.0
95.0 133.0
109.0 142.0
134.0 144.0
124.0 151.0
109.0 152.0
145.0 154.0
119.0 156.0
169.0 158.0
