114.0 61.0
113.0 63.0
99.0 65.0
107.0 73.0
114.0 74.0
53.0 75.0
110.0 75.0
104.0 78.0
156.0 79.0
83.0 80.0
118.0 82.0
56.0 83.0
83.0 86.0
97.0 86.0
108.0 86.0
157.0 91.0
88.0 91.0
129.0 92.0
151.0 92.0
76.0 92.0
84.0 93.0
79.0 93.0
129.0 94.0
54.0 94.0
100.0 95.0
126.0 95.0
81.0 96.0
124.0 96.0
105.0 97.0
91.0 97.0
87.0 98.0
123.0 99.0
110.0 99.0
79.0 100.0
81.0 101.0
77.0 101.0
79.0 103.0
99.0 103.0
82.0 104.0
109.0 105.0
88.0 105.0
94.0 106.0
138.0 107.0
95.0 108.0
112.0 109.0
93.0 109.0
120.0 110.0
145.0 111.0
89.0 111.0
71.0 111.0
99.0 111.0
107.0 114.0
74.0 114.0
122.0 114.0
105.0 116.0
144.0 117.0
133.0 117.0
75.0 117.0
87.0 117.0
104.0 118.0
109.0 118.0
104.0 119.0
110.0 119.0
104.0 120.0
119.0 122.0
115.0 125.0
109.0 126.0
132.0 127.0
132.0 129.0
116.0 131.0
95.0 133.0
144.0 133.0
86.0 134.0
109.0 134.0
126.0 135.0
141.0 135.0
110.0 136.0
134.0 137.0
111.0 137.0
122.0 137.0
129.0 141.0
109.0 142.0
96.0 143.0
114.0 144.0
108.0 144.0
115.0 147.0
156.0 149.0
102.0 150.0
109.0 152.0
115.0 152.0
119.0 156.0
145.0 158.0
137.0 162.0
126.0 170.0
94.0 174.0
