129.0 65.0
156.0 79.0
157.0 91.0
129.0 92.0
105.0 97.0
138.0 107.0
133.0 117.0
104.0 120.0
144.0 120.0
121.0 124.0
132.0 127.0
147.0 128.0
132.0 129.0
124.0 129.0
146.0 130.0
134.0 130.0
116.0 131.0
125.0 132.0
144.0 133.0
141.0 135.0
152.0 136.0
134.0 137.0
122.0 137.0
148.0 140.0
166.0 142.0
114.0 144.0
108.0 144.0
144.0 145.0
141.0 146.0
123.0 148.0
156.0 149.0
160.0 150.0
102.0 150.0
135.0 158.0
145.0 158.0
172.0 160.0
157.0 160.0
137.0 162.0
149.0 164.0
144.0 165.0
109.0 165.0
126.0 170.0
144.0 182.0
