139.0 82.0
169.0 85.0
168.0 96.0
178.0 98.0
177.0 100.0
113.0 102.0
145.0 103.0
80.0 104.0
185.0 106.0
149.0 106.0
145.0 113.0
137.0 115.0
116.0 115.0
133.0 116.0
191.0 118.0
113.0 120.0
110.0 121.0
163.0 122.0
181.0 123.0
170.0 124.0
171.0 124.0
159.0 125.0
139.0 127.0
141.0 127.0
131.0 127.0
137.0 129.0
104.0 129.0
140.0 131.0
180.0 131.0
157.0 132.0
153.0 132.0
154.0 132.0
172.0 132.0
195.0 132.0
97.0 133.0
146.0 133.0
128.0 135.0
162.0 135.0
174.0 136.0
142.0 136.0
174.0 136.0
136.0 137.0
170.0 137.0
168.0 138.0
170.0 138.0
159.0 138.0
158.0 139.0
168.0 140.0
126.0 142.0
107.0 144.0
156.0 145.0
160.0 147.0
156.0 149.0
176.0 149.0
177.0 151.0
151.0 152.0
158.0 152.0
148.0 154.0
177.0 160.0
163.0 160.0
176.0 161.0
179.0 164.0
172.0 165.0
162.0 165.0
141.0 165.0
167.0 171.0
174.0 171.0
142.0 173.0
188.0 173.0
162.0 175.0
