112.0 51.0
63.0 59.0
134.0 59.0
129.0 60.0
73.0 60.0
114.0 62.0
83.0 63.0
149.0 63.0
109.0 64.0
101.0 65.0
77.0 66.0
72.0 67.0
105.0 68.0
71.0 70.0
68.0 70.0
88.0 72.0
118.0 73.0
136.0 73.0
104.0 74.0
89.0 74.0
98.0 76.0
84.0 77.0
98.0 77.0
117.0 77.0
132.0 77.0
80.0 78.0
89.0 78.0
112.0 78.0
117.0 80.0
117.0 80.0
104.0 80.0
95.0 80.0
77.0 81.0
102.0 81.0
146.0 81.0
97.0 81.0
99.0 81.0
87.0 81.0
90.0 81.0
92.0 82.0
93.0 82.0
95.0 82.0
87.0 83.0
82.0 83.0
107.0 84.0
90.0 84.0
101.0 85.0
80.0 85.0
98.0 85.0
107.0 87.0
90.0 87.0
89.0 87.0
95.0 87.0
91.0 87.0
103.0 88.0
105.0 88.0
76.0 89.0
149.0 90.0
90.0 90.0
87.0 90.0
139.0 91.0
118.0 92.0
92.0 92.0
159.0 93.0
143.0 93.0
117.0 93.0
116.0 94.0
111.0 94.0
93.0 94.0
93.0 94.0
117.0 95.0
76.0 95.0
95.0 96.0
112.0 96.0
123.0 96.0
148.0 97.0
88.0 98.0
88.0 98.0
113.0 99.0
110.0 99.0
72.0 100.0
109.0 100.0
106.0 101.0
107.0 101.0
74.0 103.0
126.0 103.0
105.0 104.0
103.0 104.0
106.0 105.0
108.0 105.0
77.0 105.0
104.0 105.0
101.0 105.0
104.0 105.0
123.0 106.0
112.0 106.0
99.0 107.0
106.0 107.0
115.0 107.0
110.0 108.0
104.0 108.0
93.0 110.0
120.0 111.0
102.0 111.0
111.0 112.0
138.0 112.0
77.0 112.0
79.0 112.0
114.0 112.0
90.0 115.0
94.0 116.0
82.0 118.0
108.0 118.0
110.0 120.0
147.0 121.0
99.0 122.0
98.0 123.0
144.0 124.0
108.0 125.0
133.0 126.0
134.0 144.0
154.0 159.0
