101.0 91.0
110.0 108.0
113.0 109.0
111.0 109.0
112.0 110.0
123.0 110.0
116.0 112.0
120.0 112.0
116.0 112.0
111.0 113.0
125.0 113.0
116.0 113.0
116.0 114.0
111.0 114.0
117.0 114.0
117.0 114.0
123.0 114.0
117.0 115.0
115.0 115.0
122.0 115.0
115.0 116.0
115.0 117.0
114.0 117.0
123.0 117.0
122.0 117.0
129.0 118.0
120.0 118.0
116.0 119.0
122.0 119.0
119.0 119.0
123.0 119.0
125.0 119.0
114.0 120.0
116.0 120.0
122.0 121.0
115.0 121.0
117.0 121.0
121.0 122.0
110.0 122.0
116.0 122.0
123.0 123.0
116.0 124.0
122.0 124.0
115.0 125.0
125.0 126.0
120.0 126.0
117.0 127.0
105.0 128.0
116.0 129.0
114.0 130.0
119.0 132.0
121.0 134.0
