129.0 111.0
151.0 112.0
142.0 113.0
139.0 115.0
148.0 116.0
133.0 119.0
129.0 119.0
160.0 126.0
118.0 128.0
152.0 132.0
173.0 132.0
137.0 133.0
138.0 133.0
129.0 134.0
124.0 135.0
92.0 135.0
123.0 136.0
139.0 136.0
121.0 139.0
157.0 139.0
110.0 139.0
120.0 139.0
146.0 139.0
118.0 140.0
131.0 140.0
139.0 141.0
88.0 141.0
157.0 141.0
141.0 141.0
134.0 142.0
156.0 144.0
166.0 145.0
137.0 146.0
136.0 146.0
146.0 146.0
153.0 146.0
146.0 147.0
131.0 148.0
139.0 148.0
170.0 148.0
167.0 148.0
118.0 148.0
135.0 150.0
185.0 150.0
143.0 150.0
112.0 151.0
124.0 152.0
130.0 152.0
75.0 152.0
162.0 152.0
153.0 154.0
143.0 154.0
140.0 155.0
177.0 155.0
151.0 156.0
146.0 156.0
147.0 157.0
128.0 157.0
174.0 158.0
161.0 158.0
150.0 158.0
151.0 159.0
165.0 159.0
145.0 159.0
157.0 160.0
124.0 160.0
138.0 160.0
144.0 161.0
187.0 161.0
101.0 161.0
152.0 162.0
126.0 163.0
150.0 163.0
140.0 163.0
149.0 163.0
164.0 163.0
153.0 164.0
146.0 164.0
128.0 165.0
155.0 166.0
170.0 166.0
150.0 167.0
144.0 167.0
146.0 170.0
167.0 170.0
110.0 170.0
139.0 171.0
172.0 171.0
143.0 171.0
172.0 172.0
122.0 174.0
114.0 176.0
149.0 177.0
127.0 177.0
158.0 178.0
141.0 178.0
112.0 178.0
177.0 180.0
166.0 180.0
149.0 180.0
162.0 181.0
150.0 181.0
174.0 181.0
142.0 182.0
173.0 183.0
164.0 183.0
172.0 184.0
172.0 184.0
151.0 185.0
163.0 193.0
159.0 200.0
