83.0 83.0
179.0 167.0
178.0 170.0
184.0 173.0
195.0 174.0
197.0 176.0
190.0 176.0
177.0 177.0
185.0 178.0
189.0 178.0
187.0 179.0
188.0 180.0
179.0 180.0
182.0 181.0
189.0 181.0
187.0 182.0
178.0 182.0
183.0 182.0
177.0 182.0
169.0 182.0
181.0 183.0
185.0 183.0
183.0 183.0
164.0 183.0
188.0 183.0
184.0 184.0
185.0 184.0
199.0 184.0
184.0 184.0
182.0 185.0
189.0 185.0
188.0 186.0
189.0 186.0
190.0 186.0
193.0 186.0
189.0 186.0
199.0 187.0
180.0 187.0
190.0 188.0
172.0 188.0
186.0 188.0
194.0 188.0
187.0 189.0
184.0 189.0
175.0 190.0
182.0 190.0
183.0 191.0
188.0 191.0
189.0 191.0
192.0 191.0
186.0 192.0
182.0 192.0
188.0 192.0
189.0 192.0
185.0 193.0
175.0 193.0
187.0 193.0
180.0 193.0
202.0 193.0
198.0 194.0
194.0 194.0
195.0 195.0
189.0 197.0
191.0 198.0
