81.0 95.0
165.0 130.0
148.0 140.0
128.0 141.0
157.0 143.0
163.0 146.0
141.0 150.0
169.0 150.0
158.0 150.0
154.0 150.0
155.0 151.0
160.0 152.0
163.0 154.0
164.0 155.0
161.0 156.0
152.0 156.0
155.0 156.0
148.0 156.0
160.0 157.0
157.0 158.0
159.0 158.0
161.0 159.0
163.0 159.0
156.0 159.0
161.0 160.0
158.0 161.0
156.0 161.0
159.0 162.0
160.0 162.0
171.0 162.0
156.0 163.0
163.0 164.0
148.0 164.0
154.0 165.0
164.0 165.0
157.0 165.0
164.0 165.0
160.0 166.0
154.0 166.0
162.0 167.0
162.0 167.0
151.0 170.0
158.0 171.0
156.0 173.0
173.0 179.0
