95.0 48.0
153.0 49.0
133.0 54.0
84.0 66.0
108.0 67.0
106.0 70.0
102.0 70.0
88.0 71.0
155.0 73.0
114.0 74.0
161.0 74.0
93.0 75.0
148.0 76.0
67.0 77.0
83.0 77.0
94.0 77.0
98.0 78.0
118.0 79.0
155.0 80.0
92.0 82.0
119.0 82.0
145.0 82.0
90.0 83.0
75.0 84.0
94.0 84.0
74.0 84.0
109.0 87.0
159.0 88.0
122.0 90.0
98.0 90.0
98.0 91.0
124.0 91.0
157.0 94.0
92.0 96.0
99.0 96.0
137.0 96.0
143.0 96.0
124.0 96.0
112.0 96.0
126.0 96.0
120.0 96.0
98.0 97.0
150.0 97.0
85.0 98.0
133.0 98.0
114.0 98.0
147.0 99.0
131.0 99.0
142.0 99.0
105.0 100.0
122.0 100.0
137.0 101.0
82.0 101.0
159.0 102.0
84.0 102.0
113.0 102.0
135.0 103.0
99.0 103.0
105.0 104.0
151.0 104.0
157.0 104.0
139.0 104.0
161.0 104.0
111.0 105.0
108.0 105.0
98.0 106.0
160.0 107.0
159.0 107.0
150.0 107.0
113.0 107.0
111.0 107.0
108.0 107.0
118.0 108.0
114.0 108.0
122.0 109.0
106.0 109.0
110.0 109.0
114.0 109.0
137.0 110.0
115.0 110.0
121.0 110.0
116.0 110.0
150.0 110.0
136.0 110.0
100.0 111.0
168.0 111.0
117.0 112.0
116.0 112.0
97.0 112.0
116.0 112.0
114.0 114.0
120.0 114.0
145.0 115.0
84.0 115.0
129.0 115.0
101.0 115.0
120.0 115.0
116.0 116.0
128.0 116.0
112.0 116.0
115.0 116.0
123.0 116.0
114.0 117.0
145.0 117.0
122.0 117.0
124.0 117.0
101.0 117.0
101.0 117.0
113.0 117.0
127.0 117.0
126.0 117.0
133.0 117.0
117.0 118.0
129.0 118.0
120.0 119.0
128.0 119.0
117.0 119.0
125.0 119.0
128.0 119.0
125.0 119.0
147.0 120.0
136.0 120.0
127.0 120.0
130.0 120.0
126.0 121.0
123.0 121.0
106.0 121.0
121.0 121.0
117.0 122.0
134.0 122.0
141.0 122.0
131.0 122.0
116.0 122.0
130.0 123.0
128.0 125.0
161.0 127.0
111.0 128.0
145.0 129.0
108.0 129.0
130.0 129.0
165.0 130.0
154.0 130.0
134.0 130.0
132.0 130.0
131.0 131.0
134.0 131.0
107.0 131.0
124.0 131.0
142.0 132.0
117.0 133.0
128.0 133.0
141.0 134.0
115.0 134.0
89.0 135.0
103.0 135.0
139.0 136.0
152.0 136.0
134.0 136.0
111.0 137.0
124.0 138.0
117.0 138.0
135.0 139.0
171.0 140.0
178.0 143.0
136.0 144.0
140.0 144.0
169.0 145.0
141.0 145.0
120.0 145.0
162.0 145.0
144.0 145.0
151.0 146.0
130.0 146.0
143.0 146.0
143.0 146.0
144.0 146.0
158.0 147.0
138.0 147.0
125.0 147.0
134.0 148.0
143.0 148.0
102.0 150.0
163.0 150.0
147.0 150.0
132.0 151.0
180.0 151.0
111.0 152.0
130.0 153.0
124.0 156.0
137.0 156.0
162.0 158.0
124.0 158.0
123.0 159.0
173.0 159.0
175.0 179.0
140.0 184.0
