104.0 74.0
109.0 85.0
125.0 93.0
158.0 97.0
156.0 105.0
156.0 107.0
133.0 109.0
126.0 109.0
110.0 110.0
106.0 111.0
114.0 112.0
82.0 114.0
107.0 114.0
105.0 116.0
127.0 117.0
128.0 117.0
133.0 119.0
127.0 121.0
110.0 122.0
125.0 124.0
114.0 125.0
105.0 126.0
124.0 127.0
167.0 127.0
121.0 127.0
155.0 129.0
129.0 129.0
152.0 131.0
127.0 131.0
120.0 132.0
143.0 133.0
121.0 133.0
137.0 137.0
131.0 137.0
115.0 137.0
139.0 138.0
108.0 140.0
109.0 141.0
84.0 141.0
126.0 145.0
153.0 151.0
109.0 159.0
