69.0 58.0
103.0 59.0
73.0 60.0
56.0 61.0
68.0 62.0
149.0 63.0
93.0 65.0
68.0 65.0
65.0 66.0
89.0 66.0
72.0 66.0
90.0 70.0
83.0 70.0
70.0 71.0
75.0 75.0
78.0 76.0
84.0 77.0
112.0 78.0
115.0 78.0
87.0 78.0
62.0 79.0
124.0 79.0
87.0 79.0
94.0 79.0
80.0 79.0
117.0 80.0
117.0 80.0
94.0 80.0
78.0 80.0
88.0 80.0
82.0 80.0
82.0 80.0
64.0 81.0
94.0 82.0
56.0 83.0
90.0 83.0
153.0 84.0
70.0 84.0
104.0 84.0
84.0 84.0
94.0 84.0
123.0 84.0
86.0 85.0
80.0 86.0
81.0 86.0
116.0 86.0
56.0 88.0
100.0 88.0
93.0 88.0
92.0 88.0
82.0 89.0
90.0 89.0
122.0 89.0
89.0 89.0
91.0 89.0
78.0 90.0
102.0 90.0
100.0 90.0
86.0 90.0
87.0 90.0
89.0 91.0
113.0 91.0
131.0 92.0
58.0 92.0
87.0 92.0
110.0 92.0
88.0 92.0
114.0 93.0
61.0 93.0
108.0 93.0
104.0 93.0
52.0 93.0
125.0 93.0
94.0 93.0
54.0 94.0
102.0 94.0
111.0 94.0
83.0 94.0
95.0 94.0
69.0 95.0
61.0 96.0
93.0 96.0
102.0 96.0
81.0 96.0
95.0 97.0
109.0 97.0
97.0 97.0
87.0 98.0
123.0 99.0
93.0 99.0
85.0 99.0
100.0 99.0
97.0 99.0
84.0 100.0
94.0 100.0
86.0 100.0
90.0 100.0
89.0 100.0
95.0 100.0
96.0 100.0
79.0 100.0
122.0 101.0
81.0 101.0
103.0 101.0
102.0 101.0
121.0 101.0
106.0 101.0
94.0 101.0
100.0 101.0
99.0 101.0
102.0 101.0
87.0 102.0
77.0 102.0
111.0 102.0
72.0 102.0
106.0 103.0
93.0 103.0
99.0 103.0
98.0 103.0
87.0 103.0
80.0 104.0
105.0 104.0
95.0 104.0
66.0 104.0
100.0 104.0
115.0 104.0
97.0 105.0
109.0 105.0
78.0 105.0
104.0 105.0
108.0 105.0
103.0 105.0
103.0 106.0
134.0 106.0
94.0 106.0
102.0 106.0
108.0 106.0
94.0 106.0
91.0 107.0
122.0 107.0
84.0 107.0
115.0 107.0
140.0 108.0
112.0 108.0
95.0 108.0
94.0 108.0
108.0 108.0
113.0 109.0
89.0 109.0
93.0 109.0
82.0 109.0
160.0 109.0
109.0 109.0
105.0 109.0
85.0 110.0
110.0 110.0
90.0 110.0
120.0 110.0
103.0 111.0
114.0 111.0
98.0 111.0
102.0 111.0
72.0 112.0
144.0 112.0
108.0 112.0
114.0 112.0
92.0 113.0
86.0 113.0
90.0 114.0
95.0 114.0
91.0 114.0
120.0 114.0
136.0 114.0
104.0 114.0
93.0 114.0
109.0 115.0
90.0 115.0
92.0 115.0
96.0 115.0
107.0 115.0
118.0 116.0
105.0 116.0
117.0 116.0
115.0 117.0
123.0 117.0
108.0 117.0
82.0 118.0
109.0 118.0
75.0 118.0
89.0 118.0
102.0 118.0
104.0 118.0
104.0 118.0
139.0 119.0
125.0 119.0
119.0 119.0
110.0 119.0
103.0 119.0
114.0 119.0
103.0 119.0
67.0 120.0
116.0 120.0
108.0 120.0
149.0 120.0
75.0 121.0
107.0 121.0
82.0 121.0
113.0 122.0
105.0 122.0
71.0 123.0
100.0 123.0
102.0 123.0
102.0 125.0
117.0 125.0
107.0 125.0
98.0 125.0
111.0 125.0
105.0 126.0
111.0 127.0
130.0 127.0
130.0 127.0
99.0 127.0
123.0 128.0
104.0 128.0
98.0 128.0
87.0 128.0
98.0 129.0
57.0 130.0
134.0 130.0
76.0 131.0
78.0 131.0
127.0 131.0
95.0 131.0
64.0 132.0
97.0 132.0
95.0 132.0
86.0 134.0
104.0 135.0
126.0 135.0
98.0 135.0
119.0 135.0
106.0 136.0
88.0 136.0
114.0 136.0
78.0 137.0
112.0 137.0
86.0 137.0
83.0 137.0
143.0 138.0
81.0 138.0
108.0 139.0
83.0 140.0
154.0 140.0
108.0 140.0
84.0 141.0
136.0 142.0
102.0 142.0
132.0 142.0
100.0 144.0
114.0 144.0
95.0 148.0
88.0 149.0
115.0 152.0
124.0 156.0
95.0 156.0
130.0 160.0
136.0 161.0
168.0 165.0
129.0 166.0
113.0 166.0
126.0 167.0
129.0 171.0
107.0 172.0
