105.0 93.0
108.0 99.0
71.0 101.0
138.0 104.0
107.0 106.0
102.0 106.0
108.0 106.0
112.0 111.0
95.0 112.0
117.0 112.0
116.0 113.0
125.0 113.0
120.0 114.0
121.0 115.0
118.0 116.0
119.0 117.0
113.0 118.0
120.0 119.0
114.0 119.0
117.0 119.0
115.0 119.0
118.0 119.0
117.0 120.0
117.0 121.0
125.0 121.0
108.0 122.0
122.0 122.0
106.0 122.0
121.0 122.0
132.0 123.0
116.0 123.0
110.0 123.0
125.0 123.0
101.0 123.0
129.0 123.0
115.0 124.0
124.0 124.0
124.0 124.0
116.0 125.0
104.0 125.0
123.0 126.0
113.0 126.0
127.0 126.0
113.0 126.0
116.0 127.0
135.0 127.0
117.0 127.0
117.0 127.0
122.0 127.0
123.0 128.0
121.0 128.0
119.0 128.0
131.0 129.0
110.0 129.0
124.0 129.0
130.0 130.0
116.0 130.0
120.0 130.0
108.0 131.0
137.0 133.0
118.0 134.0
122.0 136.0
113.0 138.0
141.0 139.0
118.0 140.0
120.0 143.0
106.0 156.0
