142.0 61.0
129.0 65.0
93.0 65.0
84.0 65.0
122.0 66.0
78.0 70.0
74.0 72.0
94.0 73.0
75.0 75.0
79.0 76.0
80.0 76.0
80.0 79.0
78.0 80.0
82.0 80.0
82.0 80.0
89.0 82.0
94.0 82.0
89.0 85.0
83.0 86.0
71.0 86.0
108.0 86.0
78.0 87.0
105.0 88.0
92.0 92.0
58.0 92.0
73.0 92.0
110.0 92.0
91.0 93.0
88.0 93.0
76.0 94.0
83.0 94.0
90.0 97.0
109.0 97.0
90.0 100.0
89.0 100.0
96.0 100.0
140.0 101.0
81.0 101.0
77.0 102.0
99.0 103.0
80.0 104.0
82.0 104.0
112.0 104.0
77.0 105.0
78.0 105.0
94.0 106.0
89.0 109.0
114.0 111.0
113.0 111.0
86.0 113.0
82.0 114.0
120.0 114.0
136.0 114.0
118.0 116.0
108.0 117.0
106.0 120.0
67.0 120.0
98.0 125.0
101.0 126.0
104.0 135.0
