191.0 118.0
176.0 126.0
131.0 127.0
98.0 128.0
165.0 128.0
171.0 135.0
148.0 137.0
166.0 138.0
153.0 144.0
156.0 149.0
169.0 149.0
159.0 149.0
159.0 149.0
156.0 150.0
151.0 152.0
164.0 153.0
171.0 153.0
164.0 154.0
169.0 154.0
163.0 156.0
157.0 156.0
180.0 157.0
177.0 157.0
182.0 159.0
162.0 159.0
170.0 160.0
174.0 161.0
155.0 161.0
174.0 162.0
114.0 162.0
176.0 163.0
175.0 163.0
172.0 164.0
165.0 167.0
159.0 168.0
163.0 169.0
169.0 174.0
171.0 175.0
163.0 179.0
168.0 179.0
156.0 180.0
