30.403798124521664 39.6808464909462
36.36419464890026 44.998692134053876
39.56099690223751 45.03029951265373
49.94112632968799 46.63897062291662
49.04338747211455 48.3399133175295
53.91347394473935 48.516421680465854
64.27242545095045 54.60520308095883
65.16324431981644 55.228630628720445
49.50411612378915 55.99593538066532
71.70705433926425 57.310013408651066
68.65003358541433 59.41309869989954
55.6798676001317 60.53421797544482
56.451593513769765 60.9534043212509
120.49903177050109 61.154667950772556
64.80899645809434 61.21739131276583
57.2264784494602 61.3682936272151
69.24096030632813 62.94480328239104
69.79916226632639 63.75490160725424
73.1243616241694 64.30881923862655
56.26496145527036 64.77492418397715
66.63487370768442 64.87239164653587
66.51611414919479 65.41813278561625
78.35792398506763 66.83420511156646
61.39846486936663 68.8191004203594
59.99554214135016 70.5599924808964
89.62121671037796 71.71842597687643
84.37929430469964 71.98205679455567
82.59993983026423 72.04173273505705
82.65091058541746 72.20883621915743
63.50370932735377 73.82136991825953
79.6375735194221 75.70375761036
80.04965726860834 76.52284960735903
106.88037807153256 76.6252765698265
92.05430532255527 78.66543993285579
93.16954508785705 78.77655041214915
115.48234418355749 81.35110667235664
54.49358299761683 81.49648963601207
116.23920861300687 81.84886362798666
84.68860123194332 82.64570947229362
86.42805498098282 83.35469489503694
90.80425400051647 83.72944333445166
92.02670028808195 84.32558333836663
134.95725096159524 84.85946814171741
74.23255829741672 85.03072455533272
99.92273163568345 85.15594477871385
87.87815996176141 85.23368277576512
80.33837844830867 85.380759060449
86.26628691564557 86.14360058077064
109.37187946468396 87.02284612021204
78.8801092884271 87.10281832928347
72.90363264027272 89.64091111479689
81.89163285392712 89.80265948352556
93.36048406948248 90.14711604948315
77.92488841982636 90.27753879574318
119.86032898900922 90.846071386772
87.47001187815746 91.46437133072708
104.7395162799067 91.93541688692869
110.54127377928951 92.03026497620777
82.7995837332032 92.08201806893629
90.72164015833096 94.21094904724508
93.99731598419451 94.71630127341452
101.40547413775843 95.37037215081052
143.26232326034884 96.53538945204032
79.43223801415918 96.87311783284402
124.73212391870068 98.56202849704998
92.86768710640328 98.58842089769368
101.48056231473946 98.9378477505519
122.84964441832554 99.64225708381112
94.42466859889754 100.34222750282133
116.45561998250183 100.63188555671991
91.16737659034762 100.64616974118215
121.7174808879004 100.80489582174764
119.16421387116411 101.41902064580484
95.88431106238974 101.43841374231104
105.08282196064575 101.60420614403426
84.9159690694032 101.64966325485938
103.16204268383922 101.76185323655659
114.64391438232026 102.08999028864942
115.4416012517315 102.67214145513822
80.5594810730907 103.37663965672499
83.49402798294581 103.82448926742454
83.4695377106678 103.86537533702932
102.97748194440557 104.54516917412919
109.9692649870081 104.61323646545162
106.08560360368934 105.31158307647208
99.00660560478532 105.39911328506714
91.63889104500039 106.30601580786814
154.98074233695823 106.445484677594
94.37271292922321 106.46514934177755
151.54289198844566 107.21418149611652
91.92484553785901 107.61849743031914
135.09847040927693 107.6581383143596
97.02767095168808 107.78355658946896
128.3818552762491 108.68006261672738
110.17397115182574 108.95866727019407
107.59924366196066 108.9732780969599
140.1450278304081 109.18473802262349
144.23103363399824 110.42051104784434
109.44505798814463 110.45298755559118
103.88011359700474 110.77293108072308
112.2966825764622 111.18354533998671
111.73294846966611 111.31327763216498
132.91058244349887 111.56177239510133
126.48929831932087 112.33472091911482
113.88293997560034 112.48605508809722
165.78978538252073 113.76366916707839
101.43030780293203 114.5413905231397
126.34995088487146 114.6728252974291
147.21151765503242 114.94690588045118
92.33523421363336 114.99864859659868
112.30629106781761 115.28230478847966
112.75898928304488 115.92282042330369
98.05536279934654 116.01076769723741
88.81835185771554 116.36986344333062
125.75902878288304 116.86938390564926
119.2629333223362 117.38255688728385
92.52434294881122 117.49539351354836
111.47230418650786 117.51120958281666
110.06083212703514 117.8426365647782
119.97462610831641 118.47876468386495
117.97590850402054 118.5956628025914
146.2352975848729 119.17027104012433
115.77535218604243 119.48769952673575
121.28979659330216 119.94217290802413
125.3919045358703 120.47218904764557
131.79586288076015 120.63537382346861
110.36672759523324 120.88703643663227
141.67521463337005 120.9240533107477
122.63840488743101 122.51802576850297
102.69896840630994 123.19757937228918
120.8003445957313 123.29875082681168
102.76714621616539 123.48634831231011
125.60579647492496 123.59327123153214
138.06848399738735 125.31910973419808
132.3239177700803 125.72750114561973
122.8562762481928 126.24596510938112
143.76760719558058 126.66839299816186
121.22270685172985 127.6834761966625
125.26409825488344 127.82019163689222
127.61119649330301 127.91759761281239
130.63171874537784 128.3916008501995
121.8929194714836 128.45906630281303
130.47214787890013 128.79821694912522
122.92836034579429 129.2083281794931
135.918824508832 129.72188096835114
127.82288492652987 129.8924719523621
134.72202292884376 130.183300421472
119.85667116623326 130.2997369432812
161.51223168589695 131.00793540852413
135.9876466667389 131.38051816666513
140.7900328740626 132.3296908274099
125.74978314594019 132.36842132152148
158.23162735528535 133.1625147059516
132.77804329280954 134.07546128372968
125.30021256551193 134.56805663651878
143.65896484126853 134.70046203720315
159.37334107474246 135.18262653825408
127.23883469994928 135.2239405268285
120.51848101282486 135.56593873993555
113.27697683077538 135.65010990904537
132.06080083938522 135.92439251965132
116.24457018412319 136.30901236310305
166.94303438728662 136.90827179248032
153.8548283916793 137.04540983197603
134.05428405708554 137.52278898343266
125.12255350619856 137.87722981851104
94.17409492719702 138.75473844731704
141.80778687204088 139.16462170696684
105.0275808589966 139.9960202317728
139.98197394527406 140.14092677209118
136.03196544901468 140.21014150468469
165.28168516084307 140.43070402442746
137.92630533983157 140.61912078235775
121.12480105458368 140.832090118294
125.3371069046315 141.88358946958058
128.2786314238335 141.932818610423
114.42047641790758 142.2996438529535
112.02994710660505 142.50854681531413
145.3013685314816 142.5270040288512
136.68507243845835 142.5820704883721
141.98118356863105 142.86643977934082
145.4487748856946 142.9907311399655
110.34508767680462 143.20928859960694
137.61682749572864 143.7497370029626
150.10048142697747 143.7958426406175
105.5409060835668 144.0910082043592
119.1348171276663 144.39984619796255
150.15797950969292 145.2383589519766
150.34157458480107 145.62155460943274
132.82681112745612 145.70236543125586
120.85201283576005 147.0326122345897
124.72685660500156 147.10007725705503
164.9430787562624 147.15237479929007
117.08432266853625 147.3374770212963
148.64300535859823 147.44052128494062
137.78444389179091 147.788756234675
149.93292965880818 149.05096891918413
152.08610314661644 149.12360309200182
156.7906874004672 149.4058966304002
143.00724711775663 149.9658404803173
126.84100313586167 150.17823199076992
124.98482889917736 150.793114505858
126.08898875707817 151.22960983785896
150.57393846335341 151.59473700917528
161.71906587609644 151.95663074966834
152.1777266114896 153.3111449953617
154.33146642699552 153.48699285275475
149.92696347127003 153.80834877092516
153.87586074637377 154.76948152491255
173.45866464559066 154.8926395860361
161.44831634097383 155.0326109422012
172.1685189227628 155.67243918435875
168.29095483785594 155.67499705808632
137.39059366379618 156.98205641001195
152.16131126914712 157.0713835113055
161.86539439870134 157.1431295370799
139.84087536741765 157.87741143568425
158.52129500487558 159.29114963094224
142.06293633041886 159.47381883241883
166.04492629743584 159.67891590076007
154.39183749928014 160.11084639711078
138.81609995696894 160.1621699706302
154.52343576224294 160.87527169947361
188.54464520228615 163.82444129086963
162.78151782678424 163.87063032770345
166.3661690015846 164.51300144860815
170.54045370904973 164.89699438728357
167.9927904685391 165.28679488373822
178.32926781604826 165.89227674970812
157.93402587234698 165.97739834562321
133.87628636543585 166.19764569198688
135.1949663680105 166.41040621375632
152.85611544222422 166.44673039554297
164.8402764314002 168.6225269851956
157.91562434117898 169.50659385976184
176.42493355624978 170.08202998783233
167.09077815264794 170.66791853838498
164.59496741704814 170.7472093289249
175.04898613535053 171.81305014063514
171.35671738038553 172.62678561218985
179.04043813826362 173.25955435175504
150.5234986839744 175.42035121499617
166.37266469297612 176.09462712445657
176.25277262117902 176.0962867734626
184.48996776271417 178.06745234960744
178.8998552757899 178.622771347924
171.51134997379637 181.60522719214245
179.0846397923255 183.15931689951165
174.81853660849418 184.93640830430826
185.3839112000755 185.2975084162163
192.25033220890558 188.42007132817514
188.7316627215317 189.3014563620224
190.87526840757647 189.69238557964232
186.84479038709011 189.88980429651423
202.0167097942641 198.01953717219072
197.7687498806138 199.73743204546443
