32.0 23.0
85.0 33.0
33.0 34.0
62.0 38.0
53.0 40.0
60.0 40.0
59.0 45.0
51.0 46.0
73.0 50.0
56.0 50.0
58.0 50.0
101.0 51.0
80.0 52.0
161.0 53.0
61.0 53.0
86.0 56.0
49.0 56.0
77.0 56.0
65.0 57.0
68.0 57.0
56.0 59.0
60.0 60.0
58.0 60.0
55.0 61.0
81.0 62.0
88.0 62.0
94.0 63.0
53.0 64.0
59.0 65.0
90.0 65.0
73.0 66.0
70.0 66.0
71.0 66.0
80.0 66.0
78.0 67.0
108.0 67.0
55.0 68.0
101.0 68.0
104.0 68.0
76.0 69.0
70.0 70.0
65.0 70.0
70.0 71.0
99.0 71.0
52.0 71.0
96.0 71.0
68.0 71.0
108.0 72.0
67.0 72.0
72.0 72.0
78.0 73.0
75.0 73.0
78.0 73.0
103.0 73.0
90.0 74.0
75.0 75.0
87.0 75.0
56.0 75.0
85.0 75.0
86.0 75.0
75.0 76.0
106.0 76.0
80.0 76.0
97.0 76.0
91.0 76.0
93.0 78.0
78.0 78.0
75.0 78.0
61.0 79.0
84.0 79.0
95.0 79.0
76.0 79.0
113.0 80.0
87.0 80.0
90.0 81.0
87.0 81.0
68.0 82.0
89.0 82.0
83.0 82.0
83.0 82.0
94.0 83.0
82.0 83.0
76.0 83.0
138.0 84.0
118.0 84.0
98.0 84.0
89.0 84.0
79.0 84.0
110.0 84.0
125.0 84.0
73.0 85.0
109.0 85.0
67.0 85.0
80.0 85.0
115.0 86.0
76.0 86.0
86.0 86.0
98.0 87.0
109.0 87.0
72.0 88.0
113.0 88.0
98.0 88.0
89.0 89.0
105.0 89.0
106.0 89.0
75.0 89.0
172.0 90.0
92.0 90.0
89.0 90.0
100.0 90.0
105.0 90.0
93.0 90.0
89.0 91.0
80.0 91.0
134.0 91.0
91.0 91.0
126.0 92.0
117.0 92.0
100.0 92.0
87.0 92.0
83.0 92.0
80.0 92.0
86.0 92.0
107.0 93.0
86.0 93.0
81.0 93.0
71.0 94.0
86.0 94.0
91.0 94.0
94.0 94.0
81.0 95.0
98.0 95.0
88.0 95.0
102.0 96.0
73.0 96.0
68.0 96.0
92.0 97.0
81.0 97.0
109.0 97.0
109.0 97.0
95.0 98.0
89.0 98.0
99.0 98.0
82.0 99.0
89.0 99.0
102.0 99.0
129.0 100.0
111.0 100.0
111.0 100.0
110.0 101.0
95.0 101.0
73.0 102.0
73.0 102.0
84.0 102.0
147.0 103.0
105.0 103.0
79.0 103.0
90.0 103.0
93.0 104.0
126.0 105.0
89.0 105.0
92.0 105.0
111.0 105.0
109.0 105.0
143.0 106.0
94.0 106.0
91.0 106.0
68.0 106.0
63.0 107.0
107.0 107.0
108.0 107.0
108.0 107.0
96.0 108.0
85.0 108.0
95.0 108.0
119.0 109.0
114.0 109.0
107.0 109.0
113.0 110.0
129.0 111.0
107.0 112.0
94.0 112.0
93.0 112.0
121.0 113.0
79.0 113.0
105.0 113.0
112.0 113.0
106.0 114.0
99.0 114.0
114.0 116.0
91.0 116.0
81.0 117.0
75.0 117.0
106.0 117.0
123.0 118.0
121.0 118.0
88.0 119.0
114.0 120.0
83.0 120.0
98.0 120.0
113.0 121.0
102.0 122.0
130.0 123.0
65.0 126.0
100.0 126.0
99.0 128.0
98.0 129.0
91.0 131.0
91.0 134.0
127.0 134.0
125.0 135.0
96.0 137.0
103.0 137.0
75.0 137.0
135.0 137.0
94.0 141.0
144.0 141.0
153.0 145.0
129.0 146.0
110.0 146.0
130.0 147.0
116.0 153.0
123.0 153.0
110.0 163.0
