63.0 59.0
105.0 68.0
88.0 72.0
92.0 76.0
98.0 76.0
94.0 76.0
132.0 77.0
80.0 78.0
98.0 78.0
72.0 81.0
77.0 81.0
102.0 81.0
90.0 81.0
59.0 82.0
92.0 82.0
95.0 82.0
82.0 83.0
107.0 84.0
80.0 85.0
107.0 87.0
91.0 87.0
103.0 88.0
105.0 88.0
139.0 91.0
118.0 92.0
92.0 92.0
117.0 93.0
93.0 94.0
93.0 94.0
117.0 95.0
95.0 96.0
88.0 98.0
109.0 100.0
104.0 104.0
77.0 105.0
104.0 105.0
112.0 106.0
99.0 107.0
106.0 107.0
103.0 108.0
120.0 111.0
77.0 112.0
94.0 116.0
