129.0 122.0
140.0 126.0
144.0 127.0
146.0 130.0
91.0 131.0
148.0 132.0
138.0 133.0
138.0 133.0
134.0 134.0
134.0 135.0
154.0 135.0
141.0 135.0
150.0 136.0
132.0 136.0
145.0 136.0
146.0 138.0
155.0 138.0
148.0 138.0
138.0 139.0
141.0 139.0
151.0 139.0
141.0 139.0
139.0 139.0
147.0 140.0
145.0 140.0
142.0 141.0
142.0 142.0
145.0 142.0
146.0 143.0
154.0 143.0
139.0 146.0
161.0 146.0
142.0 146.0
149.0 147.0
146.0 148.0
160.0 148.0
129.0 148.0
153.0 148.0
143.0 149.0
144.0 150.0
153.0 151.0
141.0 152.0
152.0 152.0
146.0 153.0
157.0 154.0
160.0 155.0
137.0 156.0
149.0 158.0
150.0 158.0
