-10.235435157549919 -9.672508760567855
-8.58130131763092 12.327569339143428
-10.235435157549919 -9.672508760567855
10.143588844194662 10.042064461508836
10.921037255220606 -11.02997635577635
-8.58130131763092 12.327569339143428
10.921037255220606 -11.02997635577635
-10.235435157549919 -9.672508760567855
-10.235435157549919 -9.672508760567855
-10.235435157549919 -9.672508760567855
-8.58130131763092 12.327569339143428
10.921037255220606 -11.02997635577635
-10.235435157549919 -9.672508760567855
10.143588844194662 10.042064461508836
-10.235435157549919 -9.672508760567855
10.143588844194662 10.042064461508836
10.143588844194662 10.042064461508836
-10.235435157549919 -9.672508760567855
10.143588844194662 10.042064461508836
10.921037255220606 -11.02997635577635
-10.235435157549919 -9.672508760567855
-10.235435157549919 -9.672508760567855
-10.235435157549919 -9.672508760567855
-10.235435157549919 -9.672508760567855
-10.235435157549919 -9.672508760567855
10.921037255220606 -11.02997635577635
-10.235435157549919 -9.672508760567855
-10.235435157549919 -9.672508760567855
10.143588844194662 10.042064461508836
-10.235435157549919 -9.672508760567855
10.143588844194662 10.042064461508836
10.143588844194662 10.042064461508836
-10.235435157549919 -9.672508760567855
10.143588844194662 10.042064461508836
10.921037255220606 -11.02997635577635
-10.235435157549919 -9.672508760567855
-10.235435157549919 -9.672508760567855
10.143588844194662 10.042064461508836
10.143588844194662 10.042064461508836
10.143588844194662 10.042064461508836
10.921037255220606 -11.02997635577635
10.143588844194662 10.042064461508836
10.143588844194662 10.042064461508836
-10.235435157549919 -9.672508760567855
-8.58130131763092 12.327569339143428
10.921037255220606 -11.02997635577635
-10.235435157549919 -9.672508760567855
10.143588844194662 10.042064461508836
-10.235435157549919 -9.672508760567855
10.143588844194662 10.042064461508836
-10.235435157549919 -9.672508760567855
-10.235435157549919 -9.672508760567855
10.921037255220606 -11.02997635577635
10.143588844194662 10.042064461508836
10.921037255220606 -11.02997635577635
-10.235435157549919 -9.672508760567855
10.143588844194662 10.042064461508836
-10.235435157549919 -9.672508760567855
10.143588844194662 10.042064461508836
-10.235435157549919 -9.672508760567855
10.143588844194662 10.042064461508836
-10.235435157549919 -9.672508760567855
10.143588844194662 10.042064461508836
10.143588844194662 10.042064461508836
-10.235435157549919 -9.672508760567855
10.143588844194662 10.042064461508836
10.143588844194662 10.042064461508836
10.143588844194662 10.042064461508836
-10.235435157549919 -9.672508760567855
10.143588844194662 10.042064461508836
10.921037255220606 -11.02997635577635
-10.235435157549919 -9.672508760567855
-10.235435157549919 -9.672508760567855
10.143588844194662 10.042064461508836
-10.235435157549919 -9.672508760567855
10.921037255220606 -11.02997635577635
10.143588844194662 10.042064461508836
10.921037255220606 -11.02997635577635
10.921037255220606 -11.02997635577635
-10.235435157549919 -9.672508760567855
-10.235435157549919 -9.672508760567855
10.143588844194662 10.042064461508836
10.143588844194662 10.042064461508836
-10.235435157549919 -9.672508760567855
10.143588844194662 10.042064461508836
-10.235435157549919 -9.672508760567855
10.143588844194662 10.042064461508836
10.143588844194662 10.042064461508836
-8.58130131763092 12.327569339143428
10.921037255220606 -11.02997635577635
10.143588844194662 10.042064461508836
10.143588844194662 10.042064461508836
10.143588844194662 10.042064461508836
10.143588844194662 10.042064461508836
10.921037255220606 -11.02997635577635
10.143588844194662 10.042064461508836
-10.235435157549919 -9.672508760567855
10.921037255220606 -11.02997635577635
-10.235435157549919 -9.672508760567855
-10.235435157549919 -9.672508760567855
-10.235435157549919 -9.672508760567855
-10.235435157549919 -9.672508760567855
-10.235435157549919 -9.672508760567855
10.143588844194662 10.042064461508836
10.143588844194662 10.042064461508836
10.143588844194662 10.042064461508836
10.143588844194662 10.042064461508836
10.143588844194662 10.042064461508836
10.143588844194662 10.042064461508836
10.921037255220606 -11.02997635577635
10.143588844194662 10.042064461508836
10.143588844194662 10.042064461508836
10.143588844194662 10.042064461508836
-10.235435157549919 -9.672508760567855
-10.235435157549919 -9.672508760567855
10.143588844194662 10.042064461508836
-10.235435157549919 -9.672508760567855
10.143588844194662 10.042064461508836
10.921037255220606 -11.02997635577635
10.143588844194662 10.042064461508836
-10.235435157549919 -9.672508760567855
-10.235435157549919 -9.672508760567855
-10.235435157549919 -9.672508760567855
-10.235435157549919 -9.672508760567855
-10.235435157549919 -9.672508760567855
