-12.04240059578356 -8.702601600482915
-8.592006769212377 12.332256157375571
-10.337118894856303 -13.596991558555
10.142572435640986 10.042217125180905
9.939212613682052 -10.350182397971329
-8.592006769212377 12.332256157375571
9.939212613682052 -10.350182397971329
-10.337118894856303 -13.596991558555
-6.306801870037364 -8.956490692332702
-10.337118894856303 -13.596991558555
-8.592006769212377 12.332256157375571
9.939212613682052 -10.350182397971329
-10.841202610583172 -3.4452880161324724
10.142572435640986 10.042217125180905
-12.04240059578356 -8.702601600482915
10.142572435640986 10.042217125180905
10.142572435640986 10.042217125180905
-12.04240059578356 -8.702601600482915
10.142572435640986 10.042217125180905
14.616261377922475 -14.37722418549768
-12.04240059578356 -8.702601600482915
2.0598327034636967 -2.959858948541206
-10.337118894856303 -13.596991558555
-12.04240059578356 -8.702601600482915
-6.306801870037364 -8.956490692332702
9.939212613682052 -10.350182397971329
-10.841202610583172 -3.4452880161324724
-12.04240059578356 -8.702601600482915
10.142572435640986 10.042217125180905
-12.04240059578356 -8.702601600482915
10.142572435640986 10.042217125180905
10.142572435640986 10.042217125180905
-12.04240059578356 -8.702601600482915
10.142572435640986 10.042217125180905
9.939212613682052 -10.350182397971329
-12.04240059578356 -8.702601600482915
-12.04240059578356 -8.702601600482915
10.142572435640986 10.042217125180905
10.142572435640986 10.042217125180905
10.142572435640986 10.042217125180905
14.616261377922475 -14.37722418549768
10.142572435640986 10.042217125180905
10.142572435640986 10.042217125180905
-12.04240059578356 -8.702601600482915
-8.592006769212377 12.332256157375571
14.616261377922475 -14.37722418549768
-12.04240059578356 -8.702601600482915
10.142572435640986 10.042217125180905
-12.04240059578356 -8.702601600482915
10.142572435640986 10.042217125180905
-10.841202610583172 -3.4452880161324724
-12.04240059578356 -8.702601600482915
9.939212613682052 -10.350182397971329
10.142572435640986 10.042217125180905
9.939212613682052 -10.350182397971329
-6.306801870037364 -8.956490692332702
10.142572435640986 10.042217125180905
-10.841202610583172 -3.4452880161324724
10.142572435640986 10.042217125180905
-6.306801870037364 -8.956490692332702
10.142572435640986 10.042217125180905
-6.306801870037364 -8.956490692332702
10.142572435640986 10.042217125180905
10.142572435640986 10.042217125180905
-10.337118894856303 -13.596991558555
10.142572435640986 10.042217125180905
10.142572435640986 10.042217125180905
10.142572435640986 10.042217125180905
-6.306801870037364 -8.956490692332702
10.142572435640986 10.042217125180905
9.939212613682052 -10.350182397971329
-10.337118894856303 -13.596991558555
-12.04240059578356 -8.702601600482915
10.142572435640986 10.042217125180905
-12.04240059578356 -8.702601600482915
9.939212613682052 -10.350182397971329
10.142572435640986 10.042217125180905
9.939212613682052 -10.350182397971329
14.616261377922475 -14.37722418549768
-12.04240059578356 -8.702601600482915
-12.04240059578356 -8.702601600482915
10.142572435640986 10.042217125180905
10.142572435640986 10.042217125180905
-10.337118894856303 -13.596991558555
10.142572435640986 10.042217125180905
-10.337118894856303 -13.596991558555
10.142572435640986 10.042217125180905
10.142572435640986 10.042217125180905
-8.592006769212377 12.332256157375571
14.616261377922475 -14.37722418549768
10.142572435640986 10.042217125180905
10.142572435640986 10.042217125180905
10.142572435640986 10.042217125180905
10.142572435640986 10.042217125180905
9.939212613682052 -10.350182397971329
10.142572435640986 10.042217125180905
-6.306801870037364 -8.956490692332702
9.939212613682052 -10.350182397971329
-10.337118894856303 -13.596991558555
-10.337118894856303 -13.596991558555
-10.337118894856303 -13.596991558555
-12.04240059578356 -8.702601600482915
-12.04240059578356 -8.702601600482915
10.142572435640986 10.042217125180905
10.142572435640986 10.042217125180905
10.142572435640986 10.042217125180905
10.142572435640986 10.042217125180905
10.142572435640986 10.042217125180905
10.142572435640986 10.042217125180905
2.0598327034636967 -2.959858948541206
10.142572435640986 10.042217125180905
10.142572435640986 10.042217125180905
10.142572435640986 10.042217125180905
-12.04240059578356 -8.702601600482915
-10.337118894856303 -13.596991558555
10.142572435640986 10.042217125180905
-6.306801870037364 -8.956490692332702
10.142572435640986 10.042217125180905
9.939212613682052 -10.350182397971329
10.142572435640986 10.042217125180905
-10.337118894856303 -13.596991558555
-10.337118894856303 -13.596991558555
-10.337118894856303 -13.596991558555
-6.306801870037364 -8.956490692332702
-12.04240059578356 -8.702601600482915
