-10.121551352683658 -7.666568849952961
-8.581973627123634 12.322018499340903
-10.431430487502658 -13.230466881513552
10.144454286830912 10.043533794279286
10.927214197871264 -11.041610946926424
-8.581973627123634 12.322018499340903
10.927214197871264 -11.041610946926424
-10.431430487502658 -13.230466881513552
-10.121551352683658 -7.666568849952961
-10.431430487502658 -13.230466881513552
-8.581973627123634 12.322018499340903
10.927214197871264 -11.041610946926424
-10.121551352683658 -7.666568849952961
10.144454286830912 10.043533794279286
-10.431430487502658 -13.230466881513552
10.144454286830912 10.043533794279286
10.144454286830912 10.043533794279286
-10.121551352683658 -7.666568849952961
10.144454286830912 10.043533794279286
10.927214197871264 -11.041610946926424
-10.121551352683658 -7.666568849952961
-10.121551352683658 -7.666568849952961
-10.431430487502658 -13.230466881513552
-10.121551352683658 -7.666568849952961
-10.121551352683658 -7.666568849952961
10.927214197871264 -11.041610946926424
-10.121551352683658 -7.666568849952961
-10.121551352683658 -7.666568849952961
10.144454286830912 10.043533794279286
-10.431430487502658 -13.230466881513552
10.144454286830912 10.043533794279286
10.144454286830912 10.043533794279286
-10.121551352683658 -7.666568849952961
10.144454286830912 10.043533794279286
10.927214197871264 -11.041610946926424
-10.121551352683658 -7.666568849952961
-10.121551352683658 -7.666568849952961
10.144454286830912 10.043533794279286
10.144454286830912 10.043533794279286
10.144454286830912 10.043533794279286
10.927214197871264 -11.041610946926424
10.144454286830912 10.043533794279286
10.144454286830912 10.043533794279286
-10.121551352683658 -7.666568849952961
-8.581973627123634 12.322018499340903
10.927214197871264 -11.041610946926424
-10.121551352683658 -7.666568849952961
10.144454286830912 10.043533794279286
-10.121551352683658 -7.666568849952961
10.144454286830912 10.043533794279286
-10.121551352683658 -7.666568849952961
-10.121551352683658 -7.666568849952961
10.927214197871264 -11.041610946926424
10.144454286830912 10.043533794279286
10.927214197871264 -11.041610946926424
-10.121551352683658 -7.666568849952961
10.144454286830912 10.043533794279286
-10.121551352683658 -7.666568849952961
10.144454286830912 10.043533794279286
-10.431430487502658 -13.230466881513552
10.144454286830912 10.043533794279286
-10.121551352683658 -7.666568849952961
10.144454286830912 10.043533794279286
10.144454286830912 10.043533794279286
-10.431430487502658 -13.230466881513552
10.144454286830912 10.043533794279286
10.144454286830912 10.043533794279286
10.144454286830912 10.043533794279286
-10.121551352683658 -7.666568849952961
10.144454286830912 10.043533794279286
10.927214197871264 -11.041610946926424
-10.431430487502658 -13.230466881513552
-10.121551352683658 -7.666568849952961
10.144454286830912 10.043533794279286
-10.121551352683658 -7.666568849952961
10.927214197871264 -11.041610946926424
10.144454286830912 10.043533794279286
10.927214197871264 -11.041610946926424
10.927214197871264 -11.041610946926424
-10.121551352683658 -7.666568849952961
-10.121551352683658 -7.666568849952961
10.144454286830912 10.043533794279286
10.144454286830912 10.043533794279286
-10.431430487502658 -13.230466881513552
10.144454286830912 10.043533794279286
-10.431430487502658 -13.230466881513552
10.144454286830912 10.043533794279286
10.144454286830912 10.043533794279286
-8.581973627123634 12.322018499340903
10.927214197871264 -11.041610946926424
10.144454286830912 10.043533794279286
10.144454286830912 10.043533794279286
10.144454286830912 10.043533794279286
10.144454286830912 10.043533794279286
10.927214197871264 -11.041610946926424
10.144454286830912 10.043533794279286
-10.121551352683658 -7.666568849952961
10.927214197871264 -11.041610946926424
-10.431430487502658 -13.230466881513552
-10.431430487502658 -13.230466881513552
-10.431430487502658 -13.230466881513552
-10.121551352683658 -7.666568849952961
-10.431430487502658 -13.230466881513552
10.144454286830912 10.043533794279286
10.144454286830912 10.043533794279286
10.144454286830912 10.043533794279286
10.144454286830912 10.043533794279286
10.144454286830912 10.043533794279286
10.144454286830912 10.043533794279286
10.927214197871264 -11.041610946926424
10.144454286830912 10.043533794279286
10.144454286830912 10.043533794279286
10.144454286830912 10.043533794279286
-10.121551352683658 -7.666568849952961
-10.431430487502658 -13.230466881513552
10.144454286830912 10.043533794279286
-10.121551352683658 -7.666568849952961
10.144454286830912 10.043533794279286
10.927214197871264 -11.041610946926424
10.144454286830912 10.043533794279286
-10.431430487502658 -13.230466881513552
-10.431430487502658 -13.230466881513552
-10.431430487502658 -13.230466881513552
-10.121551352683658 -7.666568849952961
-10.121551352683658 -7.666568849952961
