-10.234703255539152 -9.656390789243899
8.454038768640597 10.24969939750704
-10.234703255539152 -9.656390789243899
8.454038768640597 10.24969939750704
10.92057106849638 -11.025038479965653
8.454038768640597 10.24969939750704
10.92057106849638 -11.025038479965653
-10.234703255539152 -9.656390789243899
-10.234703255539152 -9.656390789243899
-10.234703255539152 -9.656390789243899
8.454038768640597 10.24969939750704
10.92057106849638 -11.025038479965653
-10.234703255539152 -9.656390789243899
8.454038768640597 10.24969939750704
-10.234703255539152 -9.656390789243899
8.454038768640597 10.24969939750704
8.454038768640597 10.24969939750704
-10.234703255539152 -9.656390789243899
8.454038768640597 10.24969939750704
10.92057106849638 -11.025038479965653
-10.234703255539152 -9.656390789243899
-10.234703255539152 -9.656390789243899
-10.234703255539152 -9.656390789243899
-10.234703255539152 -9.656390789243899
-10.234703255539152 -9.656390789243899
10.92057106849638 -11.025038479965653
-10.234703255539152 -9.656390789243899
-10.234703255539152 -9.656390789243899
8.454038768640597 10.24969939750704
-10.234703255539152 -9.656390789243899
8.454038768640597 10.24969939750704
8.454038768640597 10.24969939750704
-10.234703255539152 -9.656390789243899
8.454038768640597 10.24969939750704
10.92057106849638 -11.025038479965653
-10.234703255539152 -9.656390789243899
-10.234703255539152 -9.656390789243899
8.454038768640597 10.24969939750704
8.454038768640597 10.24969939750704
8.454038768640597 10.24969939750704
10.92057106849638 -11.025038479965653
8.454038768640597 10.24969939750704
8.454038768640597 10.24969939750704
-10.234703255539152 -9.656390789243899
8.454038768640597 10.24969939750704
10.92057106849638 -11.025038479965653
-10.234703255539152 -9.656390789243899
8.454038768640597 10.24969939750704
-10.234703255539152 -9.656390789243899
8.454038768640597 10.24969939750704
-10.234703255539152 -9.656390789243899
-10.234703255539152 -9.656390789243899
10.92057106849638 -11.025038479965653
8.454038768640597 10.24969939750704
10.92057106849638 -11.025038479965653
-10.234703255539152 -9.656390789243899
8.454038768640597 10.24969939750704
-10.234703255539152 -9.656390789243899
8.454038768640597 10.24969939750704
-10.234703255539152 -9.656390789243899
8.454038768640597 10.24969939750704
-10.234703255539152 -9.656390789243899
8.454038768640597 10.24969939750704
8.454038768640597 10.24969939750704
-10.234703255539152 -9.656390789243899
8.454038768640597 10.24969939750704
8.454038768640597 10.24969939750704
8.454038768640597 10.24969939750704
-10.234703255539152 -9.656390789243899
8.454038768640597 10.24969939750704
10.92057106849638 -11.025038479965653
-10.234703255539152 -9.656390789243899
-10.234703255539152 -9.656390789243899
8.454038768640597 10.24969939750704
-10.234703255539152 -9.656390789243899
10.92057106849638 -11.025038479965653
8.454038768640597 10.24969939750704
10.92057106849638 -11.025038479965653
10.92057106849638 -11.025038479965653
-10.234703255539152 -9.656390789243899
-10.234703255539152 -9.656390789243899
8.454038768640597 10.24969939750704
8.454038768640597 10.24969939750704
-10.234703255539152 -9.656390789243899
8.454038768640597 10.24969939750704
-10.234703255539152 -9.656390789243899
8.454038768640597 10.24969939750704
8.454038768640597 10.24969939750704
8.454038768640597 10.24969939750704
10.92057106849638 -11.025038479965653
8.454038768640597 10.24969939750704
8.454038768640597 10.24969939750704
8.454038768640597 10.24969939750704
8.454038768640597 10.24969939750704
10.92057106849638 -11.025038479965653
8.454038768640597 10.24969939750704
-10.234703255539152 -9.656390789243899
10.92057106849638 -11.025038479965653
-10.234703255539152 -9.656390789243899
-10.234703255539152 -9.656390789243899
-10.234703255539152 -9.656390789243899
-10.234703255539152 -9.656390789243899
-10.234703255539152 -9.656390789243899
8.454038768640597 10.24969939750704
8.454038768640597 10.24969939750704
8.454038768640597 10.24969939750704
8.454038768640597 10.24969939750704
8.454038768640597 10.24969939750704
8.454038768640597 10.24969939750704
10.92057106849638 -11.025038479965653
8.454038768640597 10.24969939750704
8.454038768640597 10.24969939750704
8.454038768640597 10.24969939750704
-10.234703255539152 -9.656390789243899
-10.234703255539152 -9.656390789243899
8.454038768640597 10.24969939750704
-10.234703255539152 -9.656390789243899
8.454038768640597 10.24969939750704
10.92057106849638 -11.025038479965653
8.454038768640597 10.24969939750704
-10.234703255539152 -9.656390789243899
-10.234703255539152 -9.656390789243899
-10.234703255539152 -9.656390789243899
-10.234703255539152 -9.656390789243899
-10.234703255539152 -9.656390789243899
