-11.60808071537981 -7.715866226453351
-8.577701930528878 12.335481029199956
-7.633275963002935 -12.362645336589619
10.879303366260212 9.385084479127755
11.23997295941917 -11.481718948938829
-8.577701930528878 12.335481029199956
11.23997295941917 -11.481718948938829
-12.254723398989906 -12.64927838861483
-2.2371293351407693 -4.633296437680319
-12.254723398989906 -12.64927838861483
-8.577701930528878 12.335481029199956
11.23997295941917 -11.481718948938829
-11.60808071537981 -7.715866226453351
9.559062729153155 10.55532072230956
-12.254723398989906 -12.64927838861483
9.559062729153155 10.55532072230956
10.879303366260212 9.385084479127755
-11.60808071537981 -7.715866226453351
9.559062729153155 10.55532072230956
11.23997295941917 -11.481718948938829
-11.60808071537981 -7.715866226453351
-2.2371293351407693 -4.633296437680319
-12.254723398989906 -12.64927838861483
-11.60808071537981 -7.715866226453351
-11.60808071537981 -7.715866226453351
11.23997295941917 -11.481718948938829
-11.60808071537981 -7.715866226453351
-11.60808071537981 -7.715866226453351
10.879303366260212 9.385084479127755
-12.254723398989906 -12.64927838861483
9.559062729153155 10.55532072230956
9.559062729153155 10.55532072230956
-11.60808071537981 -7.715866226453351
9.559062729153155 10.55532072230956
11.23997295941917 -11.481718948938829
-11.60808071537981 -7.715866226453351
-11.60808071537981 -7.715866226453351
9.559062729153155 10.55532072230956
9.559062729153155 10.55532072230956
10.879303366260212 9.385084479127755
11.23997295941917 -11.481718948938829
10.879303366260212 9.385084479127755
9.559062729153155 10.55532072230956
-11.60808071537981 -7.715866226453351
-8.577701930528878 12.335481029199956
11.23997295941917 -11.481718948938829
-11.60808071537981 -7.715866226453351
9.559062729153155 10.55532072230956
-11.60808071537981 -7.715866226453351
9.559062729153155 10.55532072230956
-11.60808071537981 -7.715866226453351
-11.60808071537981 -7.715866226453351
11.23997295941917 -11.481718948938829
9.559062729153155 10.55532072230956
11.23997295941917 -11.481718948938829
-2.2371293351407693 -4.633296437680319
10.879303366260212 9.385084479127755
-2.2371293351407693 -4.633296437680319
9.559062729153155 10.55532072230956
-7.633275963002935 -12.362645336589619
9.559062729153155 10.55532072230956
-7.633275963002935 -12.362645336589619
10.879303366260212 9.385084479127755
10.879303366260212 9.385084479127755
-12.254723398989906 -12.64927838861483
10.879303366260212 9.385084479127755
10.879303366260212 9.385084479127755
10.879303366260212 9.385084479127755
-7.633275963002935 -12.362645336589619
9.559062729153155 10.55532072230956
11.23997295941917 -11.481718948938829
-12.254723398989906 -12.64927838861483
-11.60808071537981 -7.715866226453351
9.559062729153155 10.55532072230956
-11.60808071537981 -7.715866226453351
11.23997295941917 -11.481718948938829
9.559062729153155 10.55532072230956
11.23997295941917 -11.481718948938829
11.23997295941917 -11.481718948938829
-11.60808071537981 -7.715866226453351
-11.60808071537981 -7.715866226453351
10.879303366260212 9.385084479127755
10.879303366260212 9.385084479127755
-12.254723398989906 -12.64927838861483
9.559062729153155 10.55532072230956
-12.254723398989906 -12.64927838861483
10.879303366260212 9.385084479127755
9.559062729153155 10.55532072230956
-8.577701930528878 12.335481029199956
11.23997295941917 -11.481718948938829
10.879303366260212 9.385084479127755
10.879303366260212 9.385084479127755
9.559062729153155 10.55532072230956
9.559062729153155 10.55532072230956
11.23997295941917 -11.481718948938829
10.879303366260212 9.385084479127755
-7.633275963002935 -12.362645336589619
11.23997295941917 -11.481718948938829
-7.633275963002935 -12.362645336589619
-7.633275963002935 -12.362645336589619
-7.633275963002935 -12.362645336589619
-11.60808071537981 -7.715866226453351
-12.254723398989906 -12.64927838861483
9.559062729153155 10.55532072230956
10.879303366260212 9.385084479127755
9.559062729153155 10.55532072230956
10.879303366260212 9.385084479127755
9.559062729153155 10.55532072230956
9.559062729153155 10.55532072230956
-2.2371293351407693 -4.633296437680319
9.559062729153155 10.55532072230956
9.559062729153155 10.55532072230956
10.879303366260212 9.385084479127755
-11.60808071537981 -7.715866226453351
-7.633275963002935 -12.362645336589619
10.879303366260212 9.385084479127755
-11.60808071537981 -7.715866226453351
10.879303366260212 9.385084479127755
11.23997295941917 -11.481718948938829
9.559062729153155 10.55532072230956
-12.254723398989906 -12.64927838861483
-7.633275963002935 -12.362645336589619
-7.633275963002935 -12.362645336589619
-7.633275963002935 -12.362645336589619
-11.60808071537981 -7.715866226453351
