367.0 943.0
148.0 905.0
147.0 1164.0
178.0 560.0
500.0 939.0
430.0 517.0
395.0 1315.0
214.0 1050.0
24.0 496.0
225.0 449.0
153.0 846.0
461.0 936.0
324.0 425.0
392.0 500.0
310.0 311.0
403.0 497.0
14.0 452.0
449.0 372.0
252.0 539.0
26.0 422.0
115.0 477.0
97.0 418.0
468.0 330.0
472.0 983.0
219.0 514.0
232.0 361.0
262.0 298.0
205.0 256.0
16.0 502.0
465.0 254.0
213.0 719.0
305.0 497.0
73.0 414.0
409.0 719.0
17.0 356.0
427.0 401.0
206.0 399.0
135.0 576.0
436.0 642.0
44.0 452.0
132.0 359.0
12.0 781.0
112.0 448.0
440.0 456.0
74.0 401.0
157.0 299.0
353.0 445.0
129.0 601.0
83.0 1217.0
332.0 445.0
384.0 342.0
412.0 542.0
328.0 242.0
424.0 174.0
371.0 306.0
296.0 305.0
408.0 302.0
38.0 532.0
454.0 407.0
298.0 711.0
280.0 655.0
407.0 352.0
511.0 494.0
168.0 406.0
389.0 895.0
130.0 462.0
447.0 211.0
348.0 542.0
366.0 307.0
5.0 299.0
45.0 302.0
287.0 179.0
116.0 358.0
137.0 404.0
331.0 1425.0
421.0 330.0
36.0 404.0
342.0 360.0
122.0 303.0
54.0 265.0
360.0 208.0
233.0 205.0
123.0 534.0
309.0 318.0
304.0 204.0
217.0 409.0
404.0 257.0
470.0 454.0
307.0 306.0
236.0 300.0
149.0 310.0
418.0 204.0
141.0 354.0
62.0 153.0
95.0 353.0
172.0 405.0
442.0 392.0
459.0 682.0
390.0 707.0
254.0 259.0
411.0 248.0
241.0 417.0
41.0 311.0
182.0 364.0
272.0 250.0
425.0 209.0
460.0 305.0
166.0 299.0
158.0 867.0
240.0 258.0
277.0 397.0
154.0 2089.0
119.0 293.0
121.0 258.0
508.0 617.0
445.0 158.0
295.0 211.0
435.0 505.0
265.0 250.0
288.0 154.0
86.0 280.0
156.0 157.0
507.0 262.0
344.0 209.0
80.0 414.0
165.0 711.0
61.0 109.0
251.0 210.0
284.0 252.0
142.0 360.0
512.0 262.0
429.0 249.0
216.0 411.0
145.0 300.0
49.0 1783.0
249.0 837.0
90.0 249.0
29.0 302.0
485.0 306.0
193.0 403.0
199.0 271.0
202.0 155.0
377.0 245.0
352.0 660.0
81.0 410.0
263.0 305.0
452.0 277.0
397.0 1148.0
369.0 402.0
431.0 1374.0
19.0 255.0
479.0 160.0
25.0 158.0
474.0 205.0
51.0 104.0
434.0 453.0
402.0 253.0
244.0 301.0
326.0 454.0
9.0 280.0
321.0 298.0
335.0 345.0
231.0 155.0
87.0 249.0
494.0 205.0
489.0 455.0
467.0 270.0
406.0 205.0
171.0 207.0
209.0 206.0
372.0 789.0
10.0 207.0
444.0 157.0
176.0 522.0
177.0 106.0
462.0 205.0
451.0 208.0
370.0 1417.0
383.0 208.0
50.0 405.0
338.0 262.0
85.0 1323.0
291.0 204.0
71.0 358.0
53.0 535.0
200.0 113.0
250.0 108.0
333.0 507.0
196.0 111.0
337.0 212.0
140.0 353.0
75.0 1059.0
420.0 105.0
271.0 210.0
120.0 206.0
37.0 302.0
401.0 205.0
173.0 209.0
246.0 258.0
101.0 350.0
228.0 202.0
308.0 354.0
103.0 111.0
480.0 206.0
473.0 359.0
20.0 451.0
104.0 205.0
111.0 252.0
94.0 160.0
483.0 256.0
464.0 347.0
201.0 114.0
482.0 202.0
139.0 749.0
210.0 155.0
223.0 1070.0
323.0 205.0
220.0 114.0
76.0 209.0
56.0 905.0
98.0 253.0
198.0 310.0
89.0 153.0
346.0 104.0
410.0 828.0
34.0 152.0
325.0 102.0
438.0 257.0
426.0 203.0
273.0 103.0
125.0 594.0
21.0 208.0
77.0 212.0
181.0 413.0
283.0 358.0
362.0 207.0
398.0 1100.0
152.0 206.0
492.0 698.0
299.0 198.0
190.0 355.0
340.0 301.0
300.0 155.0
387.0 257.0
175.0 211.0
469.0 592.0
428.0 306.0
466.0 350.0
52.0 154.0
506.0 160.0
373.0 204.0
133.0 447.0
64.0 214.0
67.0 56.0
306.0 152.0
314.0 213.0
290.0 256.0
7.0 254.0
356.0 209.0
33.0 208.0
381.0 285.0
503.0 316.0
334.0 112.0
378.0 106.0
481.0 356.0
79.0 254.0
197.0 353.0
160.0 155.0
136.0 247.0
183.0 1446.0
269.0 257.0
488.0 259.0
415.0 260.0
32.0 205.0
105.0 155.0
504.0 247.0
379.0 247.0
187.0 203.0
60.0 163.0
355.0 158.0
180.0 1250.0
276.0 259.0
131.0 299.0
297.0 106.0
170.0 304.0
167.0 921.0
114.0 254.0
126.0 502.0
484.0 204.0
11.0 310.0
127.0 446.0
184.0 307.0
394.0 202.0
69.0 519.0
282.0 259.0
3.0 979.0
343.0 254.0
42.0 251.0
278.0 108.0
446.0 504.0
320.0 354.0
487.0 205.0
144.0 255.0
47.0 158.0
57.0 212.0
439.0 254.0
391.0 202.0
358.0 253.0
255.0 395.0
78.0 320.0
8.0 154.0
476.0 204.0
194.0 202.0
315.0 154.0
443.0 259.0
226.0 645.0
317.0 154.0
59.0 154.0
4.0 204.0
457.0 197.0
227.0 163.0
113.0 103.0
330.0 533.0
416.0 258.0
495.0 1289.0
423.0 402.0
433.0 207.0
185.0 407.0
155.0 248.0
31.0 155.0
496.0 161.0
238.0 889.0
218.0 354.0
186.0 105.0
441.0 105.0
248.0 204.0
243.0 365.0
361.0 255.0
96.0 156.0
161.0 154.0
72.0 255.0
92.0 1048.0
189.0 214.0
138.0 349.0
458.0 259.0
405.0 815.0
174.0 926.0
350.0 208.0
261.0 159.0
497.0 365.0
235.0 160.0
256.0 358.0
505.0 564.0
259.0 305.0
221.0 206.0
58.0 206.0
510.0 104.0
365.0 204.0
357.0 260.0
18.0 153.0
318.0 1321.0
15.0 309.0
329.0 304.0
100.0 312.0
82.0 295.0
322.0 204.0
150.0 209.0
400.0 324.0
347.0 52.0
432.0 153.0
22.0 206.0
84.0 263.0
207.0 253.0
191.0 156.0
258.0 156.0
351.0 204.0
413.0 306.0
134.0 257.0
501.0 206.0
169.0 206.0
491.0 253.0
509.0 104.0
375.0 298.0
359.0 251.0
28.0 105.0
13.0 451.0
88.0 400.0
270.0 206.0
293.0 358.0
224.0 103.0
192.0 1056.0
70.0 104.0
345.0 387.0
151.0 307.0
46.0 257.0
493.0 201.0
311.0 311.0
222.0 353.0
6.0 405.0
274.0 156.0
212.0 398.0
30.0 636.0
502.0 154.0
266.0 398.0
313.0 1017.0
257.0 911.0
478.0 156.0
450.0 257.0
364.0 246.0
264.0 309.0
2.0 259.0
118.0 211.0
448.0 636.0
419.0 400.0
48.0 305.0
463.0 254.0
385.0 871.0
292.0 207.0
453.0 199.0
354.0 245.0
108.0 206.0
40.0 209.0
245.0 154.0
422.0 105.0
260.0 380.0
99.0 217.0
179.0 269.0
455.0 308.0
396.0 802.0
456.0 309.0
386.0 299.0
110.0 206.0
368.0 162.0
43.0 104.0
159.0 367.0
65.0 296.0
55.0 306.0
1.0 348.0
146.0 264.0
399.0 258.0
393.0 203.0
316.0 105.0
229.0 1181.0
162.0 469.0
312.0 59.0
286.0 105.0
417.0 818.0
93.0 247.0
63.0 207.0
215.0 400.0
242.0 308.0
477.0 205.0
285.0 199.0
490.0 352.0
486.0 204.0
237.0 557.0
247.0 273.0
164.0 255.0
91.0 314.0
319.0 463.0
102.0 303.0
363.0 562.0
281.0 1583.0
204.0 442.0
374.0 402.0
117.0 398.0
301.0 293.0
294.0 505.0
109.0 208.0
349.0 313.0
203.0 446.0
475.0 454.0
234.0 261.0
380.0 61.0
388.0 153.0
289.0 155.0
68.0 61.0
23.0 257.0
195.0 953.0
143.0 576.0
279.0 469.0
268.0 206.0
208.0 219.0
124.0 163.0
341.0 215.0
253.0 362.0
382.0 213.0
39.0 421.0
303.0 642.0
239.0 262.0
211.0 824.0
336.0 522.0
163.0 779.0
27.0 436.0
106.0 416.0
471.0 1283.0
35.0 1190.0
107.0 801.0
275.0 870.0
128.0 643.0
302.0 1330.0
498.0 511.0
339.0 2008.0
437.0 1491.0
267.0 2500.0
414.0 707.0
66.0 2693.0
376.0 1902.0
327.0 1401.0
499.0 2091.0
188.0 1655.0
230.0 1341.0
