1.0 4.10046030413428
2.0 2.3019002338911303
3.0 2.1444952633850325
4.0 2.075590485257103
5.0 1.9947310774982598
6.0 2.0409553221185064
7.0 1.9837303888118136
8.0 1.9762266542621294
9.0 1.949631638691857
10.0 1.9379737078529842
11.0 1.9297187695509053
12.0 1.9022244974688876
13.0 1.8979283252431103
14.0 1.8831452942948417
15.0 1.8777123916115785
16.0 1.872281348593279
17.0 1.8723383892340462
18.0 1.8692769616989395
19.0 1.8650152351865916
20.0 1.8625519881310206
21.0 1.8573536530308976
22.0 1.8555084556062247
23.0 1.8515109210377432
24.0 1.8520991516911645
25.0 1.8504431421735057
26.0 1.849398209684074
27.0 1.8482372936139118
28.0 1.846902534987699
29.0 1.8470714478311687
30.0 1.8465041987756896
31.0 1.8449285330570186
32.0 1.8446249732751219
33.0 1.845006582168817
34.0 1.8444257725462503
35.0 1.8439070934235582
36.0 1.844069059391923
37.0 1.8437105068355486
38.0 1.843731370330601
39.0 1.8434151846385771
40.0 1.8433272931459688
41.0 1.8431218036022938
42.0 1.843168049570056
43.0 1.843071010944957
44.0 1.843012238766458
45.0 1.8430179570050143
46.0 1.8429703894947962
47.0 1.842943804111619
48.0 1.8429273432578648
49.0 1.8428757214795084
50.0 1.8428711701180784
