1.0 77.98822515487906
2.0 76.84285066966704
3.0 75.76509756301265
4.0 74.22995240692647
5.0 73.38641831709448
6.0 72.369570744183
7.0 71.70856597927124
8.0 70.82018107700242
9.0 70.40920870231473
10.0 69.93199310960404
11.0 69.20010644283745
12.0 68.89946912491988
13.0 68.46870046769777
14.0 68.22640248613544
15.0 68.00135429872206
16.0 67.73626095379478
17.0 67.6113319778116
18.0 67.48658194684528
19.0 67.40101819730262
20.0 67.34615058738494
21.0 67.28419228712434
22.0 67.22745529466695
23.0 67.18612790022829
24.0 67.1205074654798
25.0 67.10031585866754
26.0 67.06300464421037
27.0 67.05995552612698
28.0 67.0227658914762
29.0 67.00409753056084
30.0 66.99542679707994
31.0 66.98147567622757
32.0 66.9704328352064
33.0 66.95955311111751
34.0 66.95137831676405
35.0 66.94417414337065
36.0 66.9378024571383
37.0 66.93344282330413
38.0 66.92812756809141
39.0 66.92451034714479
40.0 66.92365093626692
41.0 66.91909944834897
42.0 66.9165453570221
43.0 66.91639944368396
44.0 66.91406082185804
45.0 66.9137480016178
46.0 66.91192023663379
47.0 66.91070600336916
48.0 66.90966319081916
49.0 66.9090241037661
50.0 66.90835068846188
