51.0 60.0
128.0 67.0
88.0 69.0
113.0 71.0
89.0 72.0
122.0 74.0
114.0 74.0
161.0 74.0
141.0 75.0
83.0 77.0
94.0 77.0
81.0 78.0
155.0 80.0
78.0 80.0
94.0 80.0
138.0 82.0
119.0 82.0
89.0 82.0
124.0 82.0
158.0 82.0
145.0 82.0
93.0 84.0
75.0 84.0
94.0 84.0
74.0 84.0
70.0 85.0
109.0 87.0
159.0 88.0
101.0 88.0
101.0 89.0
121.0 89.0
161.0 90.0
122.0 90.0
121.0 91.0
95.0 91.0
124.0 91.0
78.0 92.0
147.0 92.0
165.0 92.0
126.0 93.0
113.0 93.0
130.0 93.0
157.0 94.0
88.0 94.0
124.0 95.0
112.0 95.0
92.0 96.0
137.0 96.0
138.0 96.0
137.0 96.0
144.0 96.0
143.0 96.0
168.0 96.0
126.0 96.0
96.0 97.0
110.0 97.0
127.0 97.0
150.0 97.0
163.0 97.0
131.0 99.0
105.0 100.0
104.0 100.0
162.0 101.0
135.0 101.0
130.0 101.0
109.0 101.0
159.0 102.0
137.0 102.0
119.0 102.0
84.0 102.0
113.0 102.0
145.0 103.0
164.0 103.0
134.0 104.0
101.0 104.0
157.0 104.0
177.0 104.0
139.0 104.0
161.0 104.0
130.0 105.0
114.0 106.0
128.0 106.0
114.0 106.0
147.0 106.0
112.0 106.0
110.0 107.0
107.0 107.0
159.0 107.0
132.0 107.0
126.0 107.0
106.0 108.0
127.0 108.0
118.0 108.0
140.0 108.0
103.0 109.0
123.0 109.0
110.0 109.0
126.0 109.0
145.0 109.0
129.0 110.0
114.0 110.0
113.0 110.0
116.0 110.0
133.0 110.0
133.0 110.0
108.0 110.0
150.0 110.0
132.0 111.0
101.0 111.0
129.0 111.0
121.0 111.0
120.0 111.0
135.0 111.0
133.0 112.0
141.0 112.0
116.0 112.0
119.0 112.0
130.0 112.0
151.0 112.0
88.0 112.0
123.0 112.0
142.0 113.0
128.0 113.0
154.0 113.0
107.0 113.0
106.0 113.0
113.0 113.0
145.0 113.0
178.0 113.0
98.0 114.0
100.0 114.0
121.0 114.0
157.0 114.0
103.0 114.0
101.0 114.0
138.0 114.0
146.0 115.0
145.0 115.0
118.0 115.0
110.0 115.0
137.0 115.0
109.0 115.0
100.0 115.0
116.0 115.0
116.0 115.0
132.0 115.0
124.0 115.0
128.0 115.0
139.0 115.0
80.0 116.0
116.0 116.0
103.0 116.0
128.0 116.0
127.0 116.0
115.0 116.0
148.0 116.0
110.0 116.0
103.0 116.0
121.0 116.0
105.0 116.0
123.0 116.0
114.0 117.0
153.0 117.0
145.0 117.0
126.0 117.0
122.0 117.0
136.0 117.0
118.0 117.0
127.0 117.0
126.0 117.0
161.0 118.0
97.0 118.0
111.0 118.0
119.0 118.0
105.0 118.0
117.0 118.0
123.0 118.0
180.0 118.0
133.0 119.0
118.0 119.0
127.0 119.0
120.0 119.0
133.0 119.0
129.0 119.0
128.0 119.0
148.0 119.0
119.0 119.0
133.0 119.0
128.0 119.0
144.0 119.0
115.0 119.0
84.0 120.0
120.0 120.0
112.0 120.0
156.0 120.0
163.0 120.0
127.0 120.0
116.0 120.0
112.0 120.0
138.0 120.0
113.0 120.0
118.0 120.0
131.0 120.0
123.0 120.0
121.0 120.0
170.0 121.0
139.0 121.0
132.0 121.0
115.0 121.0
105.0 121.0
126.0 121.0
123.0 121.0
136.0 121.0
132.0 121.0
123.0 121.0
110.0 121.0
121.0 121.0
168.0 121.0
138.0 121.0
140.0 121.0
154.0 121.0
133.0 121.0
142.0 122.0
152.0 122.0
129.0 122.0
117.0 122.0
129.0 122.0
163.0 122.0
138.0 122.0
131.0 122.0
134.0 122.0
140.0 122.0
127.0 122.0
125.0 122.0
132.0 122.0
163.0 122.0
110.0 122.0
131.0 122.0
141.0 122.0
131.0 122.0
116.0 122.0
109.0 123.0
112.0 123.0
130.0 123.0
130.0 123.0
127.0 123.0
149.0 123.0
130.0 123.0
155.0 123.0
136.0 123.0
186.0 123.0
126.0 123.0
85.0 124.0
127.0 124.0
128.0 124.0
170.0 124.0
127.0 124.0
130.0 124.0
145.0 124.0
123.0 124.0
130.0 124.0
121.0 124.0
141.0 124.0
171.0 124.0
169.0 125.0
159.0 125.0
134.0 125.0
128.0 125.0
133.0 125.0
127.0 125.0
128.0 125.0
103.0 125.0
135.0 125.0
120.0 125.0
139.0 125.0
142.0 125.0
176.0 125.0
138.0 125.0
160.0 126.0
108.0 126.0
163.0 126.0
129.0 126.0
140.0 126.0
131.0 126.0
128.0 126.0
125.0 126.0
132.0 126.0
174.0 126.0
120.0 126.0
130.0 127.0
129.0 127.0
153.0 127.0
161.0 127.0
119.0 127.0
147.0 127.0
139.0 127.0
139.0 127.0
128.0 127.0
144.0 127.0
141.0 127.0
136.0 127.0
134.0 127.0
128.0 127.0
123.0 127.0
138.0 127.0
127.0 127.0
148.0 127.0
128.0 127.0
125.0 127.0
131.0 127.0
139.0 127.0
130.0 127.0
106.0 128.0
137.0 128.0
142.0 128.0
115.0 128.0
102.0 128.0
149.0 128.0
145.0 128.0
125.0 128.0
141.0 128.0
127.0 128.0
129.0 128.0
139.0 128.0
128.0 128.0
129.0 128.0
135.0 128.0
128.0 128.0
128.0 128.0
125.0 129.0
136.0 129.0
108.0 129.0
135.0 129.0
130.0 129.0
129.0 129.0
132.0 129.0
137.0 129.0
137.0 129.0
136.0 129.0
143.0 129.0
130.0 129.0
136.0 129.0
108.0 129.0
128.0 129.0
110.0 129.0
104.0 129.0
148.0 129.0
130.0 129.0
167.0 130.0
132.0 130.0
146.0 130.0
154.0 130.0
124.0 130.0
165.0 130.0
151.0 130.0
153.0 130.0
134.0 130.0
154.0 130.0
165.0 130.0
134.0 130.0
128.0 130.0
129.0 130.0
132.0 130.0
124.0 130.0
102.0 130.0
184.0 130.0
144.0 130.0
146.0 130.0
165.0 131.0
123.0 131.0
136.0 131.0
134.0 131.0
134.0 131.0
100.0 131.0
140.0 131.0
124.0 131.0
115.0 131.0
151.0 131.0
133.0 131.0
126.0 131.0
127.0 131.0
134.0 131.0
118.0 131.0
180.0 131.0
142.0 131.0
153.0 131.0
138.0 131.0
141.0 131.0
151.0 131.0
136.0 131.0
157.0 132.0
121.0 132.0
134.0 132.0
152.0 132.0
143.0 132.0
134.0 132.0
133.0 132.0
117.0 132.0
155.0 132.0
147.0 132.0
153.0 132.0
130.0 132.0
154.0 132.0
137.0 132.0
173.0 132.0
139.0 132.0
134.0 132.0
142.0 132.0
135.0 132.0
172.0 132.0
156.0 132.0
130.0 132.0
121.0 132.0
148.0 132.0
195.0 132.0
131.0 132.0
167.0 133.0
137.0 133.0
146.0 133.0
143.0 133.0
148.0 133.0
144.0 133.0
139.0 133.0
134.0 133.0
131.0 133.0
136.0 133.0
138.0 133.0
131.0 133.0
97.0 133.0
126.0 133.0
138.0 133.0
114.0 133.0
133.0 133.0
139.0 133.0
136.0 133.0
138.0 133.0
138.0 133.0
150.0 133.0
138.0 133.0
134.0 134.0
138.0 134.0
111.0 134.0
153.0 134.0
126.0 134.0
115.0 134.0
129.0 134.0
152.0 134.0
125.0 134.0
130.0 134.0
138.0 134.0
128.0 134.0
120.0 134.0
130.0 134.0
135.0 134.0
125.0 134.0
133.0 134.0
134.0 134.0
154.0 134.0
125.0 134.0
125.0 134.0
134.0 134.0
143.0 134.0
150.0 134.0
147.0 134.0
130.0 134.0
134.0 134.0
137.0 134.0
133.0 134.0
148.0 134.0
89.0 135.0
138.0 135.0
124.0 135.0
155.0 135.0
141.0 135.0
152.0 135.0
153.0 135.0
128.0 135.0
140.0 135.0
115.0 135.0
141.0 135.0
164.0 135.0
134.0 135.0
154.0 135.0
141.0 135.0
92.0 135.0
145.0 135.0
152.0 136.0
139.0 136.0
123.0 136.0
139.0 136.0
125.0 136.0
135.0 136.0
142.0 136.0
131.0 136.0
174.0 136.0
152.0 136.0
134.0 136.0
141.0 136.0
150.0 136.0
132.0 136.0
142.0 136.0
141.0 136.0
128.0 136.0
138.0 136.0
145.0 136.0
150.0 136.0
156.0 136.0
136.0 136.0
153.0 136.0
134.0 136.0
134.0 137.0
136.0 137.0
152.0 137.0
140.0 137.0
123.0 137.0
126.0 137.0
138.0 137.0
151.0 137.0
131.0 137.0
149.0 137.0
138.0 137.0
132.0 137.0
129.0 137.0
129.0 137.0
139.0 137.0
188.0 137.0
178.0 137.0
125.0 137.0
166.0 137.0
166.0 138.0
144.0 138.0
145.0 138.0
154.0 138.0
150.0 138.0
113.0 138.0
131.0 138.0
162.0 138.0
168.0 138.0
125.0 138.0
129.0 138.0
131.0 138.0
163.0 138.0
132.0 138.0
146.0 138.0
141.0 138.0
135.0 138.0
170.0 138.0
159.0 138.0
164.0 138.0
130.0 138.0
135.0 138.0
155.0 138.0
117.0 138.0
148.0 138.0
149.0 139.0
121.0 139.0
135.0 139.0
128.0 139.0
146.0 139.0
112.0 139.0
157.0 139.0
148.0 139.0
141.0 139.0
139.0 139.0
138.0 139.0
145.0 139.0
142.0 139.0
132.0 139.0
141.0 139.0
139.0 139.0
151.0 139.0
141.0 139.0
136.0 139.0
139.0 139.0
150.0 139.0
110.0 139.0
130.0 139.0
153.0 139.0
120.0 139.0
149.0 139.0
110.0 139.0
158.0 139.0
146.0 139.0
160.0 140.0
171.0 140.0
131.0 140.0
184.0 140.0
126.0 140.0
118.0 140.0
141.0 140.0
137.0 140.0
144.0 140.0
134.0 140.0
100.0 140.0
146.0 140.0
151.0 140.0
148.0 140.0
144.0 140.0
162.0 140.0
141.0 140.0
127.0 140.0
132.0 140.0
147.0 140.0
146.0 140.0
122.0 140.0
131.0 140.0
168.0 140.0
138.0 140.0
155.0 140.0
145.0 140.0
139.0 141.0
176.0 141.0
88.0 141.0
157.0 141.0
156.0 141.0
133.0 141.0
142.0 141.0
155.0 141.0
141.0 141.0
137.0 141.0
142.0 141.0
128.0 141.0
143.0 141.0
128.0 141.0
133.0 141.0
127.0 141.0
138.0 141.0
142.0 141.0
131.0 142.0
98.0 142.0
127.0 142.0
150.0 142.0
134.0 142.0
130.0 142.0
143.0 142.0
133.0 142.0
146.0 142.0
136.0 142.0
173.0 142.0
142.0 142.0
160.0 142.0
139.0 142.0
145.0 142.0
181.0 142.0
142.0 142.0
145.0 142.0
142.0 142.0
123.0 142.0
153.0 142.0
126.0 142.0
136.0 142.0
161.0 142.0
150.0 142.0
146.0 142.0
176.0 142.0
126.0 142.0
146.0 142.0
133.0 143.0
124.0 143.0
142.0 143.0
178.0 143.0
144.0 143.0
153.0 143.0
145.0 143.0
146.0 143.0
111.0 143.0
154.0 143.0
153.0 143.0
103.0 143.0
144.0 143.0
130.0 143.0
107.0 144.0
167.0 144.0
144.0 144.0
155.0 144.0
140.0 144.0
133.0 144.0
131.0 144.0
119.0 144.0
140.0 144.0
155.0 144.0
140.0 144.0
119.0 144.0
156.0 144.0
134.0 144.0
149.0 144.0
141.0 145.0
124.0 145.0
162.0 145.0
150.0 145.0
130.0 145.0
140.0 145.0
136.0 145.0
157.0 145.0
130.0 145.0
166.0 145.0
160.0 145.0
137.0 145.0
140.0 145.0
173.0 145.0
127.0 145.0
149.0 145.0
142.0 145.0
134.0 145.0
123.0 145.0
123.0 145.0
160.0 145.0
156.0 145.0
134.0 145.0
182.0 146.0
151.0 146.0
137.0 146.0
130.0 146.0
143.0 146.0
141.0 146.0
143.0 146.0
163.0 146.0
142.0 146.0
129.0 146.0
170.0 146.0
139.0 146.0
147.0 146.0
161.0 146.0
144.0 146.0
132.0 146.0
145.0 146.0
146.0 146.0
138.0 146.0
153.0 146.0
142.0 146.0
161.0 147.0
158.0 147.0
104.0 147.0
139.0 147.0
149.0 147.0
127.0 147.0
122.0 147.0
160.0 147.0
145.0 147.0
130.0 147.0
132.0 147.0
150.0 147.0
140.0 147.0
152.0 147.0
146.0 147.0
154.0 147.0
138.0 147.0
179.0 147.0
144.0 147.0
145.0 147.0
150.0 147.0
149.0 147.0
84.0 148.0
137.0 148.0
131.0 148.0
140.0 148.0
157.0 148.0
144.0 148.0
139.0 148.0
143.0 148.0
137.0 148.0
130.0 148.0
134.0 148.0
139.0 148.0
150.0 148.0
127.0 148.0
146.0 148.0
170.0 148.0
143.0 148.0
160.0 148.0
139.0 148.0
167.0 148.0
156.0 148.0
143.0 148.0
130.0 148.0
153.0 148.0
178.0 148.0
138.0 148.0
129.0 148.0
118.0 148.0
147.0 148.0
153.0 148.0
126.0 149.0
156.0 149.0
143.0 149.0
159.0 149.0
151.0 149.0
140.0 149.0
149.0 149.0
179.0 149.0
98.0 149.0
154.0 149.0
148.0 149.0
144.0 149.0
154.0 149.0
155.0 149.0
166.0 150.0
160.0 150.0
128.0 150.0
130.0 150.0
143.0 150.0
122.0 150.0
143.0 150.0
139.0 150.0
135.0 150.0
163.0 150.0
185.0 150.0
144.0 150.0
148.0 150.0
163.0 150.0
148.0 150.0
146.0 150.0
170.0 150.0
121.0 150.0
158.0 150.0
152.0 150.0
154.0 150.0
124.0 150.0
148.0 150.0
143.0 150.0
143.0 150.0
141.0 150.0
128.0 151.0
158.0 151.0
132.0 151.0
114.0 151.0
158.0 151.0
112.0 151.0
153.0 151.0
162.0 151.0
150.0 151.0
157.0 151.0
142.0 151.0
161.0 151.0
118.0 151.0
168.0 151.0
151.0 151.0
112.0 151.0
149.0 152.0
173.0 152.0
134.0 152.0
111.0 152.0
146.0 152.0
123.0 152.0
124.0 152.0
153.0 152.0
148.0 152.0
141.0 152.0
152.0 152.0
146.0 152.0
162.0 152.0
130.0 152.0
180.0 152.0
183.0 152.0
160.0 152.0
147.0 152.0
158.0 152.0
162.0 152.0
157.0 152.0
184.0 152.0
159.0 153.0
153.0 153.0
132.0 153.0
178.0 153.0
137.0 153.0
157.0 153.0
139.0 153.0
137.0 153.0
157.0 153.0
138.0 153.0
152.0 153.0
146.0 153.0
157.0 153.0
149.0 153.0
153.0 153.0
146.0 153.0
161.0 154.0
176.0 154.0
150.0 154.0
115.0 154.0
144.0 154.0
150.0 154.0
148.0 154.0
153.0 154.0
157.0 154.0
150.0 154.0
163.0 154.0
127.0 154.0
131.0 154.0
181.0 154.0
158.0 154.0
174.0 154.0
129.0 154.0
187.0 154.0
142.0 154.0
148.0 154.0
146.0 154.0
143.0 154.0
186.0 155.0
140.0 155.0
139.0 155.0
140.0 155.0
150.0 155.0
177.0 155.0
175.0 155.0
154.0 155.0
150.0 155.0
159.0 155.0
152.0 155.0
140.0 155.0
179.0 155.0
176.0 155.0
177.0 155.0
147.0 155.0
157.0 155.0
160.0 155.0
127.0 156.0
146.0 156.0
147.0 156.0
152.0 156.0
148.0 156.0
155.0 156.0
143.0 156.0
151.0 156.0
146.0 156.0
160.0 156.0
162.0 156.0
141.0 156.0
184.0 156.0
119.0 156.0
165.0 156.0
157.0 156.0
158.0 156.0
161.0 156.0
152.0 156.0
137.0 156.0
155.0 156.0
158.0 156.0
169.0 156.0
154.0 156.0
160.0 156.0
143.0 156.0
148.0 156.0
191.0 157.0
147.0 157.0
128.0 157.0
167.0 157.0
146.0 157.0
145.0 157.0
164.0 157.0
160.0 157.0
138.0 157.0
175.0 157.0
139.0 157.0
173.0 157.0
164.0 157.0
161.0 157.0
153.0 157.0
143.0 157.0
140.0 157.0
174.0 158.0
162.0 158.0
161.0 158.0
170.0 158.0
123.0 158.0
152.0 158.0
165.0 158.0
149.0 158.0
157.0 158.0
156.0 158.0
159.0 158.0
154.0 158.0
150.0 158.0
166.0 158.0
124.0 158.0
152.0 158.0
173.0 158.0
150.0 158.0
96.0 158.0
169.0 158.0
198.0 159.0
167.0 159.0
157.0 159.0
151.0 159.0
138.0 159.0
165.0 159.0
161.0 159.0
163.0 159.0
173.0 159.0
164.0 159.0
154.0 159.0
184.0 159.0
156.0 159.0
117.0 159.0
148.0 159.0
152.0 159.0
115.0 159.0
154.0 159.0
154.0 159.0
145.0 159.0
149.0 159.0
142.0 159.0
157.0 159.0
179.0 159.0
132.0 159.0
133.0 159.0
160.0 160.0
157.0 160.0
172.0 160.0
152.0 160.0
157.0 160.0
186.0 160.0
137.0 160.0
124.0 160.0
138.0 160.0
144.0 160.0
175.0 160.0
124.0 160.0
163.0 160.0
141.0 160.0
170.0 160.0
146.0 160.0
149.0 160.0
167.0 161.0
176.0 161.0
144.0 161.0
180.0 161.0
137.0 161.0
167.0 161.0
175.0 161.0
161.0 161.0
187.0 161.0
158.0 161.0
162.0 161.0
156.0 161.0
158.0 161.0
160.0 161.0
156.0 161.0
155.0 161.0
157.0 161.0
154.0 161.0
101.0 161.0
128.0 161.0
152.0 162.0
149.0 162.0
159.0 162.0
152.0 162.0
156.0 162.0
108.0 162.0
184.0 162.0
168.0 162.0
154.0 162.0
160.0 163.0
143.0 163.0
147.0 163.0
115.0 163.0
160.0 163.0
120.0 163.0
170.0 163.0
126.0 163.0
134.0 163.0
157.0 163.0
150.0 163.0
140.0 163.0
119.0 163.0
163.0 163.0
162.0 163.0
181.0 163.0
157.0 163.0
168.0 163.0
149.0 163.0
152.0 163.0
168.0 163.0
159.0 163.0
164.0 163.0
153.0 164.0
160.0 164.0
166.0 164.0
149.0 164.0
139.0 164.0
169.0 164.0
146.0 164.0
164.0 164.0
184.0 164.0
156.0 164.0
161.0 164.0
154.0 164.0
148.0 164.0
133.0 164.0
132.0 164.0
172.0 165.0
153.0 165.0
121.0 165.0
161.0 165.0
172.0 165.0
166.0 165.0
112.0 165.0
164.0 165.0
165.0 165.0
164.0 165.0
128.0 165.0
157.0 165.0
181.0 165.0
162.0 165.0
159.0 165.0
141.0 165.0
142.0 165.0
78.0 166.0
108.0 166.0
138.0 166.0
155.0 166.0
169.0 166.0
161.0 166.0
160.0 166.0
173.0 166.0
111.0 166.0
170.0 166.0
122.0 166.0
178.0 166.0
154.0 166.0
145.0 166.0
176.0 166.0
155.0 166.0
170.0 166.0
98.0 167.0
156.0 167.0
156.0 167.0
128.0 167.0
150.0 167.0
173.0 167.0
144.0 167.0
180.0 167.0
162.0 167.0
162.0 167.0
154.0 167.0
166.0 167.0
157.0 167.0
120.0 167.0
146.0 168.0
159.0 168.0
167.0 168.0
158.0 168.0
129.0 168.0
164.0 168.0
131.0 168.0
161.0 169.0
140.0 169.0
141.0 169.0
186.0 169.0
157.0 169.0
138.0 169.0
162.0 169.0
129.0 169.0
108.0 169.0
164.0 169.0
149.0 169.0
186.0 170.0
120.0 170.0
157.0 170.0
146.0 170.0
165.0 170.0
178.0 170.0
178.0 170.0
167.0 170.0
173.0 170.0
151.0 170.0
164.0 170.0
146.0 170.0
142.0 170.0
110.0 170.0
139.0 171.0
159.0 171.0
167.0 171.0
99.0 171.0
175.0 171.0
175.0 171.0
132.0 171.0
172.0 171.0
168.0 171.0
174.0 171.0
143.0 171.0
172.0 172.0
183.0 172.0
185.0 172.0
169.0 172.0
156.0 172.0
130.0 172.0
162.0 173.0
169.0 173.0
174.0 173.0
156.0 173.0
142.0 173.0
174.0 173.0
159.0 174.0
141.0 174.0
180.0 174.0
122.0 174.0
138.0 174.0
175.0 175.0
162.0 175.0
153.0 175.0
173.0 175.0
174.0 175.0
166.0 175.0
118.0 175.0
133.0 175.0
172.0 175.0
167.0 176.0
184.0 176.0
120.0 176.0
194.0 176.0
167.0 176.0
173.0 176.0
190.0 176.0
114.0 176.0
161.0 177.0
163.0 177.0
149.0 177.0
169.0 177.0
146.0 177.0
141.0 177.0
175.0 177.0
173.0 177.0
166.0 177.0
179.0 177.0
127.0 177.0
140.0 178.0
138.0 178.0
131.0 178.0
177.0 178.0
158.0 178.0
154.0 178.0
141.0 178.0
112.0 178.0
199.0 178.0
175.0 179.0
188.0 179.0
173.0 180.0
177.0 180.0
165.0 180.0
162.0 180.0
190.0 180.0
166.0 180.0
149.0 180.0
139.0 180.0
134.0 180.0
149.0 180.0
177.0 181.0
182.0 181.0
166.0 181.0
171.0 181.0
162.0 181.0
150.0 181.0
179.0 181.0
160.0 181.0
174.0 181.0
170.0 182.0
186.0 182.0
142.0 182.0
175.0 182.0
151.0 182.0
170.0 182.0
94.0 183.0
171.0 183.0
174.0 183.0
173.0 183.0
164.0 183.0
181.0 184.0
172.0 184.0
172.0 184.0
182.0 184.0
139.0 185.0
182.0 185.0
184.0 185.0
151.0 185.0
133.0 185.0
173.0 186.0
172.0 186.0
127.0 186.0
114.0 187.0
154.0 187.0
180.0 189.0
162.0 189.0
145.0 189.0
165.0 190.0
192.0 190.0
113.0 190.0
140.0 190.0
185.0 191.0
184.0 192.0
163.0 193.0
129.0 193.0
172.0 196.0
185.0 197.0
159.0 200.0
158.0 202.0
