1.0 117.68568346346376
2.0 113.81754867116614
3.0 109.27606560450378
4.0 107.38831635225264
5.0 103.13350427972361
6.0 98.48999556170509
7.0 94.4006085149219
8.0 90.53286972533843
9.0 86.94884734665409
10.0 83.68743185142087
11.0 80.92623614481938
12.0 78.37260065516242
13.0 76.40394078974163
14.0 75.0381315641542
15.0 74.04573425339314
16.0 73.40257906592542
17.0 72.8499240955195
18.0 72.51452555624489
19.0 72.28889000393944
20.0 72.13800787144716
21.0 72.05676883477668
22.0 72.02417875067304
23.0 71.94781766426468
24.0 71.8884105269703
25.0 71.8483835812651
26.0 71.83270669261395
27.0 71.84801557275689
28.0 71.89209849140632
29.0 71.9356878476787
30.0 71.92601686581733
31.0 71.9356748799843
32.0 71.93996367141074
33.0 71.91828510750992
34.0 71.91871201445606
35.0 71.90455525961602
36.0 71.900755576875
37.0 71.90047629599088
38.0 71.89103979026585
39.0 71.88510215786691
40.0 71.88905923048213
41.0 71.88682642233174
42.0 71.87828356971717
43.0 71.86945215780155
44.0 71.8707768466385
45.0 71.86926181790265
46.0 71.8673554165403
47.0 71.86611838724896
48.0 71.86510679512594
49.0 71.8635347250203
50.0 71.86247642972508
