64.0 35.0
41.0 38.0
61.0 41.0
89.0 45.0
56.0 45.0
109.0 46.0
95.0 48.0
153.0 49.0
74.0 49.0
49.0 50.0
57.0 51.0
112.0 51.0
65.0 52.0
133.0 54.0
33.0 56.0
86.0 56.0
113.0 57.0
69.0 58.0
53.0 58.0
103.0 59.0
63.0 59.0
134.0 59.0
129.0 60.0
73.0 60.0
93.0 61.0
67.0 61.0
56.0 61.0
142.0 61.0
114.0 62.0
68.0 62.0
96.0 62.0
79.0 62.0
83.0 63.0
59.0 63.0
149.0 63.0
147.0 63.0
75.0 63.0
113.0 63.0
64.0 63.0
82.0 64.0
109.0 64.0
77.0 64.0
117.0 64.0
93.0 65.0
84.0 65.0
68.0 65.0
74.0 65.0
99.0 65.0
101.0 65.0
84.0 66.0
52.0 66.0
65.0 66.0
89.0 66.0
122.0 66.0
72.0 66.0
60.0 66.0
135.0 66.0
77.0 66.0
108.0 67.0
72.0 67.0
101.0 68.0
105.0 68.0
145.0 69.0
51.0 70.0
90.0 70.0
71.0 70.0
106.0 70.0
68.0 70.0
68.0 70.0
96.0 70.0
83.0 70.0
78.0 70.0
102.0 70.0
76.0 71.0
88.0 71.0
70.0 71.0
74.0 71.0
88.0 72.0
74.0 72.0
120.0 72.0
59.0 73.0
105.0 73.0
118.0 73.0
107.0 73.0
136.0 73.0
94.0 73.0
155.0 73.0
104.0 74.0
89.0 74.0
114.0 74.0
68.0 74.0
85.0 74.0
75.0 75.0
103.0 75.0
53.0 75.0
82.0 75.0
110.0 75.0
93.0 75.0
79.0 76.0
92.0 76.0
98.0 76.0
80.0 76.0
115.0 76.0
76.0 76.0
84.0 76.0
78.0 76.0
94.0 76.0
148.0 76.0
84.0 77.0
67.0 77.0
98.0 77.0
117.0 77.0
132.0 77.0
80.0 78.0
89.0 78.0
89.0 78.0
112.0 78.0
115.0 78.0
87.0 78.0
98.0 78.0
104.0 78.0
94.0 78.0
102.0 78.0
156.0 79.0
62.0 79.0
70.0 79.0
118.0 79.0
80.0 79.0
110.0 79.0
87.0 79.0
94.0 79.0
80.0 79.0
117.0 80.0
128.0 80.0
133.0 80.0
129.0 80.0
121.0 80.0
117.0 80.0
104.0 80.0
94.0 80.0
95.0 80.0
78.0 80.0
131.0 80.0
83.0 80.0
82.0 80.0
82.0 80.0
73.0 81.0
77.0 81.0
131.0 81.0
64.0 81.0
102.0 81.0
146.0 81.0
97.0 81.0
99.0 81.0
90.0 81.0
87.0 81.0
90.0 81.0
86.0 82.0
59.0 82.0
96.0 82.0
118.0 82.0
92.0 82.0
89.0 82.0
93.0 82.0
84.0 82.0
94.0 82.0
96.0 82.0
95.0 82.0
87.0 83.0
56.0 83.0
90.0 83.0
82.0 83.0
90.0 83.0
123.0 83.0
92.0 83.0
104.0 83.0
103.0 84.0
107.0 84.0
88.0 84.0
153.0 84.0
70.0 84.0
90.0 84.0
57.0 84.0
104.0 84.0
84.0 84.0
63.0 84.0
125.0 84.0
103.0 85.0
87.0 85.0
89.0 85.0
101.0 85.0
83.0 85.0
80.0 85.0
98.0 85.0
80.0 86.0
84.0 86.0
92.0 86.0
83.0 86.0
116.0 86.0
71.0 86.0
113.0 86.0
83.0 86.0
97.0 86.0
108.0 86.0
86.0 86.0
48.0 87.0
98.0 87.0
107.0 87.0
90.0 87.0
89.0 87.0
78.0 87.0
95.0 87.0
91.0 87.0
94.0 87.0
118.0 87.0
56.0 88.0
105.0 88.0
100.0 88.0
103.0 88.0
93.0 88.0
143.0 88.0
105.0 88.0
117.0 89.0
82.0 89.0
78.0 89.0
111.0 89.0
101.0 89.0
70.0 89.0
76.0 89.0
89.0 89.0
91.0 89.0
87.0 89.0
149.0 90.0
78.0 90.0
79.0 90.0
102.0 90.0
91.0 90.0
90.0 90.0
98.0 90.0
87.0 90.0
111.0 91.0
157.0 91.0
88.0 91.0
98.0 91.0
139.0 91.0
95.0 91.0
104.0 91.0
113.0 91.0
117.0 91.0
106.0 91.0
129.0 92.0
131.0 92.0
151.0 92.0
92.0 92.0
82.0 92.0
92.0 92.0
58.0 92.0
79.0 92.0
73.0 92.0
87.0 92.0
118.0 92.0
110.0 92.0
88.0 92.0
103.0 92.0
76.0 92.0
92.0 92.0
162.0 92.0
159.0 93.0
114.0 93.0
143.0 93.0
84.0 93.0
61.0 93.0
108.0 93.0
86.0 93.0
104.0 93.0
100.0 93.0
91.0 93.0
88.0 93.0
105.0 93.0
52.0 93.0
79.0 93.0
76.0 93.0
117.0 93.0
149.0 93.0
125.0 93.0
146.0 94.0
76.0 94.0
129.0 94.0
116.0 94.0
94.0 94.0
54.0 94.0
102.0 94.0
111.0 94.0
93.0 94.0
83.0 94.0
95.0 94.0
62.0 94.0
93.0 94.0
117.0 95.0
100.0 95.0
117.0 95.0
76.0 95.0
94.0 95.0
92.0 95.0
69.0 95.0
92.0 95.0
126.0 95.0
61.0 96.0
99.0 96.0
95.0 96.0
134.0 96.0
68.0 96.0
131.0 96.0
93.0 96.0
102.0 96.0
106.0 96.0
81.0 96.0
125.0 96.0
124.0 96.0
112.0 96.0
97.0 96.0
120.0 96.0
123.0 96.0
148.0 97.0
156.0 97.0
115.0 97.0
110.0 97.0
98.0 97.0
105.0 97.0
90.0 97.0
91.0 97.0
109.0 97.0
100.0 97.0
103.0 97.0
95.0 97.0
109.0 97.0
102.0 97.0
158.0 97.0
104.0 97.0
109.0 97.0
85.0 98.0
82.0 98.0
109.0 98.0
84.0 98.0
104.0 98.0
144.0 98.0
133.0 98.0
88.0 98.0
82.0 98.0
114.0 98.0
79.0 98.0
87.0 98.0
87.0 98.0
88.0 98.0
93.0 98.0
88.0 98.0
147.0 99.0
142.0 99.0
113.0 99.0
116.0 99.0
142.0 99.0
123.0 99.0
110.0 99.0
148.0 99.0
94.0 99.0
110.0 99.0
116.0 99.0
97.0 99.0
85.0 99.0
82.0 99.0
108.0 99.0
111.0 99.0
101.0 99.0
100.0 99.0
82.0 100.0
129.0 100.0
82.0 100.0
72.0 100.0
69.0 100.0
75.0 100.0
84.0 100.0
122.0 100.0
94.0 100.0
86.0 100.0
90.0 100.0
109.0 100.0
89.0 100.0
95.0 100.0
96.0 100.0
79.0 100.0
105.0 100.0
99.0 100.0
107.0 100.0
138.0 100.0
122.0 101.0
115.0 101.0
92.0 101.0
113.0 101.0
94.0 101.0
149.0 101.0
137.0 101.0
140.0 101.0
116.0 101.0
81.0 101.0
103.0 101.0
131.0 101.0
102.0 101.0
77.0 101.0
102.0 101.0
121.0 101.0
106.0 101.0
122.0 101.0
100.0 101.0
105.0 101.0
99.0 101.0
102.0 101.0
112.0 101.0
82.0 101.0
114.0 101.0
107.0 101.0
96.0 101.0
111.0 101.0
120.0 102.0
87.0 102.0
77.0 102.0
111.0 102.0
94.0 102.0
108.0 102.0
113.0 102.0
114.0 102.0
135.0 103.0
74.0 103.0
126.0 103.0
79.0 103.0
99.0 103.0
106.0 103.0
87.0 103.0
93.0 103.0
99.0 103.0
122.0 103.0
103.0 103.0
99.0 103.0
98.0 103.0
87.0 103.0
147.0 103.0
80.0 104.0
104.0 104.0
107.0 104.0
82.0 104.0
105.0 104.0
138.0 104.0
151.0 104.0
114.0 104.0
129.0 104.0
97.0 104.0
112.0 104.0
105.0 104.0
95.0 104.0
95.0 104.0
97.0 104.0
115.0 104.0
100.0 104.0
130.0 104.0
103.0 104.0
115.0 104.0
77.0 105.0
109.0 105.0
104.0 105.0
97.0 105.0
103.0 105.0
92.0 105.0
128.0 105.0
132.0 105.0
95.0 105.0
106.0 105.0
108.0 105.0
111.0 105.0
109.0 105.0
78.0 105.0
104.0 105.0
111.0 105.0
77.0 105.0
108.0 105.0
103.0 105.0
116.0 105.0
136.0 105.0
88.0 105.0
104.0 105.0
108.0 105.0
156.0 105.0
101.0 105.0
104.0 105.0
103.0 106.0
134.0 106.0
113.0 106.0
94.0 106.0
123.0 106.0
108.0 106.0
107.0 106.0
112.0 106.0
102.0 106.0
98.0 106.0
108.0 106.0
94.0 106.0
100.0 106.0
138.0 107.0
107.0 107.0
91.0 107.0
160.0 107.0
122.0 107.0
105.0 107.0
150.0 107.0
107.0 107.0
99.0 107.0
84.0 107.0
106.0 107.0
113.0 107.0
110.0 107.0
106.0 107.0
115.0 107.0
111.0 107.0
111.0 107.0
156.0 107.0
108.0 107.0
116.0 107.0
95.0 107.0
109.0 107.0
108.0 107.0
114.0 108.0
110.0 108.0
140.0 108.0
114.0 108.0
112.0 108.0
103.0 108.0
118.0 108.0
110.0 108.0
115.0 108.0
109.0 108.0
95.0 108.0
112.0 108.0
110.0 108.0
94.0 108.0
113.0 108.0
110.0 108.0
104.0 108.0
114.0 108.0
108.0 108.0
122.0 109.0
89.0 109.0
97.0 109.0
106.0 109.0
105.0 109.0
112.0 109.0
133.0 109.0
112.0 109.0
109.0 109.0
93.0 109.0
112.0 109.0
82.0 109.0
106.0 109.0
104.0 109.0
106.0 109.0
160.0 109.0
113.0 109.0
111.0 109.0
114.0 109.0
126.0 109.0
117.0 109.0
109.0 109.0
105.0 109.0
59.0 110.0
137.0 110.0
110.0 110.0
153.0 110.0
110.0 110.0
120.0 110.0
115.0 110.0
120.0 110.0
107.0 110.0
121.0 110.0
111.0 110.0
141.0 110.0
112.0 110.0
123.0 110.0
120.0 110.0
114.0 110.0
116.0 110.0
108.0 110.0
114.0 110.0
104.0 110.0
93.0 110.0
136.0 110.0
114.0 110.0
113.0 110.0
111.0 110.0
96.0 111.0
145.0 111.0
107.0 111.0
89.0 111.0
98.0 111.0
103.0 111.0
71.0 111.0
118.0 111.0
116.0 111.0
114.0 111.0
75.0 111.0
95.0 111.0
126.0 111.0
113.0 111.0
112.0 111.0
106.0 111.0
147.0 111.0
66.0 111.0
111.0 111.0
100.0 111.0
120.0 111.0
100.0 111.0
99.0 111.0
168.0 111.0
115.0 111.0
115.0 111.0
113.0 111.0
110.0 111.0
87.0 111.0
98.0 111.0
102.0 111.0
95.0 112.0
96.0 112.0
123.0 112.0
111.0 112.0
138.0 112.0
85.0 112.0
77.0 112.0
79.0 112.0
103.0 112.0
105.0 112.0
87.0 112.0
119.0 112.0
117.0 112.0
114.0 112.0
72.0 112.0
89.0 112.0
112.0 112.0
144.0 112.0
98.0 112.0
116.0 112.0
87.0 112.0
116.0 112.0
117.0 112.0
120.0 112.0
97.0 112.0
116.0 112.0
114.0 112.0
95.0 113.0
92.0 113.0
112.0 113.0
86.0 113.0
123.0 113.0
111.0 113.0
106.0 113.0
111.0 113.0
125.0 113.0
116.0 113.0
122.0 113.0
113.0 113.0
120.0 113.0
125.0 113.0
82.0 114.0
133.0 114.0
166.0 114.0
137.0 114.0
107.0 114.0
151.0 114.0
82.0 114.0
74.0 114.0
116.0 114.0
111.0 114.0
101.0 114.0
114.0 114.0
129.0 114.0
130.0 114.0
98.0 114.0
125.0 114.0
110.0 114.0
95.0 114.0
111.0 114.0
114.0 114.0
91.0 114.0
114.0 114.0
115.0 114.0
107.0 114.0
110.0 114.0
114.0 114.0
117.0 114.0
120.0 114.0
117.0 114.0
117.0 114.0
136.0 114.0
104.0 114.0
111.0 114.0
108.0 114.0
120.0 114.0
123.0 114.0
120.0 114.0
119.0 114.0
112.0 114.0
122.0 114.0
131.0 114.0
93.0 114.0
90.0 115.0
108.0 115.0
81.0 115.0
84.0 115.0
129.0 115.0
102.0 115.0
109.0 115.0
101.0 115.0
128.0 115.0
117.0 115.0
115.0 115.0
90.0 115.0
120.0 115.0
114.0 115.0
114.0 115.0
121.0 115.0
89.0 115.0
96.0 115.0
113.0 115.0
93.0 115.0
137.0 115.0
115.0 115.0
122.0 115.0
101.0 115.0
107.0 115.0
162.0 116.0
118.0 116.0
135.0 116.0
130.0 116.0
117.0 116.0
112.0 116.0
105.0 116.0
115.0 116.0
115.0 116.0
105.0 116.0
118.0 116.0
93.0 116.0
119.0 116.0
116.0 116.0
94.0 116.0
132.0 116.0
110.0 116.0
117.0 116.0
80.0 117.0
115.0 117.0
144.0 117.0
124.0 117.0
127.0 117.0
116.0 117.0
123.0 117.0
133.0 117.0
108.0 117.0
108.0 117.0
75.0 117.0
124.0 117.0
118.0 117.0
119.0 117.0
119.0 117.0
101.0 117.0
93.0 117.0
115.0 117.0
114.0 117.0
122.0 117.0
116.0 117.0
115.0 117.0
87.0 117.0
101.0 117.0
110.0 117.0
114.0 117.0
123.0 117.0
119.0 117.0
119.0 117.0
115.0 117.0
122.0 117.0
110.0 117.0
113.0 117.0
127.0 117.0
125.0 117.0
128.0 117.0
133.0 117.0
89.0 118.0
82.0 118.0
104.0 118.0
109.0 118.0
109.0 118.0
57.0 118.0
120.0 118.0
89.0 118.0
115.0 118.0
112.0 118.0
136.0 118.0
112.0 118.0
124.0 118.0
108.0 118.0
120.0 118.0
113.0 118.0
129.0 118.0
120.0 118.0
115.0 118.0
113.0 118.0
102.0 118.0
106.0 118.0
104.0 118.0
128.0 118.0
104.0 118.0
139.0 119.0
136.0 119.0
106.0 119.0
125.0 119.0
66.0 119.0
104.0 119.0
119.0 119.0
110.0 119.0
133.0 119.0
132.0 119.0
115.0 119.0
116.0 119.0
120.0 119.0
114.0 119.0
128.0 119.0
117.0 119.0
115.0 119.0
122.0 119.0
103.0 119.0
117.0 119.0
125.0 119.0
110.0 119.0
119.0 119.0
114.0 119.0
113.0 119.0
133.0 119.0
116.0 119.0
123.0 119.0
154.0 119.0
118.0 119.0
76.0 119.0
125.0 119.0
127.0 119.0
103.0 119.0
91.0 120.0
139.0 120.0
104.0 120.0
124.0 120.0
106.0 120.0
114.0 120.0
147.0 120.0
67.0 120.0
136.0 120.0
118.0 120.0
116.0 120.0
144.0 120.0
108.0 120.0
112.0 120.0
99.0 120.0
149.0 120.0
110.0 120.0
123.0 120.0
117.0 120.0
112.0 120.0
116.0 120.0
117.0 120.0
130.0 120.0
121.0 120.0
68.0 121.0
75.0 121.0
127.0 121.0
124.0 121.0
147.0 121.0
148.0 121.0
107.0 121.0
162.0 121.0
117.0 121.0
135.0 121.0
131.0 121.0
124.0 121.0
117.0 121.0
113.0 121.0
110.0 121.0
106.0 121.0
82.0 121.0
122.0 121.0
115.0 121.0
129.0 121.0
126.0 121.0
125.0 121.0
117.0 121.0
120.0 121.0
113.0 121.0
121.0 121.0
129.0 121.0
100.0 122.0
140.0 122.0
99.0 122.0
108.0 122.0
106.0 122.0
116.0 122.0
117.0 122.0
147.0 122.0
115.0 122.0
116.0 122.0
122.0 122.0
113.0 122.0
123.0 122.0
124.0 122.0
129.0 122.0
117.0 122.0
106.0 122.0
116.0 122.0
121.0 122.0
119.0 122.0
130.0 122.0
110.0 122.0
116.0 122.0
119.0 122.0
110.0 122.0
121.0 122.0
105.0 122.0
71.0 123.0
120.0 123.0
110.0 123.0
132.0 123.0
135.0 123.0
116.0 123.0
133.0 123.0
135.0 123.0
123.0 123.0
110.0 123.0
125.0 123.0
102.0 123.0
101.0 123.0
110.0 123.0
126.0 123.0
135.0 123.0
129.0 123.0
113.0 123.0
98.0 123.0
137.0 123.0
161.0 124.0
108.0 124.0
146.0 124.0
144.0 124.0
130.0 124.0
116.0 124.0
121.0 124.0
121.0 124.0
124.0 124.0
115.0 124.0
126.0 124.0
124.0 124.0
123.0 124.0
110.0 124.0
124.0 124.0
140.0 124.0
122.0 124.0
125.0 124.0
131.0 124.0
108.0 125.0
121.0 125.0
124.0 125.0
148.0 125.0
133.0 125.0
123.0 125.0
93.0 125.0
115.0 125.0
133.0 125.0
95.0 125.0
102.0 125.0
123.0 125.0
107.0 125.0
123.0 125.0
117.0 125.0
116.0 125.0
121.0 125.0
137.0 125.0
107.0 125.0
135.0 125.0
115.0 125.0
122.0 125.0
106.0 125.0
122.0 125.0
112.0 125.0
104.0 125.0
125.0 125.0
121.0 125.0
110.0 125.0
114.0 125.0
98.0 125.0
111.0 125.0
158.0 126.0
116.0 126.0
125.0 126.0
110.0 126.0
133.0 126.0
101.0 126.0
89.0 126.0
129.0 126.0
109.0 126.0
114.0 126.0
93.0 126.0
118.0 126.0
147.0 126.0
123.0 126.0
113.0 126.0
122.0 126.0
139.0 126.0
123.0 126.0
120.0 126.0
121.0 126.0
139.0 126.0
127.0 126.0
133.0 126.0
113.0 126.0
125.0 126.0
109.0 126.0
105.0 126.0
124.0 127.0
111.0 127.0
134.0 127.0
167.0 127.0
162.0 127.0
135.0 127.0
103.0 127.0
121.0 127.0
126.0 127.0
116.0 127.0
135.0 127.0
121.0 127.0
130.0 127.0
117.0 127.0
117.0 127.0
122.0 127.0
124.0 127.0
124.0 127.0
132.0 127.0
130.0 127.0
160.0 127.0
126.0 127.0
117.0 127.0
99.0 127.0
118.0 128.0
176.0 128.0
83.0 128.0
96.0 128.0
123.0 128.0
111.0 128.0
117.0 128.0
111.0 128.0
111.0 128.0
123.0 128.0
121.0 128.0
104.0 128.0
119.0 128.0
133.0 128.0
98.0 128.0
127.0 128.0
137.0 128.0
94.0 128.0
127.0 128.0
104.0 128.0
147.0 128.0
124.0 128.0
105.0 128.0
141.0 128.0
87.0 128.0
129.0 129.0
145.0 129.0
98.0 129.0
131.0 129.0
111.0 129.0
113.0 129.0
96.0 129.0
155.0 129.0
131.0 129.0
129.0 129.0
96.0 129.0
124.0 129.0
125.0 129.0
155.0 129.0
110.0 129.0
124.0 129.0
129.0 129.0
116.0 129.0
128.0 129.0
145.0 130.0
139.0 130.0
130.0 130.0
116.0 130.0
103.0 130.0
131.0 130.0
156.0 130.0
120.0 130.0
147.0 130.0
134.0 130.0
125.0 130.0
121.0 130.0
134.0 130.0
114.0 130.0
141.0 130.0
125.0 130.0
127.0 130.0
149.0 131.0
131.0 131.0
152.0 131.0
76.0 131.0
96.0 131.0
122.0 131.0
116.0 131.0
139.0 131.0
150.0 131.0
107.0 131.0
78.0 131.0
127.0 131.0
108.0 131.0
147.0 132.0
64.0 132.0
97.0 132.0
114.0 132.0
95.0 132.0
125.0 132.0
105.0 132.0
128.0 132.0
120.0 132.0
117.0 132.0
123.0 132.0
119.0 132.0
143.0 133.0
125.0 133.0
140.0 133.0
100.0 133.0
95.0 133.0
144.0 133.0
115.0 133.0
137.0 133.0
121.0 133.0
117.0 133.0
136.0 133.0
122.0 133.0
128.0 133.0
125.0 133.0
130.0 133.0
136.0 134.0
123.0 134.0
141.0 134.0
86.0 134.0
109.0 134.0
153.0 134.0
143.0 134.0
121.0 134.0
117.0 134.0
124.0 134.0
137.0 134.0
100.0 134.0
118.0 134.0
133.0 134.0
117.0 134.0
104.0 135.0
156.0 135.0
125.0 135.0
137.0 135.0
108.0 135.0
126.0 135.0
126.0 135.0
141.0 135.0
98.0 135.0
140.0 135.0
103.0 135.0
135.0 135.0
146.0 135.0
120.0 135.0
84.0 135.0
119.0 135.0
150.0 135.0
125.0 135.0
128.0 135.0
156.0 136.0
99.0 136.0
67.0 136.0
114.0 136.0
110.0 136.0
106.0 136.0
105.0 136.0
140.0 136.0
88.0 136.0
144.0 136.0
114.0 136.0
124.0 136.0
122.0 136.0
158.0 136.0
132.0 136.0
99.0 137.0
96.0 137.0
78.0 137.0
125.0 137.0
124.0 137.0
137.0 137.0
112.0 137.0
86.0 137.0
135.0 137.0
130.0 137.0
134.0 137.0
111.0 137.0
122.0 137.0
131.0 137.0
111.0 137.0
83.0 137.0
115.0 137.0
124.0 138.0
143.0 138.0
115.0 138.0
139.0 138.0
81.0 138.0
119.0 138.0
123.0 138.0
126.0 138.0
112.0 139.0
141.0 139.0
108.0 139.0
115.0 139.0
138.0 139.0
133.0 139.0
147.0 139.0
130.0 139.0
148.0 139.0
120.0 139.0
146.0 139.0
141.0 139.0
111.0 139.0
83.0 140.0
154.0 140.0
118.0 140.0
130.0 140.0
137.0 140.0
148.0 140.0
108.0 140.0
92.0 141.0
156.0 141.0
109.0 141.0
159.0 141.0
161.0 141.0
110.0 141.0
129.0 141.0
139.0 141.0
84.0 141.0
144.0 141.0
72.0 142.0
109.0 142.0
104.0 142.0
166.0 142.0
102.0 142.0
146.0 142.0
134.0 142.0
132.0 142.0
143.0 142.0
151.0 142.0
62.0 143.0
154.0 143.0
156.0 143.0
120.0 143.0
96.0 143.0
118.0 143.0
137.0 143.0
119.0 143.0
120.0 143.0
136.0 144.0
116.0 144.0
110.0 144.0
127.0 144.0
100.0 144.0
126.0 144.0
131.0 144.0
139.0 144.0
114.0 144.0
142.0 144.0
108.0 144.0
114.0 144.0
134.0 144.0
106.0 144.0
169.0 145.0
112.0 145.0
120.0 145.0
80.0 145.0
127.0 145.0
126.0 145.0
144.0 145.0
105.0 146.0
144.0 146.0
135.0 146.0
141.0 146.0
136.0 146.0
154.0 147.0
175.0 147.0
117.0 147.0
105.0 147.0
117.0 147.0
115.0 147.0
136.0 147.0
172.0 147.0
135.0 147.0
125.0 147.0
125.0 148.0
123.0 148.0
122.0 148.0
135.0 148.0
142.0 148.0
134.0 148.0
95.0 148.0
104.0 149.0
88.0 149.0
154.0 149.0
156.0 149.0
127.0 149.0
175.0 150.0
160.0 150.0
102.0 150.0
149.0 150.0
145.0 150.0
147.0 150.0
91.0 150.0
124.0 151.0
135.0 151.0
125.0 151.0
90.0 151.0
180.0 151.0
153.0 151.0
109.0 152.0
145.0 152.0
139.0 152.0
115.0 152.0
133.0 152.0
96.0 152.0
163.0 152.0
111.0 152.0
75.0 152.0
112.0 153.0
160.0 153.0
82.0 153.0
116.0 153.0
151.0 153.0
130.0 153.0
153.0 154.0
149.0 154.0
105.0 154.0
145.0 154.0
106.0 154.0
83.0 154.0
111.0 156.0
124.0 156.0
125.0 156.0
174.0 156.0
137.0 156.0
124.0 156.0
139.0 156.0
119.0 156.0
106.0 156.0
95.0 156.0
158.0 157.0
135.0 158.0
145.0 158.0
169.0 158.0
154.0 159.0
146.0 159.0
170.0 159.0
156.0 159.0
123.0 159.0
140.0 159.0
109.0 159.0
117.0 160.0
129.0 160.0
130.0 160.0
130.0 160.0
171.0 160.0
136.0 161.0
136.0 161.0
132.0 162.0
122.0 162.0
137.0 162.0
120.0 164.0
144.0 165.0
109.0 165.0
168.0 165.0
108.0 165.0
175.0 166.0
129.0 166.0
122.0 166.0
113.0 166.0
143.0 167.0
126.0 167.0
133.0 167.0
135.0 167.0
110.0 168.0
106.0 168.0
126.0 170.0
143.0 170.0
159.0 170.0
96.0 170.0
129.0 171.0
107.0 172.0
184.0 173.0
140.0 173.0
157.0 174.0
161.0 174.0
94.0 174.0
165.0 174.0
170.0 176.0
136.0 178.0
147.0 179.0
144.0 182.0
165.0 183.0
109.0 183.0
100.0 184.0
140.0 184.0
155.0 185.0
177.0 185.0
