1.0 159.28124130778397
2.0 156.07295941757937
3.0 156.08131634540163
4.0 153.83358421193685
5.0 151.9717660495381
6.0 150.1959010984499
7.0 119.57018258917172
8.0 85.00559944913907
9.0 84.19047200736358
10.0 83.67306268458032
11.0 83.19894353135975
12.0 82.95211212448432
13.0 82.86899002622158
14.0 82.34124554359799
15.0 82.08996697354313
16.0 81.74859205109412
17.0 81.64585435312931
18.0 81.58708735871097
19.0 81.39155370514315
20.0 81.31055321755439
21.0 81.21854721737849
22.0 81.36767414734209
23.0 81.15681576688819
24.0 81.04635768157382
25.0 81.03568086089668
26.0 80.98578147301745
27.0 80.99141384764927
28.0 80.96514868507273
29.0 80.98692404701725
30.0 80.9813214164074
31.0 80.93713508335571
32.0 80.95839193422096
33.0 80.9366211119703
34.0 80.92691607433044
35.0 80.91674803471035
36.0 80.90751791702777
37.0 80.90903319784636
38.0 80.89040365271482
39.0 80.89125664743901
40.0 80.88894113010849
41.0 80.88204684101466
42.0 80.87983931745646
43.0 80.86863665420778
44.0 80.86703085318726
45.0 80.8676030339183
46.0 80.86554015824805
47.0 80.86517816094725
48.0 80.86363077249055
49.0 80.86282063418315
50.0 80.86168083657428
