148.0 127.0
198.0 144.0
141.0 154.0
150.0 158.0
155.0 158.0
175.0 158.0
152.0 159.0
156.0 160.0
154.0 161.0
162.0 161.0
158.0 161.0
150.0 161.0
160.0 162.0
169.0 162.0
157.0 163.0
155.0 163.0
164.0 163.0
166.0 164.0
160.0 164.0
178.0 164.0
163.0 165.0
167.0 165.0
165.0 165.0
162.0 166.0
162.0 167.0
166.0 168.0
163.0 168.0
163.0 168.0
167.0 169.0
169.0 171.0
170.0 171.0
166.0 171.0
167.0 171.0
165.0 172.0
171.0 172.0
167.0 172.0
173.0 173.0
162.0 174.0
165.0 174.0
171.0 174.0
172.0 175.0
174.0 175.0
169.0 183.0
172.0 184.0
192.0 197.0
192.0 197.0
197.0 201.0
