55.0 53.0
56.142857142857146 54.285714285714285
59.77272727272727 55.36363636363637
57.25714285714286 59.27142857142857
55.0 61.142857142857146
60.2279792746114 61.78756476683938
60.78181818181818 63.10909090909091
63.80769230769231 63.46153846153846
60.77777777777778 64.66666666666667
68.88888888888889 65.22222222222223
63.083333333333336 65.58333333333333
96.0 67.5
69.59649122807018 69.02631578947368
76.2 69.2
66.4090909090909 69.27272727272727
72.5 69.33333333333333
59.0 69.66666666666667
67.65957446808511 74.61702127659575
88.5 76.5
75.78378378378379 76.62162162162163
82.9 79.25
71.13333333333334 79.33333333333333
71.5 79.75
81.98275862068965 79.91379310344827
101.15 80.15
91.9090909090909 91.81818181818181
93.91666666666667 92.19444444444444
80.5 92.76666666666667
66.16666666666667 94.0
107.0625 94.625
90.66666666666667 98.33333333333333
98.5677966101695 98.37288135593221
136.0 100.0
97.5 100.5
95.58653846153847 102.23076923076923
107.66101694915254 102.77966101694915
106.23394495412845 106.1788990825688
125.4 107.6
108.66666666666667 107.83333333333333
143.0 111.0
80.45 112.7
118.66666666666667 113.0
114.83333333333333 113.83333333333333
115.13223140495867 114.07438016528926
111.22222222222223 114.11111111111111
54.0 115.0
118.47619047619048 115.35714285714286
120.0 116.0
129.28571428571428 116.42857142857143
120.55555555555556 116.44444444444444
120.16666666666667 117.16666666666667
125.0 118.0
130.22222222222223 120.61111111111111
122.88888888888889 122.22222222222223
125.75 122.5
125.17054263565892 123.50387596899225
116.14285714285714 127.42857142857143
124.1 127.76666666666667
129.0909090909091 127.9090909090909
137.75 129.25
126.28571428571429 129.75
127.8125 129.8125
133.27272727272728 130.0
131.16564417177915 130.9754601226994
90.4 133.8
146.85714285714286 133.85714285714286
123.0 134.0
156.25 135.0
135.42105263157896 135.05263157894737
136.06666666666666 135.85
140.11363636363637 136.75
142.30769230769232 137.3846153846154
135.1578947368421 138.0
141.0 138.0
140.7391304347826 139.2173913043478
91.25 139.25
139.2 140.8
116.16666666666667 141.0
141.46043165467626 141.07194244604315
128.375 141.1875
145.0 141.625
147.95 142.8
141.69230769230768 143.6153846153846
111.28571428571429 144.0
147.94444444444446 146.05555555555554
140.8372093023256 146.67441860465115
147.07299270072994 146.73722627737226
150.5 147.3
151.75 151.05
155.78169014084506 155.3732394366197
155.11111111111111 156.11111111111111
151.40740740740742 156.22222222222223
138.33333333333334 156.66666666666666
168.0 158.4375
159.8736842105263 158.8736842105263
156.75 160.25
173.78571428571428 160.57142857142858
162.61290322580646 162.2258064516129
163.11111111111111 164.33333333333334
163.75 165.0
163.0 166.25
166.16 168.56
170.16666666666666 168.83333333333334
170.57894736842104 170.73684210526315
172.28378378378378 171.01351351351352
174.88888888888889 172.66666666666666
172.44827586206895 172.93103448275863
154.57142857142858 175.64285714285714
184.4 181.26666666666668
182.6909090909091 182.21818181818182
183.71698113207546 183.0
188.0 183.0
184.8235294117647 184.23529411764707
188.0 184.75
160.0 186.0
176.28571428571428 186.85714285714286
189.83333333333334 189.16666666666666
192.65277777777777 190.80555555555554
196.5 191.0
199.2 195.65
199.14444444444445 198.83333333333334
204.42857142857142 199.14285714285714
204.30666666666667 203.33333333333334
203.1 205.6
210.0 210.4
212.33333333333334 210.83333333333334
213.1818181818182 212.22727272727272
215.75 215.5
