78.0 69.0
108.0 104.0
128.0 111.0
113.0 117.0
128.0 124.0
121.0 125.0
138.0 126.0
132.0 129.0
141.0 129.0
140.0 130.0
136.0 130.0
130.0 131.0
142.0 132.0
131.0 133.0
129.0 134.0
138.0 134.0
141.0 135.0
143.0 136.0
140.0 136.0
137.0 136.0
153.0 137.0
143.0 137.0
135.0 137.0
142.0 137.0
135.0 137.0
138.0 137.0
142.0 138.0
141.0 138.0
126.0 138.0
133.0 138.0
143.0 138.0
144.0 138.0
138.0 138.0
139.0 138.0
143.0 138.0
150.0 138.0
141.0 139.0
141.0 139.0
144.0 139.0
145.0 139.0
138.0 139.0
141.0 139.0
141.0 139.0
137.0 139.0
141.0 139.0
145.0 139.0
150.0 139.0
143.0 140.0
140.0 140.0
140.0 140.0
144.0 140.0
142.0 140.0
139.0 140.0
142.0 140.0
141.0 140.0
138.0 140.0
141.0 141.0
141.0 141.0
147.0 141.0
144.0 141.0
141.0 141.0
137.0 141.0
138.0 141.0
142.0 141.0
143.0 141.0
139.0 141.0
144.0 142.0
140.0 142.0
147.0 142.0
146.0 142.0
140.0 142.0
148.0 142.0
142.0 142.0
144.0 142.0
141.0 142.0
143.0 142.0
145.0 142.0
143.0 143.0
145.0 143.0
145.0 143.0
145.0 143.0
143.0 143.0
142.0 143.0
137.0 143.0
151.0 143.0
141.0 143.0
144.0 143.0
143.0 143.0
146.0 143.0
147.0 144.0
143.0 144.0
144.0 144.0
144.0 144.0
141.0 144.0
144.0 144.0
139.0 144.0
144.0 144.0
141.0 144.0
142.0 144.0
143.0 144.0
146.0 144.0
147.0 145.0
141.0 145.0
142.0 145.0
138.0 145.0
141.0 145.0
141.0 145.0
145.0 145.0
136.0 145.0
144.0 145.0
142.0 145.0
145.0 146.0
142.0 146.0
148.0 146.0
144.0 146.0
148.0 146.0
138.0 146.0
149.0 147.0
137.0 147.0
141.0 147.0
141.0 147.0
145.0 147.0
144.0 147.0
141.0 147.0
141.0 147.0
140.0 148.0
138.0 148.0
153.0 149.0
148.0 149.0
149.0 149.0
143.0 149.0
145.0 149.0
139.0 150.0
148.0 150.0
143.0 150.0
148.0 150.0
149.0 151.0
154.0 158.0
155.0 159.0
160.0 159.0
