103.0 104.0
185.0 148.0
165.0 159.0
184.0 161.0
172.0 171.0
185.0 173.0
183.0 173.0
179.0 176.0
190.0 182.0
183.0 182.0
187.0 182.0
185.0 182.0
190.0 184.0
186.0 184.0
184.0 184.0
183.0 184.0
193.0 186.0
189.0 187.0
189.0 187.0
190.0 187.0
192.0 188.0
187.0 189.0
191.0 189.0
193.0 189.0
192.0 189.0
188.0 189.0
194.0 189.0
191.0 191.0
193.0 191.0
190.0 191.0
188.0 191.0
195.0 192.0
196.0 192.0
192.0 192.0
195.0 192.0
193.0 193.0
196.0 193.0
190.0 193.0
196.0 193.0
196.0 193.0
191.0 193.0
200.0 194.0
200.0 194.0
192.0 194.0
194.0 194.0
194.0 194.0
191.0 194.0
195.0 195.0
199.0 195.0
191.0 195.0
194.0 196.0
195.0 196.0
197.0 196.0
194.0 197.0
203.0 197.0
199.0 198.0
200.0 198.0
194.0 198.0
200.0 198.0
201.0 198.0
197.0 198.0
197.0 198.0
197.0 199.0
205.0 199.0
198.0 200.0
198.0 201.0
203.0 202.0
202.0 203.0
202.0 204.0
191.0 204.0
200.0 205.0
198.0 207.0
209.0 213.0
