57.0 53.0
71.0 54.0
60.0 55.0
58.0 57.0
68.0 58.0
62.0 59.0
48.0 60.0
57.0 60.0
60.0 61.0
65.0 63.0
58.0 63.0
57.0 63.0
58.0 63.0
64.0 64.0
60.0 64.0
62.0 64.0
57.0 64.0
59.0 65.0
62.0 65.0
65.0 65.0
55.0 65.0
90.0 66.0
61.0 66.0
65.0 66.0
64.0 66.0
66.0 67.0
75.0 67.0
56.0 68.0
59.0 68.0
71.0 69.0
87.0 72.0
71.0 73.0
72.0 75.0
63.0 78.0
62.0 80.0
66.0 81.0
55.0 81.0
85.0 83.0
94.0 85.0
71.0 90.0
73.0 93.0
85.0 97.0
96.0 109.0
76.0 109.0
98.0 113.0
106.0 114.0
62.0 123.0
78.0 129.0
