1.0 70.58388858907696
2.0 64.43866048223961
3.0 63.87870448258217
4.0 63.69414037610072
5.0 63.59032201708035
6.0 63.54127419753913
7.0 63.51376318203806
8.0 63.47985829825959
9.0 63.442056353797305
10.0 63.42185668954859
11.0 63.39939063119557
12.0 63.37963676124441
13.0 63.352398576297794
14.0 63.344367581107974
15.0 63.33464676546788
16.0 63.32852416628601
17.0 63.32033351329663
18.0 63.314192072612855
19.0 63.31399492379914
20.0 63.31328153386963
21.0 63.31328153386964
22.0 63.31328153386956
23.0 63.31328153386954
24.0 63.31328153386953
25.0 63.31328153386956
26.0 63.31328153386955
27.0 63.313281533869535
28.0 63.31328153386954
29.0 63.31328153386945
30.0 63.313281533869564
31.0 63.31328153386969
32.0 63.31328153386952
33.0 63.313281533869564
34.0 63.313281533869564
35.0 63.313281533869535
36.0 63.31328153386952
37.0 63.313281533869585
38.0 63.31328153386961
39.0 63.31328153386953
40.0 63.313281533869514
41.0 63.31328153386963
42.0 63.31328153386948
43.0 63.31328153386957
44.0 63.313281533869606
45.0 63.31328153386964
46.0 63.31328153386968
47.0 63.31328153386965
48.0 63.313281533869606
49.0 63.313281533869684
50.0 63.31328153386964
