119.0 112.0
154.0 113.0
144.0 119.0
140.0 126.0
145.0 128.0
136.0 129.0
153.0 130.0
144.0 130.0
138.0 133.0
133.0 133.0
138.0 134.0
130.0 134.0
124.0 135.0
141.0 136.0
138.0 137.0
149.0 137.0
121.0 139.0
148.0 139.0
132.0 139.0
144.0 140.0
156.0 141.0
133.0 141.0
141.0 141.0
150.0 142.0
143.0 142.0
153.0 142.0
146.0 142.0
144.0 144.0
131.0 144.0
140.0 144.0
149.0 144.0
130.0 145.0
140.0 145.0
134.0 145.0
146.0 146.0
127.0 147.0
132.0 147.0
149.0 147.0
138.0 148.0
118.0 148.0
144.0 149.0
154.0 149.0
135.0 150.0
124.0 150.0
143.0 150.0
148.0 154.0
153.0 154.0
186.0 155.0
151.0 156.0
143.0 156.0
174.0 158.0
145.0 159.0
140.0 163.0
138.0 178.0
151.0 182.0
