61.0 41.0
57.0 51.0
68.0 57.0
53.0 58.0
93.0 61.0
96.0 62.0
147.0 63.0
75.0 63.0
84.0 65.0
74.0 65.0
65.0 66.0
122.0 66.0
60.0 66.0
101.0 68.0
51.0 70.0
68.0 70.0
76.0 71.0
74.0 72.0
94.0 73.0
68.0 74.0
85.0 74.0
82.0 75.0
79.0 76.0
80.0 76.0
84.0 76.0
133.0 80.0
78.0 80.0
73.0 81.0
90.0 81.0
86.0 82.0
88.0 84.0
63.0 84.0
87.0 85.0
70.0 85.0
83.0 85.0
83.0 86.0
83.0 86.0
108.0 86.0
48.0 87.0
78.0 87.0
117.0 89.0
78.0 89.0
88.0 91.0
73.0 92.0
146.0 94.0
76.0 94.0
62.0 94.0
94.0 95.0
92.0 95.0
90.0 97.0
103.0 97.0
79.0 98.0
87.0 98.0
82.0 100.0
69.0 100.0
75.0 100.0
90.0 100.0
77.0 101.0
79.0 103.0
87.0 103.0
99.0 103.0
112.0 104.0
95.0 104.0
77.0 105.0
109.0 105.0
104.0 109.0
107.0 111.0
118.0 111.0
95.0 112.0
87.0 112.0
82.0 114.0
93.0 116.0
57.0 118.0
117.0 128.0
113.0 129.0
96.0 129.0
98.0 135.0
80.0 145.0
