114.0 74.0
87.0 75.0
156.0 79.0
97.0 86.0
157.0 91.0
129.0 92.0
151.0 92.0
76.0 92.0
117.0 95.0
126.0 95.0
91.0 97.0
131.0 101.0
82.0 104.0
88.0 105.0
138.0 107.0
120.0 110.0
145.0 111.0
98.0 111.0
107.0 114.0
144.0 117.0
133.0 117.0
101.0 117.0
87.0 117.0
132.0 119.0
110.0 119.0
104.0 120.0
120.0 120.0
144.0 120.0
119.0 122.0
121.0 124.0
109.0 126.0
135.0 127.0
132.0 127.0
132.0 129.0
124.0 129.0
127.0 130.0
116.0 131.0
109.0 134.0
141.0 135.0
152.0 136.0
110.0 136.0
125.0 137.0
134.0 137.0
122.0 137.0
115.0 138.0
126.0 140.0
110.0 141.0
166.0 142.0
114.0 144.0
108.0 144.0
182.0 146.0
156.0 149.0
102.0 150.0
147.0 150.0
145.0 154.0
141.0 156.0
135.0 158.0
172.0 160.0
137.0 162.0
149.0 164.0
144.0 165.0
108.0 166.0
126.0 170.0
96.0 170.0
94.0 174.0
144.0 182.0
