149.0 97.0
163.0 97.0
131.0 99.0
130.0 105.0
140.0 108.0
130.0 112.0
118.0 117.0
138.0 121.0
142.0 122.0
138.0 122.0
127.0 125.0
120.0 125.0
128.0 126.0
132.0 126.0
147.0 127.0
127.0 127.0
128.0 128.0
130.0 129.0
136.0 129.0
148.0 129.0
153.0 130.0
134.0 130.0
134.0 131.0
153.0 131.0
138.0 131.0
134.0 132.0
137.0 133.0
143.0 133.0
134.0 133.0
133.0 133.0
139.0 133.0
109.0 134.0
138.0 134.0
125.0 134.0
154.0 134.0
137.0 134.0
145.0 135.0
142.0 136.0
128.0 136.0
138.0 137.0
125.0 137.0
135.0 138.0
135.0 138.0
148.0 139.0
139.0 139.0
136.0 139.0
153.0 139.0
149.0 139.0
118.0 140.0
144.0 140.0
155.0 141.0
137.0 141.0
150.0 142.0
134.0 142.0
130.0 142.0
136.0 142.0
161.0 142.0
146.0 142.0
153.0 143.0
153.0 143.0
144.0 143.0
144.0 144.0
130.0 145.0
136.0 145.0
123.0 145.0
123.0 145.0
142.0 146.0
144.0 146.0
149.0 147.0
140.0 148.0
134.0 148.0
139.0 148.0
130.0 148.0
144.0 149.0
154.0 149.0
134.0 152.0
130.0 152.0
146.0 156.0
147.0 157.0
145.0 159.0
137.0 161.0
152.0 162.0
149.0 162.0
153.0 164.0
