140.0 108.0
118.0 115.0
117.0 119.0
154.0 119.0
131.0 120.0
117.0 121.0
136.0 121.0
132.0 121.0
110.0 123.0
126.0 123.0
124.0 124.0
123.0 124.0
124.0 125.0
120.0 126.0
119.0 127.0
123.0 127.0
127.0 128.0
139.0 128.0
108.0 129.0
135.0 129.0
134.0 131.0
151.0 131.0
100.0 133.0
150.0 133.0
125.0 134.0
120.0 134.0
125.0 136.0
131.0 138.0
138.0 139.0
110.0 139.0
130.0 139.0
141.0 139.0
137.0 141.0
139.0 142.0
146.0 142.0
142.0 143.0
133.0 144.0
119.0 144.0
134.0 144.0
127.0 145.0
139.0 148.0
127.0 149.0
131.0 154.0
138.0 160.0
119.0 163.0
