184.0 152.0
169.0 159.0
188.0 159.0
170.0 166.0
179.0 167.0
169.0 171.0
175.0 171.0
179.0 172.0
184.0 173.0
185.0 173.0
159.0 173.0
163.0 173.0
178.0 174.0
184.0 174.0
182.0 175.0
180.0 175.0
184.0 176.0
171.0 176.0
186.0 177.0
169.0 177.0
177.0 177.0
185.0 178.0
189.0 178.0
178.0 178.0
186.0 178.0
175.0 178.0
176.0 178.0
172.0 179.0
170.0 179.0
182.0 179.0
187.0 179.0
182.0 180.0
185.0 180.0
188.0 180.0
167.0 180.0
178.0 180.0
179.0 180.0
182.0 181.0
181.0 181.0
186.0 181.0
187.0 182.0
184.0 182.0
178.0 182.0
183.0 182.0
178.0 182.0
169.0 182.0
181.0 183.0
188.0 183.0
185.0 183.0
180.0 183.0
179.0 183.0
183.0 183.0
182.0 183.0
185.0 183.0
164.0 183.0
185.0 184.0
185.0 184.0
182.0 185.0
183.0 185.0
172.0 185.0
188.0 186.0
189.0 186.0
190.0 186.0
172.0 186.0
170.0 186.0
181.0 187.0
180.0 187.0
200.0 187.0
172.0 188.0
188.0 189.0
175.0 190.0
182.0 190.0
183.0 191.0
178.0 191.0
195.0 191.0
188.0 192.0
189.0 192.0
175.0 193.0
170.0 194.0
194.0 194.0
185.0 196.0
