138.0 100.0
108.0 102.0
114.0 102.0
111.0 105.0
107.0 107.0
114.0 108.0
118.0 108.0
117.0 109.0
116.0 110.0
111.0 110.0
115.0 111.0
105.0 112.0
112.0 112.0
116.0 112.0
112.0 113.0
111.0 114.0
111.0 114.0
115.0 114.0
117.0 114.0
117.0 114.0
111.0 114.0
113.0 115.0
117.0 116.0
119.0 116.0
118.0 117.0
115.0 117.0
116.0 117.0
110.0 117.0
119.0 117.0
115.0 117.0
110.0 117.0
115.0 118.0
112.0 118.0
120.0 118.0
115.0 118.0
113.0 119.0
116.0 119.0
118.0 120.0
115.0 122.0
116.0 122.0
119.0 122.0
135.0 123.0
115.0 125.0
