89.0 72.0
159.0 107.0
168.0 111.0
180.0 118.0
169.0 125.0
154.0 130.0
142.0 132.0
115.0 134.0
188.0 137.0
166.0 137.0
128.0 139.0
181.0 142.0
178.0 143.0
141.0 145.0
144.0 145.0
143.0 148.0
179.0 149.0
163.0 150.0
132.0 151.0
149.0 152.0
180.0 152.0
176.0 154.0
181.0 154.0
150.0 155.0
191.0 157.0
173.0 159.0
152.0 160.0
184.0 162.0
160.0 163.0
160.0 164.0
156.0 167.0
167.0 168.0
129.0 168.0
186.0 170.0
178.0 170.0
141.0 174.0
179.0 177.0
140.0 178.0
175.0 179.0
140.0 184.0
181.0 184.0
