27.0 24.0
28.0 27.0
40.0 28.0
46.0 28.0
27.0 29.0
29.0 29.0
31.0 31.0
31.0 32.0
27.0 33.0
47.0 35.0
36.0 35.0
37.0 35.0
43.0 36.0
32.0 36.0
21.0 36.0
31.0 36.0
36.0 36.0
54.0 37.0
38.0 37.0
32.0 37.0
28.0 38.0
46.0 38.0
42.0 39.0
27.0 39.0
37.0 40.0
42.0 41.0
60.0 41.0
56.0 42.0
43.0 43.0
57.0 43.0
33.0 43.0
32.0 44.0
53.0 45.0
35.0 46.0
40.0 46.0
59.0 47.0
46.0 47.0
53.0 48.0
47.0 48.0
55.0 50.0
53.0 50.0
59.0 51.0
60.0 52.0
47.0 53.0
51.0 53.0
55.0 53.0
17.0 53.0
55.0 53.0
65.0 54.0
63.0 54.0
36.0 55.0
63.0 55.0
53.0 55.0
45.0 56.0
54.0 56.0
57.0 56.0
66.0 56.0
60.0 57.0
61.0 58.0
51.0 58.0
42.0 58.0
59.0 61.0
62.0 62.0
71.0 63.0
68.0 64.0
49.0 64.0
61.0 65.0
58.0 68.0
40.0 69.0
76.0 69.0
48.0 69.0
57.0 70.0
38.0 71.0
59.0 73.0
88.0 74.0
66.0 75.0
64.0 76.0
62.0 84.0
51.0 92.0
42.0 93.0
63.0 105.0
42.0 107.0
