138.0 133.0
152.0 136.0
139.0 136.0
125.0 137.0
121.0 139.0
157.0 141.0
166.0 142.0
131.0 142.0
118.0 143.0
156.0 144.0
136.0 146.0
131.0 148.0
139.0 148.0
162.0 152.0
153.0 154.0
143.0 154.0
140.0 155.0
140.0 155.0
125.0 156.0
128.0 157.0
150.0 158.0
124.0 160.0
138.0 160.0
144.0 161.0
126.0 163.0
150.0 163.0
140.0 163.0
149.0 164.0
144.0 165.0
161.0 165.0
98.0 167.0
157.0 167.0
146.0 170.0
143.0 171.0
172.0 172.0
122.0 174.0
94.0 174.0
149.0 177.0
141.0 178.0
166.0 180.0
142.0 182.0
164.0 183.0
172.0 184.0
163.0 193.0
159.0 200.0
