162.0 92.0
131.0 96.0
144.0 96.0
144.0 98.0
147.0 103.0
133.0 117.0
161.0 118.0
129.0 118.0
119.0 119.0
125.0 119.0
133.0 119.0
128.0 119.0
148.0 121.0
126.0 121.0
121.0 121.0
133.0 121.0
129.0 122.0
132.0 122.0
131.0 122.0
130.0 123.0
127.0 123.0
130.0 123.0
126.0 123.0
135.0 123.0
130.0 124.0
124.0 124.0
127.0 124.0
131.0 126.0
121.0 126.0
120.0 126.0
130.0 127.0
161.0 127.0
139.0 127.0
124.0 127.0
128.0 127.0
138.0 127.0
126.0 127.0
128.0 127.0
139.0 127.0
127.0 128.0
129.0 128.0
128.0 128.0
124.0 128.0
129.0 128.0
135.0 128.0
128.0 128.0
137.0 129.0
130.0 129.0
136.0 129.0
128.0 129.0
128.0 129.0
130.0 129.0
125.0 130.0
128.0 130.0
129.0 130.0
124.0 131.0
151.0 131.0
127.0 131.0
136.0 131.0
130.0 132.0
137.0 132.0
135.0 132.0
130.0 132.0
131.0 133.0
136.0 133.0
136.0 133.0
138.0 133.0
152.0 134.0
153.0 134.0
138.0 134.0
124.0 134.0
133.0 134.0
125.0 134.0
143.0 134.0
147.0 134.0
133.0 134.0
134.0 134.0
133.0 134.0
137.0 135.0
141.0 135.0
128.0 135.0
138.0 136.0
134.0 136.0
126.0 137.0
131.0 137.0
138.0 137.0
132.0 137.0
125.0 138.0
141.0 138.0
148.0 139.0
162.0 140.0
138.0 140.0
128.0 141.0
133.0 141.0
127.0 141.0
143.0 142.0
145.0 142.0
136.0 142.0
126.0 142.0
111.0 143.0
130.0 143.0
140.0 144.0
131.0 144.0
140.0 144.0
142.0 145.0
151.0 146.0
129.0 146.0
150.0 147.0
135.0 147.0
127.0 148.0
156.0 149.0
159.0 149.0
160.0 150.0
149.0 150.0
143.0 150.0
157.0 151.0
157.0 153.0
129.0 154.0
147.0 155.0
158.0 157.0
135.0 158.0
117.0 159.0
130.0 172.0
133.0 175.0
