67.0 61.0
71.0 69.0
81.0 72.0
88.0 72.0
97.0 76.0
89.0 78.0
102.0 78.0
84.0 80.0
96.0 82.0
88.0 82.0
76.0 83.0
83.0 83.0
90.0 84.0
94.0 84.0
125.0 84.0
86.0 86.0
86.0 86.0
94.0 87.0
92.0 88.0
111.0 89.0
91.0 89.0
106.0 89.0
87.0 89.0
104.0 91.0
101.0 91.0
113.0 91.0
79.0 93.0
94.0 93.0
95.0 94.0
93.0 96.0
102.0 96.0
106.0 96.0
95.0 97.0
109.0 97.0
87.0 98.0
93.0 98.0
85.0 99.0
111.0 100.0
111.0 100.0
103.0 101.0
102.0 101.0
94.0 101.0
122.0 101.0
100.0 101.0
105.0 101.0
94.0 102.0
93.0 103.0
92.0 105.0
103.0 105.0
109.0 105.0
91.0 106.0
108.0 106.0
110.0 108.0
113.0 109.0
105.0 109.0
113.0 110.0
93.0 114.0
90.0 115.0
102.0 118.0
103.0 119.0
82.0 121.0
