131.0 81.0
82.0 98.0
142.0 99.0
135.0 103.0
138.0 107.0
160.0 107.0
150.0 107.0
133.0 114.0
166.0 114.0
81.0 115.0
130.0 116.0
132.0 116.0
128.0 119.0
124.0 120.0
147.0 121.0
124.0 121.0
135.0 123.0
108.0 124.0
131.0 124.0
133.0 125.0
112.0 125.0
147.0 126.0
145.0 129.0
122.0 131.0
136.0 134.0
135.0 135.0
146.0 135.0
144.0 136.0
115.0 139.0
159.0 141.0
119.0 143.0
127.0 145.0
143.0 146.0
135.0 148.0
104.0 149.0
175.0 150.0
125.0 151.0
180.0 151.0
148.0 156.0
140.0 159.0
171.0 160.0
136.0 161.0
133.0 167.0
135.0 167.0
