1.0 14.38207921332339
2.0 8.270855269889159
3.0 7.4118392997272124
4.0 6.873021094592154
5.0 7.001835016236177
6.0 4.269998196793226
7.0 3.855489798565136
8.0 3.988154425136367
9.0 3.682047988207483
10.0 3.217402301492696
11.0 3.0764587093230955
12.0 2.9366026229246773
13.0 2.8464445029214156
14.0 2.746978603787108
15.0 2.672472794570889
16.0 2.6255293218283944
17.0 2.5976117545064694
18.0 2.575039577441228
19.0 2.54468129155794
20.0 2.5360902785875297
21.0 2.5250771475770275
22.0 2.5127242988302476
23.0 2.508451509372276
24.0 2.504608672954073
25.0 2.4991742284662832
26.0 2.497183849311174
27.0 2.4951196284895456
28.0 2.495388635627245
29.0 2.4953033758616816
30.0 2.4935167452899467
31.0 2.4922202280219024
32.0 2.491580982776414
33.0 2.4906324296265483
34.0 2.4896590898363242
35.0 2.489008344036384
36.0 2.488899405769389
37.0 2.4884171031090574
38.0 2.4880556887421594
39.0 2.4874603827615136
40.0 2.487364095690034
41.0 2.487027616550011
42.0 2.487192080112847
43.0 2.4870927195341097
44.0 2.4868562971317196
45.0 2.4868022561885406
46.0 2.486718456597071
47.0 2.486635873278211
48.0 2.4866323786501345
49.0 2.486499835494421
50.0 2.4864681802703603
51.0 2.4863494297104753
