65.39223779256402 58.2728058499303
60.82438685837138 63.1381627661722
68.69214554146612 67.4570037245844
66.44776547280189 68.67406600239046
93.93444966490242 88.04202334187883
107.68681811881393 89.69571879118844
94.3184288904563 96.57420629628191
72.34576071790636 97.2609948626813
92.43018956821261 103.80158470431421
106.26735904803479 106.66760412695167
80.8184481189673 108.0923841562955
121.89542775445807 109.47174809894932
115.48865375757222 113.26417476375565
124.2822971564519 123.63485821588576
143.28425825305075 130.55920774540087
134.1131671717022 132.89710897444348
126.6550993261722 137.60032264680908
130.64487671985182 141.9495522199728
144.43167795351613 143.73905841447606
139.87921024282082 148.83007343272803
152.51020350638197 150.44935149337329
160.9741654163956 161.0473158018715
165.4650319384183 161.614445920044
157.6637627622861 162.1565424522823
160.11883431906787 163.68428805213554
171.9875527191411 169.85941287588685
133.74744614592328 175.63820497673387
183.19150853911955 178.21909002040272
193.68431859089597 190.86512682962646
197.02706599509895 195.59406933655674
207.00342199324137 204.96977152826977
201.60619023290278 210.85074703069418
