89.0 0.0
255.0 0.0
255.0 79.0
99.0 84.0
255.0 86.0
107.0 89.0
103.0 89.0
255.0 91.0
255.0 94.0
255.0 95.0
182.0 95.0
96.0 96.0
255.0 97.0
255.0 98.0
105.0 101.0
107.0 102.0
103.0 105.0
255.0 106.0
107.0 106.0
255.0 107.0
114.0 108.0
255.0 108.0
255.0 108.0
255.0 108.0
255.0 109.0
119.0 109.0
255.0 109.0
255.0 109.0
132.0 110.0
105.0 110.0
255.0 111.0
110.0 112.0
255.0 115.0
255.0 116.0
122.0 117.0
255.0 118.0
119.0 118.0
255.0 119.0
124.0 120.0
118.0 122.0
133.0 124.0
255.0 125.0
255.0 126.0
125.0 127.0
137.0 127.0
130.0 128.0
255.0 129.0
255.0 130.0
134.0 131.0
255.0 131.0
141.0 131.0
164.0 131.0
134.0 132.0
133.0 132.0
129.0 132.0
255.0 132.0
133.0 133.0
134.0 133.0
135.0 134.0
255.0 134.0
166.0 134.0
136.0 134.0
137.0 134.0
136.0 134.0
132.0 134.0
255.0 134.0
138.0 134.0
147.0 134.0
131.0 135.0
255.0 135.0
255.0 135.0
127.0 135.0
82.0 135.0
137.0 136.0
135.0 136.0
144.0 136.0
136.0 136.0
140.0 136.0
255.0 136.0
255.0 136.0
255.0 136.0
139.0 137.0
129.0 137.0
255.0 137.0
137.0 137.0
255.0 138.0
255.0 138.0
145.0 138.0
141.0 138.0
139.0 138.0
144.0 139.0
140.0 139.0
138.0 140.0
255.0 140.0
150.0 140.0
142.0 140.0
255.0 140.0
143.0 141.0
141.0 141.0
141.0 142.0
142.0 142.0
137.0 142.0
144.0 142.0
143.0 142.0
255.0 142.0
255.0 143.0
142.0 143.0
139.0 143.0
146.0 144.0
151.0 144.0
142.0 144.0
146.0 145.0
152.0 145.0
155.0 145.0
144.0 145.0
148.0 145.0
255.0 146.0
144.0 146.0
150.0 146.0
151.0 146.0
148.0 146.0
160.0 147.0
144.0 147.0
255.0 147.0
149.0 147.0
153.0 147.0
147.0 147.0
146.0 148.0
148.0 150.0
255.0 150.0
164.0 150.0
151.0 151.0
150.0 151.0
152.0 151.0
153.0 151.0
151.0 151.0
178.0 152.0
152.0 153.0
151.0 154.0
154.0 154.0
153.0 154.0
155.0 154.0
155.0 156.0
156.0 156.0
157.0 156.0
156.0 157.0
255.0 158.0
255.0 158.0
162.0 160.0
160.0 160.0
161.0 161.0
162.0 163.0
160.0 163.0
159.0 167.0
168.0 169.0
169.0 169.0
209.0 171.0
179.0 176.0
173.0 178.0
183.0 179.0
178.0 180.0
184.0 184.0
185.0 184.0
188.0 190.0
159.0 190.0
177.0 194.0
195.0 197.0
183.0 198.0
168.0 199.0
196.0 203.0
200.0 206.0
187.0 207.0
135.0 255.0
137.0 255.0
255.0 255.0
255.0 255.0
159.0 255.0
123.0 255.0
133.0 255.0
255.0 255.0
130.0 255.0
127.0 255.0
255.0 255.0
125.0 255.0
120.0 255.0
139.0 255.0
116.0 255.0
118.0 255.0
126.0 255.0
148.0 255.0
156.0 255.0
158.0 255.0
136.0 255.0
107.0 255.0
174.0 255.0
126.0 255.0
105.0 255.0
255.0 255.0
127.0 255.0
118.0 255.0
160.0 255.0
119.0 255.0
255.0 255.0
169.0 255.0
156.0 255.0
255.0 255.0
153.0 255.0
142.0 255.0
150.0 255.0
103.0 255.0
255.0 255.0
174.0 255.0
142.0 255.0
121.0 255.0
117.0 255.0
77.0 255.0
135.0 255.0
127.0 255.0
