192.0 0.0
199.0 0.0
129.0 0.0
145.0 0.0
88.0 101.0
133.0 102.0
102.0 103.0
108.0 107.0
108.0 107.0
119.0 109.0
110.0 109.0
112.0 111.0
133.0 116.0
112.0 116.0
134.0 119.0
117.0 120.0
123.0 121.0
130.0 124.0
116.0 124.0
126.0 125.0
125.0 125.0
127.0 126.0
136.0 127.0
134.0 128.0
0.0 129.0
142.0 129.0
126.0 129.0
131.0 129.0
133.0 130.0
0.0 132.0
129.0 132.0
131.0 132.0
132.0 132.0
139.0 132.0
134.0 134.0
137.0 135.0
140.0 136.0
142.0 137.0
150.0 138.0
146.0 138.0
140.0 139.0
139.0 139.0
142.0 140.0
153.0 141.0
0.0 141.0
141.0 141.0
140.0 141.0
144.0 142.0
138.0 142.0
0.0 143.0
141.0 143.0
145.0 143.0
143.0 144.0
155.0 145.0
144.0 145.0
149.0 147.0
144.0 147.0
0.0 148.0
176.0 148.0
145.0 149.0
152.0 149.0
151.0 149.0
255.0 150.0
151.0 151.0
155.0 151.0
116.0 152.0
151.0 152.0
151.0 154.0
154.0 154.0
147.0 154.0
107.0 155.0
154.0 156.0
155.0 156.0
156.0 158.0
162.0 158.0
0.0 158.0
160.0 159.0
159.0 159.0
156.0 160.0
166.0 160.0
161.0 161.0
162.0 161.0
255.0 161.0
165.0 161.0
162.0 162.0
164.0 165.0
163.0 167.0
163.0 167.0
154.0 168.0
166.0 171.0
166.0 171.0
174.0 173.0
169.0 176.0
255.0 177.0
135.0 255.0
125.0 255.0
151.0 255.0
106.0 255.0
154.0 255.0
148.0 255.0
150.0 255.0
