108.0 0.0
0.0 0.0
108.0 0.0
146.0 0.0
58.0 57.0
66.0 59.0
63.0 60.0
255.0 61.0
57.0 62.0
69.0 62.0
60.0 64.0
63.0 65.0
65.0 66.0
58.0 66.0
72.0 67.0
65.0 67.0
67.0 68.0
72.0 68.0
107.0 73.0
68.0 73.0
74.0 73.0
76.0 75.0
81.0 75.0
82.0 76.0
72.0 78.0
53.0 80.0
82.0 81.0
81.0 85.0
88.0 85.0
91.0 88.0
98.0 90.0
0.0 91.0
97.0 92.0
97.0 93.0
88.0 94.0
90.0 94.0
97.0 94.0
89.0 95.0
78.0 95.0
0.0 96.0
0.0 96.0
0.0 96.0
80.0 97.0
97.0 98.0
96.0 98.0
95.0 98.0
101.0 99.0
93.0 99.0
98.0 99.0
102.0 99.0
99.0 100.0
105.0 100.0
97.0 100.0
89.0 101.0
90.0 101.0
91.0 101.0
103.0 102.0
103.0 103.0
105.0 103.0
102.0 103.0
88.0 103.0
84.0 103.0
103.0 104.0
106.0 104.0
104.0 104.0
100.0 105.0
105.0 105.0
88.0 105.0
86.0 105.0
102.0 106.0
106.0 106.0
0.0 106.0
54.0 106.0
0.0 107.0
108.0 107.0
107.0 107.0
105.0 107.0
108.0 109.0
109.0 109.0
116.0 110.0
96.0 110.0
110.0 110.0
69.0 110.0
110.0 111.0
114.0 112.0
113.0 113.0
106.0 113.0
90.0 113.0
88.0 114.0
0.0 115.0
109.0 119.0
122.0 119.0
50.0 119.0
83.0 119.0
99.0 120.0
94.0 120.0
0.0 120.0
100.0 121.0
66.0 123.0
92.0 124.0
122.0 127.0
131.0 129.0
124.0 129.0
128.0 131.0
133.0 132.0
0.0 133.0
91.0 135.0
83.0 137.0
67.0 154.0
69.0 194.0
76.0 255.0
91.0 255.0
51.0 255.0
0.0 255.0
78.0 255.0
60.0 255.0
