197.0 0.0
93.0 92.0
113.0 99.0
89.0 101.0
109.0 102.0
110.0 106.0
255.0 109.0
143.0 113.0
157.0 115.0
255.0 119.0
122.0 121.0
123.0 122.0
119.0 122.0
129.0 123.0
125.0 126.0
129.0 127.0
146.0 129.0
132.0 130.0
129.0 130.0
136.0 132.0
134.0 134.0
132.0 134.0
141.0 134.0
138.0 135.0
134.0 135.0
135.0 137.0
138.0 137.0
136.0 138.0
138.0 139.0
140.0 140.0
144.0 141.0
141.0 142.0
137.0 142.0
142.0 142.0
136.0 142.0
143.0 142.0
146.0 143.0
141.0 143.0
145.0 143.0
141.0 143.0
142.0 144.0
142.0 144.0
145.0 145.0
134.0 145.0
143.0 145.0
139.0 145.0
136.0 145.0
148.0 145.0
142.0 146.0
145.0 146.0
150.0 147.0
148.0 148.0
147.0 149.0
139.0 149.0
151.0 149.0
150.0 150.0
134.0 150.0
153.0 150.0
144.0 151.0
151.0 151.0
152.0 151.0
152.0 151.0
152.0 151.0
152.0 152.0
152.0 152.0
157.0 152.0
154.0 153.0
151.0 153.0
153.0 153.0
157.0 154.0
154.0 154.0
139.0 154.0
153.0 155.0
158.0 155.0
152.0 156.0
137.0 157.0
255.0 158.0
173.0 169.0
139.0 169.0
162.0 169.0
143.0 174.0
156.0 174.0
183.0 181.0
189.0 193.0
155.0 255.0
0.0 255.0
124.0 255.0
146.0 255.0
128.0 255.0
97.0 255.0
107.0 255.0
138.0 255.0
155.0 255.0
114.0 255.0
133.0 255.0
125.0 255.0
