192.0 0.0
199.0 0.0
125.0 125.0
131.0 128.0
135.0 130.0
255.0 136.0
144.0 142.0
157.0 151.0
154.0 152.0
180.0 153.0
154.0 154.0
156.0 156.0
186.0 157.0
155.0 157.0
255.0 158.0
162.0 158.0
156.0 158.0
166.0 158.0
160.0 159.0
166.0 160.0
160.0 161.0
164.0 161.0
164.0 164.0
166.0 165.0
167.0 167.0
174.0 171.0
174.0 171.0
170.0 172.0
174.0 173.0
164.0 174.0
174.0 176.0
169.0 176.0
178.0 178.0
178.0 180.0
178.0 182.0
159.0 182.0
176.0 183.0
176.0 186.0
185.0 187.0
194.0 191.0
195.0 194.0
204.0 198.0
202.0 199.0
199.0 200.0
212.0 201.0
202.0 205.0
206.0 205.0
205.0 212.0
217.0 214.0
151.0 255.0
169.0 255.0
142.0 255.0
149.0 255.0
