146.0 0.0
155.0 62.0
107.0 66.0
130.0 91.0
116.0 113.0
255.0 115.0
130.0 121.0
130.0 122.0
133.0 125.0
125.0 126.0
120.0 127.0
132.0 128.0
140.0 128.0
134.0 129.0
129.0 130.0
131.0 131.0
133.0 132.0
131.0 132.0
128.0 132.0
130.0 133.0
128.0 133.0
137.0 135.0
141.0 135.0
142.0 135.0
138.0 135.0
134.0 136.0
131.0 136.0
137.0 136.0
137.0 136.0
133.0 137.0
152.0 142.0
142.0 143.0
142.0 145.0
150.0 146.0
136.0 146.0
145.0 146.0
143.0 147.0
148.0 147.0
0.0 150.0
0.0 150.0
153.0 151.0
154.0 154.0
154.0 155.0
156.0 155.0
155.0 156.0
156.0 156.0
162.0 159.0
161.0 159.0
160.0 162.0
0.0 171.0
0.0 187.0
155.0 195.0
135.0 255.0
135.0 255.0
125.0 255.0
