144.0 0.0
0.0 0.0
97.0 0.0
100.0 52.0
70.0 59.0
59.0 63.0
44.0 69.0
137.0 73.0
78.0 74.0
59.0 78.0
79.0 78.0
90.0 86.0
103.0 88.0
92.0 91.0
94.0 92.0
112.0 94.0
110.0 96.0
113.0 98.0
102.0 103.0
103.0 103.0
103.0 103.0
111.0 104.0
104.0 106.0
112.0 109.0
106.0 109.0
0.0 110.0
0.0 112.0
114.0 114.0
119.0 114.0
116.0 118.0
123.0 120.0
92.0 120.0
68.0 120.0
127.0 121.0
127.0 121.0
132.0 123.0
0.0 124.0
0.0 124.0
120.0 125.0
127.0 126.0
0.0 126.0
129.0 128.0
0.0 129.0
0.0 130.0
135.0 131.0
131.0 131.0
122.0 131.0
0.0 132.0
0.0 132.0
0.0 133.0
132.0 133.0
145.0 133.0
130.0 134.0
0.0 136.0
0.0 139.0
0.0 139.0
0.0 139.0
140.0 140.0
141.0 141.0
139.0 142.0
0.0 143.0
145.0 143.0
0.0 144.0
0.0 145.0
0.0 146.0
0.0 147.0
138.0 147.0
0.0 147.0
0.0 149.0
135.0 151.0
150.0 151.0
0.0 153.0
153.0 153.0
0.0 154.0
0.0 168.0
164.0 171.0
