109.0 0.0
123.0 0.0
122.0 0.0
82.0 0.0
80.0 58.0
82.0 74.0
94.0 76.0
102.0 81.0
101.0 83.0
62.0 83.0
96.0 93.0
106.0 94.0
97.0 94.0
113.0 96.0
87.0 98.0
0.0 100.0
102.0 100.0
104.0 102.0
105.0 103.0
103.0 103.0
88.0 103.0
255.0 104.0
109.0 105.0
107.0 106.0
106.0 106.0
107.0 108.0
107.0 109.0
106.0 110.0
101.0 111.0
109.0 111.0
119.0 111.0
114.0 112.0
119.0 114.0
108.0 114.0
113.0 116.0
127.0 117.0
92.0 118.0
119.0 119.0
123.0 120.0
0.0 122.0
123.0 122.0
122.0 123.0
110.0 123.0
126.0 124.0
128.0 125.0
0.0 128.0
131.0 133.0
138.0 139.0
145.0 143.0
104.0 145.0
69.0 194.0
