131.0 0.0
156.0 0.0
145.0 0.0
118.0 82.0
102.0 97.0
133.0 102.0
102.0 103.0
108.0 107.0
101.0 107.0
119.0 109.0
112.0 111.0
133.0 116.0
255.0 119.0
127.0 123.0
130.0 124.0
133.0 124.0
127.0 126.0
134.0 128.0
130.0 129.0
142.0 129.0
129.0 130.0
133.0 130.0
0.0 132.0
131.0 132.0
132.0 132.0
126.0 132.0
139.0 132.0
135.0 136.0
140.0 136.0
135.0 137.0
140.0 140.0
141.0 141.0
141.0 141.0
140.0 141.0
139.0 142.0
0.0 143.0
141.0 143.0
145.0 143.0
143.0 144.0
145.0 145.0
155.0 145.0
149.0 146.0
141.0 146.0
144.0 147.0
141.0 148.0
151.0 151.0
155.0 151.0
152.0 151.0
153.0 151.0
150.0 151.0
155.0 156.0
160.0 157.0
0.0 158.0
160.0 161.0
164.0 165.0
