143.0 0.0
201.0 0.0
255.0 63.0
68.0 66.0
149.0 82.0
98.0 88.0
83.0 96.0
102.0 99.0
134.0 101.0
133.0 102.0
106.0 103.0
101.0 106.0
107.0 107.0
121.0 107.0
114.0 109.0
82.0 110.0
111.0 110.0
110.0 111.0
106.0 111.0
113.0 112.0
105.0 113.0
115.0 115.0
114.0 118.0
117.0 118.0
122.0 121.0
111.0 123.0
122.0 123.0
0.0 124.0
122.0 125.0
120.0 128.0
120.0 128.0
131.0 129.0
128.0 131.0
119.0 131.0
134.0 132.0
0.0 132.0
136.0 134.0
133.0 134.0
129.0 135.0
133.0 136.0
136.0 141.0
148.0 141.0
140.0 141.0
148.0 142.0
137.0 142.0
142.0 142.0
147.0 144.0
148.0 145.0
119.0 147.0
141.0 149.0
156.0 155.0
157.0 156.0
157.0 156.0
156.0 157.0
151.0 160.0
0.0 168.0
0.0 168.0
133.0 170.0
159.0 190.0
107.0 255.0
