142.0 0.0
120.0 0.0
197.0 0.0
129.0 0.0
98.0 98.0
113.0 99.0
103.0 101.0
106.0 104.0
105.0 104.0
110.0 106.0
108.0 108.0
255.0 109.0
110.0 111.0
106.0 111.0
118.0 113.0
143.0 113.0
112.0 117.0
117.0 121.0
129.0 123.0
114.0 123.0
0.0 127.0
130.0 129.0
146.0 129.0
132.0 130.0
129.0 130.0
130.0 130.0
129.0 130.0
129.0 131.0
132.0 133.0
132.0 133.0
132.0 134.0
137.0 135.0
138.0 137.0
138.0 139.0
117.0 140.0
140.0 140.0
134.0 142.0
143.0 142.0
146.0 143.0
141.0 143.0
143.0 144.0
134.0 145.0
143.0 145.0
150.0 147.0
147.0 147.0
152.0 149.0
142.0 150.0
134.0 150.0
153.0 150.0
137.0 150.0
141.0 151.0
151.0 151.0
153.0 153.0
158.0 155.0
162.0 157.0
161.0 162.0
173.0 169.0
97.0 255.0
104.0 255.0
129.0 255.0
