108.0 0.0
64.0 0.0
122.0 0.0
118.0 0.0
255.0 0.0
89.0 0.0
91.0 0.0
76.0 0.0
105.0 0.0
49.0 0.0
66.0 0.0
108.0 0.0
54.0 49.0
67.0 51.0
66.0 52.0
255.0 53.0
54.0 55.0
60.0 57.0
67.0 57.0
255.0 59.0
61.0 59.0
72.0 60.0
0.0 60.0
56.0 61.0
59.0 61.0
0.0 61.0
63.0 62.0
70.0 62.0
106.0 63.0
63.0 64.0
74.0 65.0
66.0 66.0
125.0 67.0
67.0 68.0
67.0 68.0
68.0 69.0
0.0 69.0
70.0 69.0
69.0 70.0
80.0 70.0
105.0 71.0
72.0 71.0
62.0 73.0
88.0 74.0
69.0 75.0
72.0 77.0
78.0 77.0
77.0 78.0
78.0 79.0
69.0 80.0
72.0 80.0
77.0 81.0
64.0 82.0
132.0 84.0
66.0 84.0
0.0 85.0
86.0 86.0
70.0 86.0
71.0 90.0
95.0 92.0
86.0 101.0
0.0 107.0
98.0 108.0
83.0 110.0
81.0 110.0
63.0 113.0
89.0 114.0
88.0 115.0
115.0 116.0
