158.0 0.0
77.0 0.0
173.0 0.0
172.0 0.0
166.0 0.0
174.0 0.0
66.0 66.0
121.0 105.0
144.0 120.0
126.0 125.0
124.0 129.0
130.0 130.0
144.0 132.0
135.0 134.0
134.0 134.0
0.0 136.0
125.0 138.0
151.0 138.0
152.0 140.0
0.0 142.0
183.0 142.0
147.0 143.0
146.0 143.0
142.0 144.0
149.0 145.0
155.0 147.0
156.0 148.0
148.0 148.0
151.0 150.0
160.0 150.0
0.0 150.0
152.0 150.0
155.0 151.0
0.0 151.0
0.0 151.0
153.0 152.0
149.0 152.0
149.0 153.0
0.0 153.0
152.0 154.0
159.0 154.0
156.0 154.0
155.0 155.0
155.0 155.0
164.0 155.0
155.0 155.0
157.0 157.0
160.0 158.0
158.0 158.0
156.0 158.0
158.0 159.0
158.0 159.0
160.0 159.0
158.0 160.0
175.0 161.0
160.0 161.0
0.0 162.0
157.0 164.0
167.0 165.0
173.0 168.0
172.0 168.0
169.0 168.0
171.0 169.0
170.0 169.0
154.0 171.0
173.0 172.0
0.0 173.0
0.0 175.0
141.0 177.0
168.0 178.0
184.0 183.0
190.0 188.0
198.0 194.0
0.0 195.0
0.0 195.0
195.0 197.0
0.0 202.0
198.0 202.0
203.0 210.0
155.0 255.0
112.0 255.0
0.0 255.0
190.0 255.0
