191.0 0.0
189.0 0.0
255.0 0.0
207.0 0.0
193.0 0.0
202.0 0.0
213.0 0.0
115.0 109.0
255.0 117.0
161.0 130.0
166.0 147.0
0.0 150.0
151.0 151.0
255.0 154.0
160.0 157.0
155.0 158.0
158.0 158.0
181.0 159.0
175.0 161.0
167.0 163.0
255.0 163.0
255.0 164.0
167.0 165.0
173.0 165.0
204.0 167.0
167.0 168.0
168.0 168.0
171.0 168.0
166.0 168.0
193.0 169.0
171.0 169.0
170.0 169.0
172.0 169.0
170.0 170.0
174.0 170.0
255.0 170.0
172.0 171.0
255.0 172.0
174.0 172.0
171.0 172.0
172.0 173.0
174.0 174.0
178.0 174.0
178.0 175.0
179.0 175.0
177.0 175.0
174.0 175.0
178.0 176.0
181.0 177.0
178.0 177.0
188.0 178.0
182.0 178.0
187.0 179.0
175.0 180.0
182.0 180.0
183.0 180.0
185.0 181.0
187.0 181.0
195.0 182.0
184.0 182.0
178.0 182.0
255.0 182.0
182.0 182.0
186.0 183.0
182.0 183.0
184.0 183.0
187.0 184.0
185.0 186.0
190.0 186.0
190.0 186.0
255.0 187.0
255.0 187.0
181.0 188.0
186.0 188.0
188.0 189.0
188.0 189.0
192.0 190.0
192.0 191.0
189.0 192.0
191.0 192.0
255.0 193.0
194.0 193.0
193.0 193.0
197.0 193.0
193.0 195.0
197.0 195.0
0.0 196.0
197.0 196.0
198.0 197.0
196.0 197.0
201.0 197.0
195.0 198.0
197.0 198.0
199.0 199.0
196.0 199.0
197.0 200.0
202.0 200.0
199.0 200.0
255.0 200.0
199.0 201.0
202.0 202.0
201.0 202.0
0.0 202.0
206.0 203.0
200.0 204.0
201.0 204.0
199.0 205.0
203.0 205.0
205.0 206.0
207.0 207.0
188.0 208.0
202.0 209.0
212.0 211.0
212.0 211.0
218.0 214.0
154.0 255.0
0.0 255.0
170.0 255.0
0.0 255.0
172.0 255.0
205.0 255.0
