158.0 0.0
150.0 0.0
137.0 0.0
150.0 0.0
161.0 0.0
137.0 0.0
124.0 0.0
152.0 0.0
160.0 0.0
143.0 0.0
152.0 0.0
142.0 0.0
142.0 0.0
0.0 0.0
153.0 0.0
154.0 0.0
178.0 0.0
175.0 0.0
148.0 0.0
123.0 0.0
161.0 0.0
133.0 0.0
157.0 0.0
0.0 0.0
0.0 0.0
151.0 0.0
154.0 0.0
171.0 0.0
156.0 0.0
151.0 0.0
145.0 0.0
167.0 0.0
139.0 0.0
144.0 0.0
149.0 0.0
99.0 0.0
153.0 0.0
146.0 0.0
140.0 0.0
150.0 0.0
149.0 0.0
168.0 0.0
172.0 0.0
138.0 0.0
53.0 68.0
108.0 71.0
116.0 77.0
88.0 84.0
114.0 89.0
112.0 91.0
99.0 95.0
102.0 101.0
102.0 103.0
106.0 103.0
109.0 105.0
108.0 106.0
106.0 106.0
0.0 107.0
108.0 109.0
111.0 109.0
110.0 110.0
0.0 112.0
115.0 115.0
116.0 116.0
98.0 119.0
0.0 119.0
113.0 120.0
126.0 120.0
118.0 121.0
127.0 121.0
127.0 123.0
113.0 124.0
126.0 124.0
121.0 124.0
123.0 125.0
133.0 127.0
132.0 128.0
115.0 128.0
131.0 130.0
130.0 131.0
147.0 131.0
134.0 131.0
135.0 131.0
129.0 132.0
134.0 133.0
133.0 133.0
129.0 133.0
131.0 134.0
0.0 135.0
136.0 137.0
141.0 138.0
141.0 139.0
0.0 141.0
0.0 143.0
0.0 144.0
142.0 144.0
0.0 144.0
0.0 146.0
147.0 146.0
0.0 148.0
0.0 148.0
140.0 149.0
150.0 149.0
0.0 149.0
155.0 150.0
0.0 150.0
144.0 151.0
0.0 151.0
152.0 152.0
0.0 152.0
153.0 154.0
0.0 155.0
0.0 156.0
0.0 156.0
156.0 157.0
156.0 157.0
0.0 158.0
0.0 158.0
0.0 159.0
0.0 159.0
0.0 165.0
157.0 166.0
0.0 169.0
0.0 169.0
189.0 183.0
0.0 188.0
174.0 193.0
