120.0 0.0
255.0 0.0
137.0 0.0
76.0 60.0
255.0 70.0
123.0 79.0
255.0 79.0
78.0 81.0
100.0 84.0
84.0 84.0
94.0 84.0
97.0 88.0
255.0 88.0
255.0 95.0
114.0 97.0
128.0 97.0
113.0 101.0
135.0 101.0
103.0 105.0
110.0 105.0
104.0 105.0
109.0 106.0
109.0 107.0
255.0 107.0
106.0 107.0
108.0 107.0
110.0 108.0
255.0 108.0
109.0 108.0
106.0 108.0
255.0 109.0
104.0 110.0
132.0 110.0
105.0 110.0
126.0 110.0
110.0 112.0
112.0 112.0
114.0 113.0
131.0 114.0
114.0 115.0
116.0 116.0
118.0 122.0
138.0 122.0
120.0 123.0
255.0 123.0
125.0 124.0
125.0 127.0
145.0 128.0
131.0 130.0
141.0 130.0
152.0 131.0
133.0 132.0
129.0 132.0
132.0 133.0
88.0 133.0
131.0 135.0
142.0 135.0
144.0 136.0
129.0 137.0
140.0 139.0
255.0 140.0
136.0 140.0
142.0 140.0
125.0 141.0
142.0 142.0
139.0 143.0
146.0 145.0
147.0 147.0
151.0 150.0
209.0 171.0
168.0 199.0
187.0 207.0
120.0 255.0
107.0 255.0
0.0 255.0
103.0 255.0
70.0 255.0
117.0 255.0
57.0 255.0
