174.0 90.0
107.0 107.0
255.0 117.0
255.0 130.0
166.0 147.0
156.0 150.0
255.0 157.0
175.0 159.0
167.0 160.0
166.0 162.0
167.0 163.0
162.0 163.0
164.0 163.0
255.0 163.0
167.0 164.0
173.0 164.0
171.0 166.0
255.0 169.0
170.0 169.0
170.0 170.0
173.0 170.0
171.0 170.0
170.0 170.0
171.0 170.0
171.0 171.0
171.0 171.0
175.0 172.0
171.0 172.0
177.0 174.0
178.0 174.0
175.0 175.0
174.0 175.0
177.0 176.0
255.0 176.0
177.0 178.0
180.0 179.0
178.0 180.0
177.0 182.0
255.0 183.0
184.0 183.0
185.0 186.0
0.0 187.0
191.0 188.0
181.0 190.0
198.0 190.0
191.0 196.0
201.0 199.0
199.0 200.0
205.0 203.0
203.0 204.0
205.0 206.0
207.0 208.0
207.0 218.0
170.0 255.0
0.0 255.0
169.0 255.0
0.0 255.0
171.0 255.0
