178.0 0.0
175.0 0.0
177.0 0.0
173.0 0.0
255.0 0.0
172.0 0.0
255.0 0.0
141.0 106.0
114.0 115.0
143.0 124.0
133.0 125.0
128.0 125.0
115.0 128.0
147.0 131.0
132.0 133.0
128.0 133.0
132.0 133.0
150.0 134.0
127.0 134.0
135.0 134.0
161.0 135.0
145.0 136.0
137.0 136.0
255.0 137.0
133.0 137.0
147.0 137.0
165.0 137.0
144.0 138.0
150.0 138.0
255.0 138.0
144.0 139.0
136.0 139.0
141.0 139.0
141.0 141.0
146.0 141.0
144.0 141.0
142.0 142.0
141.0 142.0
143.0 142.0
146.0 142.0
152.0 142.0
183.0 142.0
146.0 142.0
150.0 143.0
150.0 144.0
152.0 144.0
143.0 144.0
145.0 144.0
142.0 145.0
255.0 145.0
143.0 146.0
136.0 146.0
153.0 146.0
147.0 146.0
144.0 146.0
152.0 147.0
143.0 147.0
150.0 147.0
151.0 147.0
255.0 147.0
151.0 147.0
156.0 148.0
148.0 148.0
255.0 148.0
151.0 148.0
151.0 149.0
148.0 149.0
157.0 149.0
150.0 149.0
150.0 149.0
0.0 149.0
149.0 149.0
151.0 150.0
151.0 150.0
157.0 151.0
150.0 151.0
153.0 151.0
150.0 151.0
151.0 151.0
151.0 151.0
150.0 152.0
153.0 152.0
155.0 152.0
153.0 153.0
156.0 153.0
153.0 153.0
153.0 153.0
156.0 153.0
150.0 153.0
157.0 154.0
156.0 154.0
156.0 154.0
154.0 154.0
153.0 154.0
153.0 154.0
156.0 154.0
159.0 154.0
153.0 154.0
157.0 155.0
156.0 155.0
156.0 155.0
152.0 156.0
156.0 156.0
154.0 156.0
155.0 156.0
156.0 156.0
156.0 156.0
155.0 157.0
255.0 157.0
146.0 157.0
158.0 157.0
157.0 157.0
157.0 157.0
157.0 158.0
158.0 158.0
155.0 158.0
166.0 158.0
172.0 159.0
151.0 159.0
160.0 159.0
162.0 159.0
158.0 160.0
159.0 160.0
162.0 160.0
160.0 161.0
159.0 161.0
162.0 161.0
164.0 161.0
161.0 162.0
162.0 162.0
163.0 162.0
162.0 163.0
164.0 164.0
160.0 164.0
161.0 165.0
167.0 165.0
166.0 165.0
166.0 165.0
174.0 165.0
168.0 167.0
162.0 167.0
169.0 168.0
160.0 168.0
169.0 170.0
181.0 176.0
177.0 177.0
179.0 181.0
184.0 187.0
202.0 203.0
157.0 255.0
134.0 255.0
135.0 255.0
152.0 255.0
146.0 255.0
0.0 255.0
255.0 255.0
