142.0 0.0
125.0 0.0
255.0 0.0
177.0 0.0
0.0 0.0
75.0 0.0
137.0 0.0
143.0 0.0
82.0 58.0
65.0 66.0
44.0 69.0
255.0 79.0
100.0 82.0
84.0 84.0
95.0 85.0
68.0 86.0
91.0 88.0
76.0 88.0
101.0 90.0
110.0 97.0
114.0 97.0
103.0 97.0
95.0 101.0
103.0 101.0
90.0 101.0
113.0 101.0
112.0 101.0
102.0 103.0
106.0 104.0
110.0 104.0
106.0 105.0
105.0 105.0
106.0 105.0
112.0 105.0
96.0 105.0
106.0 106.0
0.0 106.0
255.0 107.0
255.0 107.0
106.0 107.0
104.0 107.0
112.0 107.0
101.0 107.0
108.0 108.0
108.0 108.0
0.0 108.0
109.0 108.0
106.0 108.0
107.0 109.0
255.0 109.0
108.0 109.0
132.0 110.0
76.0 110.0
118.0 111.0
114.0 112.0
118.0 113.0
114.0 115.0
118.0 115.0
114.0 116.0
116.0 116.0
116.0 116.0
116.0 116.0
57.0 116.0
118.0 119.0
124.0 119.0
100.0 119.0
113.0 121.0
127.0 121.0
125.0 124.0
128.0 124.0
125.0 127.0
0.0 127.0
129.0 128.0
119.0 128.0
145.0 128.0
117.0 128.0
128.0 130.0
133.0 132.0
131.0 132.0
0.0 132.0
91.0 135.0
108.0 135.0
142.0 135.0
135.0 136.0
135.0 138.0
139.0 139.0
255.0 140.0
136.0 140.0
134.0 142.0
141.0 143.0
146.0 145.0
138.0 146.0
147.0 147.0
143.0 147.0
153.0 151.0
150.0 151.0
120.0 157.0
0.0 255.0
57.0 255.0
