142.0 0.0
120.0 0.0
177.0 0.0
59.0 58.0
255.0 58.0
51.0 64.0
121.0 82.0
100.0 82.0
83.0 83.0
75.0 84.0
94.0 88.0
97.0 90.0
71.0 93.0
116.0 93.0
94.0 93.0
113.0 95.0
255.0 96.0
96.0 96.0
119.0 97.0
98.0 98.0
88.0 101.0
99.0 101.0
104.0 102.0
100.0 103.0
105.0 103.0
96.0 103.0
106.0 104.0
110.0 105.0
90.0 105.0
99.0 105.0
96.0 105.0
107.0 106.0
255.0 106.0
106.0 106.0
125.0 106.0
107.0 107.0
112.0 107.0
107.0 109.0
108.0 109.0
104.0 110.0
111.0 111.0
110.0 111.0
111.0 111.0
0.0 111.0
91.0 111.0
255.0 111.0
110.0 112.0
255.0 113.0
0.0 113.0
114.0 116.0
112.0 117.0
118.0 119.0
121.0 119.0
0.0 119.0
121.0 120.0
102.0 120.0
122.0 121.0
113.0 121.0
162.0 122.0
124.0 122.0
125.0 123.0
114.0 123.0
123.0 124.0
111.0 124.0
133.0 126.0
130.0 127.0
126.0 127.0
0.0 127.0
0.0 127.0
129.0 128.0
119.0 128.0
128.0 128.0
85.0 128.0
124.0 129.0
130.0 129.0
129.0 129.0
131.0 129.0
132.0 130.0
133.0 130.0
131.0 131.0
123.0 131.0
131.0 132.0
131.0 132.0
0.0 132.0
131.0 132.0
132.0 133.0
113.0 133.0
88.0 133.0
124.0 133.0
136.0 134.0
130.0 134.0
134.0 136.0
119.0 136.0
109.0 136.0
151.0 138.0
123.0 139.0
107.0 139.0
139.0 140.0
125.0 140.0
142.0 140.0
141.0 141.0
142.0 142.0
143.0 144.0
153.0 144.0
145.0 147.0
255.0 149.0
147.0 149.0
141.0 151.0
157.0 152.0
200.0 153.0
107.0 155.0
159.0 156.0
162.0 157.0
152.0 159.0
132.0 163.0
93.0 188.0
174.0 189.0
160.0 191.0
208.0 199.0
110.0 255.0
127.0 255.0
67.0 255.0
100.0 255.0
104.0 255.0
91.0 255.0
0.0 255.0
66.0 255.0
95.0 255.0
68.0 255.0
