131.0 0.0
123.0 79.0
103.0 89.0
255.0 91.0
131.0 93.0
255.0 94.0
182.0 95.0
102.0 97.0
255.0 97.0
115.0 103.0
107.0 106.0
255.0 108.0
255.0 108.0
255.0 109.0
255.0 109.0
118.0 109.0
112.0 110.0
255.0 111.0
114.0 113.0
255.0 115.0
112.0 116.0
122.0 117.0
117.0 118.0
127.0 123.0
135.0 123.0
136.0 124.0
125.0 126.0
137.0 127.0
135.0 127.0
126.0 130.0
134.0 131.0
130.0 131.0
133.0 133.0
136.0 134.0
137.0 134.0
136.0 134.0
132.0 134.0
119.0 134.0
127.0 135.0
140.0 135.0
137.0 136.0
145.0 138.0
135.0 138.0
141.0 138.0
141.0 139.0
144.0 139.0
142.0 140.0
140.0 140.0
143.0 140.0
255.0 140.0
255.0 140.0
125.0 141.0
150.0 142.0
142.0 142.0
144.0 142.0
143.0 142.0
151.0 144.0
142.0 144.0
146.0 146.0
151.0 146.0
147.0 147.0
147.0 147.0
151.0 148.0
148.0 150.0
150.0 150.0
152.0 153.0
155.0 154.0
157.0 156.0
156.0 157.0
167.0 160.0
162.0 163.0
209.0 171.0
119.0 255.0
153.0 255.0
255.0 255.0
142.0 255.0
