122.0 0.0
255.0 0.0
108.0 0.0
67.0 51.0
66.0 52.0
255.0 53.0
255.0 55.0
255.0 56.0
255.0 56.0
255.0 57.0
255.0 58.0
55.0 59.0
255.0 59.0
59.0 61.0
59.0 61.0
255.0 61.0
255.0 61.0
255.0 63.0
106.0 63.0
69.0 64.0
66.0 64.0
255.0 64.0
255.0 65.0
51.0 67.0
125.0 67.0
255.0 67.0
255.0 69.0
255.0 69.0
105.0 71.0
56.0 72.0
255.0 74.0
255.0 74.0
255.0 75.0
255.0 75.0
72.0 77.0
78.0 79.0
78.0 79.0
69.0 80.0
83.0 80.0
85.0 80.0
72.0 80.0
255.0 81.0
255.0 81.0
255.0 81.0
77.0 81.0
109.0 82.0
132.0 84.0
0.0 85.0
255.0 85.0
98.0 86.0
86.0 86.0
70.0 86.0
83.0 87.0
0.0 88.0
73.0 90.0
71.0 90.0
93.0 92.0
95.0 92.0
97.0 96.0
84.0 98.0
86.0 101.0
78.0 102.0
102.0 103.0
100.0 103.0
67.0 104.0
99.0 105.0
104.0 106.0
87.0 107.0
99.0 107.0
105.0 107.0
94.0 109.0
111.0 109.0
81.0 110.0
108.0 111.0
89.0 114.0
88.0 115.0
115.0 116.0
100.0 116.0
115.0 116.0
97.0 118.0
97.0 118.0
94.0 119.0
102.0 120.0
255.0 124.0
90.0 124.0
98.0 124.0
113.0 131.0
111.0 142.0
143.0 169.0
91.0 255.0
87.0 255.0
0.0 255.0
72.0 255.0
83.0 255.0
61.0 255.0
71.0 255.0
70.0 255.0
98.0 255.0
