88.0 84.0
126.0 120.0
128.0 130.0
144.0 132.0
128.0 132.0
128.0 133.0
137.0 135.0
138.0 135.0
161.0 135.0
131.0 136.0
137.0 136.0
137.0 136.0
151.0 138.0
183.0 142.0
153.0 144.0
142.0 145.0
143.0 146.0
136.0 146.0
155.0 147.0
151.0 147.0
146.0 147.0
176.0 148.0
150.0 149.0
155.0 150.0
152.0 150.0
153.0 151.0
155.0 151.0
150.0 151.0
149.0 152.0
153.0 152.0
153.0 153.0
154.0 155.0
155.0 155.0
154.0 156.0
157.0 157.0
158.0 158.0
158.0 158.0
166.0 158.0
172.0 159.0
159.0 159.0
158.0 159.0
160.0 159.0
162.0 159.0
161.0 159.0
159.0 160.0
158.0 160.0
160.0 161.0
160.0 162.0
159.0 163.0
167.0 165.0
168.0 167.0
173.0 168.0
168.0 168.0
168.0 169.0
171.0 169.0
176.0 175.0
168.0 178.0
0.0 187.0
184.0 194.0
0.0 195.0
204.0 198.0
177.0 201.0
198.0 202.0
203.0 210.0
135.0 255.0
157.0 255.0
135.0 255.0
155.0 255.0
0.0 255.0
112.0 255.0
125.0 255.0
127.0 255.0
