56.939915804962354 62.04786284340836
61.30310660341608 62.5789716182194
63.49342264207978 63.4013171133706
74.98022389907483 63.82106528371885
63.496472053317504 65.09859129040736
62.154014954789965 65.38879893611042
92.58101364628861 65.99073985258276
74.07669194929179 70.19352562083748
75.6328277688239 77.4487871886195
85.51299519414508 81.69480893608052
92.41484433633805 90.54978687880606
105.46342085354667 94.86936157111353
126.50361988603989 97.27343210285592
112.02317327998048 100.48666048053792
113.5366448856523 102.50925239409013
90.2536738447913 104.79282375178323
104.60702680135863 104.80494903085763
100.22090774237938 104.81620496515659
106.86491488620261 105.81380849111834
113.14419494734113 106.06546483201126
109.37700836458777 109.18815082394102
119.37366180688922 111.644638946937
117.01636885190608 115.05099650330574
71.39758653298854 115.3018333496725
116.03926917835082 119.22831162865901
132.6599031252186 120.29845499582936
127.19271407327021 123.18507111545026
122.97507382560711 123.26134637600234
125.93774644625762 126.80383642807755
127.75781043178873 127.72821688992504
131.50391298243898 131.33918765586972
134.00157374705296 131.96055846101248
135.8433122087032 133.58111353199408
113.86308010979862 135.00399817342853
137.69480122644143 135.3618451954278
144.88466399140574 137.01124477386966
153.7703719606529 137.52101436504236
137.82478477204813 137.95922098968745
140.01598586564089 138.41730960073278
143.74597980460956 144.28952646669273
113.95317917196371 144.99281211022495
143.7348946197591 145.36996765731197
129.50363091006534 145.9828999074385
150.20480193516013 146.2250535473783
147.97575833642378 146.49591837368135
173.06081765582758 146.61480576411174
135.92449337842396 148.6226433064933
142.46990838659178 150.0156628264636
152.60269324533004 152.4767054775925
156.64835873138816 157.08681115848668
166.77257339652215 158.17121475569743
162.6248512660919 161.99219224438778
161.65979818048277 166.47162441440275
162.62334595611182 166.72054255093562
170.57358917402655 168.73679117878405
173.90799739840904 171.9140601799299
128.76514939029423 173.02230310618077
180.64294050233954 177.77469049704445
185.7017642526917 183.93729063150985
188.7118222038256 185.74085343566256
193.2908607407502 190.29203546524812
200.1819355749039 199.2616581640441
208.71732985879913 206.5449915266416
200.70927621834815 209.2225379296003
