88.0 0.0
0.0 0.0
57.0 0.0
62.0 0.0
92.0 0.0
75.0 0.0
119.0 0.0
131.0 0.0
84.0 0.0
87.0 0.0
68.0 0.0
0.0 0.0
78.0 0.0
64.0 0.0
51.0 0.0
145.0 0.0
76.0 0.0
0.0 0.0
107.0 0.0
44.0 42.0
43.0 44.0
61.0 46.0
46.0 46.0
0.0 46.0
45.0 47.0
50.0 48.0
57.0 48.0
67.0 51.0
48.0 53.0
52.0 54.0
45.0 54.0
63.0 56.0
67.0 56.0
73.0 56.0
60.0 56.0
52.0 57.0
0.0 57.0
85.0 58.0
56.0 58.0
65.0 58.0
55.0 59.0
67.0 60.0
88.0 60.0
0.0 60.0
59.0 60.0
57.0 61.0
255.0 61.0
88.0 62.0
66.0 63.0
86.0 64.0
0.0 68.0
90.0 68.0
71.0 70.0
75.0 72.0
83.0 74.0
77.0 76.0
94.0 76.0
118.0 76.0
55.0 77.0
106.0 78.0
83.0 80.0
62.0 83.0
59.0 84.0
108.0 87.0
94.0 93.0
101.0 94.0
109.0 97.0
97.0 99.0
105.0 103.0
108.0 107.0
113.0 110.0
82.0 117.0
91.0 118.0
0.0 129.0
0.0 130.0
133.0 134.0
136.0 135.0
0.0 140.0
