212.0 0.0
177.0 0.0
191.0 0.0
173.0 0.0
188.0 0.0
255.0 0.0
255.0 0.0
255.0 0.0
255.0 91.0
105.0 102.0
114.0 115.0
126.0 126.0
128.0 127.0
128.0 130.0
255.0 130.0
149.0 131.0
131.0 131.0
255.0 133.0
132.0 133.0
150.0 134.0
145.0 136.0
255.0 137.0
152.0 139.0
139.0 139.0
150.0 141.0
144.0 141.0
141.0 142.0
146.0 142.0
156.0 145.0
149.0 145.0
151.0 146.0
150.0 147.0
151.0 147.0
255.0 148.0
151.0 149.0
148.0 149.0
153.0 150.0
149.0 150.0
255.0 151.0
155.0 152.0
149.0 152.0
150.0 153.0
151.0 154.0
155.0 155.0
160.0 156.0
255.0 157.0
157.0 157.0
172.0 159.0
159.0 159.0
158.0 160.0
159.0 160.0
196.0 160.0
160.0 161.0
161.0 162.0
159.0 162.0
167.0 162.0
164.0 164.0
161.0 165.0
142.0 165.0
174.0 165.0
162.0 167.0
166.0 168.0
160.0 168.0
170.0 168.0
168.0 169.0
177.0 177.0
184.0 187.0
204.0 198.0
206.0 204.0
157.0 255.0
152.0 255.0
255.0 255.0
