0.0 0.0
143.0 0.0
97.0 90.0
88.0 101.0
125.0 106.0
112.0 107.0
107.0 109.0
110.0 109.0
112.0 110.0
255.0 111.0
0.0 113.0
118.0 115.0
157.0 115.0
255.0 115.0
112.0 116.0
117.0 120.0
123.0 124.0
126.0 125.0
0.0 127.0
129.0 128.0
130.0 128.0
124.0 129.0
131.0 129.0
133.0 130.0
131.0 132.0
136.0 132.0
0.0 132.0
131.0 132.0
134.0 133.0
137.0 135.0
119.0 136.0
151.0 138.0
142.0 140.0
142.0 142.0
152.0 145.0
138.0 146.0
145.0 149.0
157.0 152.0
147.0 154.0
107.0 155.0
125.0 160.0
161.0 161.0
174.0 189.0
125.0 255.0
148.0 255.0
112.0 255.0
125.0 255.0
