255.0 0.0
201.0 0.0
255.0 0.0
156.0 0.0
169.0 0.0
146.0 0.0
80.0 84.0
141.0 110.0
140.0 111.0
116.0 117.0
135.0 122.0
126.0 123.0
125.0 123.0
124.0 123.0
138.0 124.0
255.0 129.0
255.0 130.0
133.0 130.0
131.0 131.0
149.0 131.0
134.0 132.0
132.0 132.0
137.0 132.0
134.0 132.0
128.0 132.0
133.0 133.0
134.0 133.0
133.0 133.0
135.0 133.0
127.0 133.0
135.0 133.0
136.0 134.0
134.0 134.0
137.0 134.0
135.0 134.0
142.0 135.0
145.0 135.0
131.0 136.0
137.0 136.0
140.0 137.0
134.0 137.0
149.0 137.0
138.0 137.0
139.0 138.0
141.0 139.0
139.0 140.0
126.0 140.0
143.0 140.0
142.0 140.0
142.0 140.0
149.0 141.0
139.0 141.0
147.0 142.0
143.0 142.0
150.0 142.0
143.0 142.0
155.0 143.0
139.0 143.0
142.0 143.0
138.0 143.0
143.0 144.0
137.0 144.0
142.0 144.0
143.0 144.0
0.0 144.0
255.0 145.0
145.0 145.0
151.0 145.0
149.0 145.0
155.0 145.0
143.0 145.0
144.0 145.0
144.0 145.0
144.0 145.0
146.0 146.0
150.0 146.0
145.0 146.0
145.0 146.0
168.0 147.0
146.0 147.0
143.0 147.0
146.0 147.0
148.0 147.0
148.0 147.0
151.0 148.0
141.0 148.0
151.0 148.0
140.0 148.0
155.0 148.0
149.0 149.0
148.0 149.0
145.0 149.0
155.0 150.0
150.0 150.0
156.0 152.0
153.0 152.0
155.0 153.0
150.0 153.0
155.0 153.0
154.0 153.0
153.0 153.0
146.0 153.0
155.0 154.0
155.0 155.0
158.0 155.0
149.0 155.0
156.0 155.0
160.0 156.0
157.0 156.0
154.0 156.0
155.0 156.0
160.0 157.0
156.0 157.0
159.0 158.0
153.0 159.0
159.0 160.0
161.0 160.0
165.0 161.0
165.0 163.0
162.0 163.0
162.0 163.0
162.0 164.0
0.0 167.0
164.0 167.0
168.0 168.0
255.0 177.0
161.0 185.0
135.0 255.0
142.0 255.0
125.0 255.0
112.0 255.0
125.0 255.0
127.0 255.0
