150.0 0.0
137.0 0.0
150.0 0.0
161.0 0.0
137.0 0.0
0.0 0.0
124.0 0.0
152.0 0.0
143.0 0.0
152.0 0.0
142.0 0.0
142.0 0.0
0.0 0.0
153.0 0.0
154.0 0.0
148.0 0.0
123.0 0.0
133.0 0.0
157.0 0.0
0.0 0.0
0.0 0.0
151.0 0.0
171.0 0.0
145.0 0.0
156.0 0.0
151.0 0.0
145.0 0.0
139.0 0.0
144.0 0.0
149.0 0.0
99.0 0.0
146.0 0.0
140.0 0.0
150.0 0.0
149.0 0.0
78.0 64.0
53.0 68.0
108.0 71.0
116.0 77.0
53.0 78.0
77.0 78.0
97.0 81.0
114.0 89.0
112.0 91.0
99.0 95.0
102.0 101.0
110.0 102.0
109.0 105.0
112.0 105.0
108.0 106.0
106.0 106.0
0.0 107.0
109.0 109.0
108.0 109.0
111.0 109.0
110.0 110.0
115.0 115.0
116.0 116.0
98.0 119.0
0.0 119.0
113.0 120.0
113.0 124.0
123.0 125.0
132.0 128.0
134.0 133.0
129.0 133.0
131.0 134.0
0.0 135.0
134.0 136.0
0.0 141.0
0.0 143.0
0.0 144.0
142.0 144.0
0.0 144.0
147.0 146.0
0.0 148.0
0.0 148.0
140.0 149.0
0.0 149.0
0.0 149.0
0.0 150.0
0.0 152.0
153.0 154.0
0.0 155.0
0.0 156.0
0.0 159.0
0.0 159.0
0.0 165.0
157.0 166.0
189.0 183.0
