255.0 111.0
255.0 115.0
255.0 125.0
255.0 129.0
133.0 130.0
131.0 131.0
149.0 131.0
255.0 132.0
137.0 132.0
139.0 132.0
134.0 132.0
133.0 133.0
136.0 134.0
138.0 134.0
255.0 136.0
139.0 138.0
255.0 139.0
141.0 139.0
143.0 142.0
143.0 142.0
155.0 143.0
142.0 144.0
144.0 144.0
0.0 144.0
255.0 145.0
146.0 145.0
150.0 146.0
151.0 146.0
148.0 147.0
147.0 148.0
149.0 149.0
150.0 151.0
156.0 152.0
150.0 153.0
155.0 154.0
153.0 154.0
156.0 157.0
156.0 157.0
159.0 160.0
161.0 160.0
171.0 170.0
125.0 255.0
