147.0 0.0
158.0 0.0
166.0 0.0
156.0 0.0
158.0 0.0
140.0 0.0
255.0 0.0
155.0 62.0
107.0 66.0
255.0 75.0
140.0 82.0
255.0 86.0
168.0 91.0
255.0 91.0
130.0 91.0
0.0 96.0
136.0 104.0
133.0 104.0
120.0 106.0
133.0 113.0
136.0 114.0
255.0 115.0
133.0 115.0
126.0 124.0
125.0 126.0
123.0 126.0
128.0 126.0
120.0 127.0
134.0 129.0
129.0 130.0
130.0 130.0
133.0 132.0
131.0 132.0
130.0 133.0
143.0 138.0
135.0 140.0
141.0 141.0
152.0 142.0
139.0 144.0
141.0 145.0
147.0 146.0
146.0 148.0
148.0 150.0
141.0 150.0
153.0 151.0
158.0 151.0
153.0 152.0
153.0 153.0
154.0 154.0
152.0 154.0
162.0 159.0
0.0 171.0
184.0 183.0
193.0 198.0
