158.0 0.0
0.0 0.0
78.0 0.0
113.0 0.0
89.0 0.0
115.0 0.0
92.0 0.0
0.0 0.0
145.0 0.0
123.0 0.0
131.0 0.0
111.0 0.0
92.0 0.0
78.0 0.0
0.0 0.0
174.0 0.0
0.0 0.0
55.0 42.0
56.0 43.0
61.0 46.0
66.0 53.0
52.0 57.0
70.0 59.0
72.0 59.0
59.0 63.0
0.0 68.0
83.0 74.0
77.0 78.0
79.0 78.0
86.0 80.0
0.0 81.0
97.0 81.0
91.0 84.0
97.0 85.0
95.0 91.0
0.0 93.0
99.0 96.0
109.0 97.0
97.0 98.0
106.0 99.0
104.0 103.0
100.0 103.0
103.0 103.0
105.0 103.0
115.0 106.0
0.0 110.0
0.0 138.0
0.0 140.0
0.0 141.0
145.0 144.0
0.0 144.0
0.0 149.0
