255.0 0.0
112.0 0.0
84.0 0.0
0.0 0.0
70.0 0.0
113.0 0.0
112.0 0.0
0.0 0.0
61.0 0.0
60.0 52.0
53.0 53.0
0.0 56.0
60.0 56.0
56.0 56.0
62.0 57.0
89.0 58.0
56.0 58.0
58.0 60.0
55.0 60.0
61.0 61.0
61.0 61.0
81.0 61.0
49.0 62.0
0.0 62.0
58.0 64.0
0.0 64.0
78.0 64.0
63.0 65.0
65.0 65.0
61.0 65.0
62.0 66.0
67.0 66.0
57.0 66.0
51.0 68.0
67.0 68.0
255.0 69.0
0.0 69.0
85.0 70.0
0.0 73.0
73.0 75.0
75.0 75.0
67.0 76.0
113.0 76.0
110.0 78.0
93.0 80.0
59.0 80.0
88.0 82.0
83.0 83.0
72.0 86.0
81.0 86.0
84.0 87.0
0.0 90.0
0.0 90.0
75.0 91.0
75.0 95.0
100.0 96.0
81.0 97.0
95.0 101.0
98.0 101.0
100.0 101.0
87.0 101.0
86.0 101.0
103.0 102.0
60.0 102.0
102.0 103.0
91.0 106.0
92.0 107.0
95.0 109.0
93.0 109.0
59.0 109.0
135.0 110.0
110.0 117.0
74.0 118.0
96.0 119.0
121.0 120.0
83.0 128.0
86.0 130.0
129.0 132.0
0.0 134.0
82.0 136.0
63.0 137.0
123.0 137.0
107.0 139.0
101.0 142.0
49.0 147.0
103.0 161.0
85.0 166.0
0.0 179.0
0.0 182.0
0.0 255.0
68.0 255.0
69.0 255.0
51.0 255.0
0.0 255.0
61.0 255.0
