131.0 0.0
155.0 0.0
146.0 0.0
169.0 0.0
151.0 0.0
176.0 0.0
109.0 102.0
111.0 112.0
120.0 114.0
112.0 114.0
116.0 117.0
131.0 118.0
117.0 118.0
115.0 120.0
126.0 122.0
150.0 125.0
124.0 126.0
127.0 128.0
133.0 130.0
132.0 131.0
131.0 131.0
130.0 131.0
134.0 132.0
130.0 132.0
135.0 133.0
136.0 134.0
137.0 135.0
145.0 135.0
130.0 136.0
135.0 137.0
138.0 137.0
149.0 139.0
139.0 140.0
134.0 141.0
141.0 142.0
147.0 144.0
0.0 146.0
142.0 146.0
123.0 146.0
145.0 146.0
145.0 148.0
151.0 148.0
147.0 149.0
149.0 154.0
139.0 154.0
0.0 155.0
155.0 155.0
156.0 156.0
154.0 157.0
128.0 161.0
165.0 163.0
162.0 163.0
162.0 164.0
155.0 255.0
128.0 255.0
