255.0 0.0
63.0 0.0
105.0 0.0
255.0 0.0
75.0 0.0
90.0 0.0
51.0 47.0
100.0 49.0
52.0 50.0
0.0 52.0
66.0 52.0
56.0 54.0
54.0 55.0
75.0 55.0
56.0 56.0
54.0 56.0
56.0 58.0
59.0 58.0
62.0 59.0
64.0 60.0
56.0 60.0
0.0 60.0
56.0 61.0
59.0 61.0
62.0 61.0
255.0 61.0
255.0 62.0
62.0 63.0
56.0 63.0
55.0 63.0
66.0 64.0
57.0 65.0
255.0 65.0
0.0 66.0
60.0 66.0
61.0 66.0
63.0 67.0
51.0 67.0
82.0 68.0
78.0 68.0
68.0 69.0
66.0 69.0
90.0 70.0
72.0 70.0
105.0 71.0
63.0 71.0
56.0 72.0
54.0 72.0
79.0 76.0
73.0 77.0
85.0 78.0
88.0 79.0
85.0 80.0
70.0 83.0
83.0 87.0
0.0 99.0
78.0 103.0
69.0 104.0
