62.0 0.0
64.0 0.0
63.0 0.0
109.0 0.0
89.0 0.0
91.0 0.0
0.0 0.0
76.0 0.0
60.0 0.0
105.0 0.0
74.0 0.0
77.0 0.0
72.0 0.0
59.0 0.0
66.0 0.0
75.0 0.0
90.0 0.0
76.0 0.0
100.0 49.0
52.0 50.0
58.0 50.0
66.0 52.0
0.0 53.0
57.0 53.0
56.0 54.0
60.0 54.0
72.0 54.0
52.0 55.0
56.0 55.0
54.0 55.0
75.0 55.0
57.0 56.0
56.0 56.0
54.0 56.0
70.0 56.0
60.0 56.0
62.0 57.0
57.0 57.0
61.0 57.0
60.0 57.0
56.0 58.0
57.0 58.0
55.0 58.0
62.0 58.0
67.0 58.0
59.0 58.0
60.0 58.0
0.0 58.0
66.0 58.0
56.0 59.0
62.0 59.0
0.0 59.0
62.0 59.0
65.0 59.0
70.0 59.0
53.0 59.0
66.0 59.0
60.0 59.0
60.0 59.0
60.0 59.0
64.0 60.0
0.0 60.0
56.0 60.0
96.0 60.0
72.0 60.0
0.0 60.0
64.0 61.0
56.0 61.0
62.0 61.0
0.0 61.0
70.0 61.0
63.0 62.0
70.0 62.0
65.0 63.0
66.0 63.0
56.0 63.0
61.0 63.0
55.0 63.0
59.0 64.0
54.0 64.0
59.0 64.0
0.0 64.0
61.0 64.0
62.0 64.0
63.0 64.0
78.0 64.0
66.0 65.0
0.0 65.0
60.0 65.0
76.0 65.0
74.0 65.0
54.0 65.0
66.0 66.0
61.0 66.0
60.0 66.0
63.0 67.0
63.0 67.0
71.0 67.0
78.0 68.0
68.0 69.0
66.0 69.0
69.0 69.0
70.0 69.0
69.0 70.0
71.0 70.0
90.0 70.0
58.0 70.0
72.0 70.0
80.0 70.0
62.0 70.0
70.0 71.0
72.0 71.0
61.0 71.0
72.0 71.0
73.0 71.0
54.0 72.0
62.0 73.0
75.0 73.0
88.0 74.0
65.0 74.0
0.0 74.0
69.0 75.0
49.0 77.0
78.0 77.0
85.0 78.0
77.0 78.0
255.0 78.0
59.0 79.0
82.0 80.0
0.0 80.0
75.0 81.0
61.0 81.0
64.0 82.0
66.0 84.0
89.0 85.0
85.0 85.0
69.0 85.0
88.0 88.0
92.0 89.0
123.0 92.0
82.0 92.0
66.0 99.0
0.0 99.0
77.0 102.0
78.0 103.0
69.0 104.0
63.0 113.0
0.0 114.0
