172.0 0.0
179.0 0.0
255.0 0.0
146.0 0.0
212.0 0.0
163.0 0.0
0.0 57.0
90.0 95.0
103.0 102.0
71.0 103.0
0.0 122.0
127.0 126.0
144.0 127.0
151.0 127.0
0.0 128.0
138.0 130.0
132.0 131.0
137.0 132.0
119.0 134.0
130.0 136.0
168.0 142.0
147.0 144.0
146.0 146.0
152.0 146.0
0.0 147.0
152.0 148.0
146.0 148.0
144.0 149.0
147.0 151.0
0.0 151.0
153.0 152.0
153.0 152.0
153.0 153.0
150.0 153.0
255.0 153.0
161.0 155.0
156.0 156.0
154.0 156.0
158.0 157.0
156.0 157.0
163.0 157.0
158.0 157.0
154.0 157.0
156.0 157.0
154.0 157.0
165.0 158.0
151.0 159.0
153.0 159.0
255.0 159.0
161.0 159.0
158.0 160.0
157.0 161.0
161.0 162.0
153.0 162.0
0.0 162.0
164.0 163.0
164.0 163.0
171.0 163.0
164.0 164.0
155.0 164.0
156.0 164.0
255.0 166.0
160.0 166.0
162.0 168.0
164.0 169.0
165.0 170.0
171.0 170.0
170.0 171.0
176.0 171.0
171.0 171.0
172.0 172.0
0.0 172.0
0.0 173.0
176.0 174.0
147.0 177.0
178.0 178.0
190.0 183.0
188.0 183.0
186.0 184.0
169.0 185.0
0.0 192.0
197.0 196.0
194.0 209.0
0.0 211.0
213.0 212.0
211.0 214.0
0.0 223.0
0.0 255.0
160.0 255.0
119.0 255.0
