80.0 56.0
55.0 59.0
83.0 71.0
92.0 84.0
86.0 85.0
80.0 88.0
103.0 89.0
97.0 93.0
97.0 94.0
104.0 95.0
100.0 95.0
98.0 96.0
0.0 96.0
107.0 96.0
100.0 98.0
99.0 100.0
103.0 100.0
255.0 102.0
100.0 103.0
106.0 104.0
108.0 104.0
105.0 104.0
100.0 104.0
104.0 105.0
104.0 105.0
112.0 105.0
104.0 106.0
107.0 106.0
106.0 106.0
118.0 106.0
102.0 106.0
111.0 107.0
106.0 107.0
107.0 107.0
110.0 107.0
108.0 107.0
107.0 108.0
110.0 108.0
106.0 108.0
110.0 109.0
97.0 109.0
110.0 109.0
108.0 111.0
107.0 112.0
111.0 112.0
111.0 112.0
102.0 114.0
114.0 115.0
115.0 117.0
130.0 127.0
