160.0 0.0
158.0 0.0
167.0 0.0
172.0 0.0
118.0 94.0
121.0 105.0
144.0 120.0
126.0 125.0
124.0 129.0
125.0 138.0
152.0 140.0
0.0 142.0
150.0 144.0
142.0 144.0
149.0 145.0
148.0 148.0
151.0 150.0
148.0 150.0
160.0 150.0
0.0 151.0
0.0 151.0
149.0 153.0
159.0 154.0
151.0 154.0
156.0 154.0
157.0 157.0
0.0 162.0
167.0 165.0
172.0 168.0
169.0 168.0
0.0 169.0
0.0 171.0
173.0 171.0
0.0 173.0
141.0 177.0
0.0 188.0
190.0 188.0
195.0 197.0
200.0 200.0
201.0 201.0
0.0 202.0
194.0 208.0
0.0 214.0
168.0 255.0
0.0 255.0
190.0 255.0
