0.0 0.0
65.0 0.0
65.0 0.0
57.0 0.0
69.0 0.0
58.0 0.0
0.0 0.0
58.0 0.0
54.0 0.0
43.0 41.0
47.0 45.0
45.0 46.0
47.0 46.0
0.0 47.0
51.0 49.0
47.0 50.0
50.0 51.0
54.0 52.0
74.0 52.0
52.0 53.0
59.0 54.0
52.0 54.0
54.0 54.0
55.0 55.0
59.0 55.0
55.0 55.0
53.0 55.0
57.0 55.0
0.0 55.0
56.0 56.0
77.0 56.0
58.0 56.0
74.0 56.0
57.0 57.0
61.0 57.0
56.0 57.0
60.0 58.0
61.0 58.0
58.0 58.0
51.0 58.0
66.0 59.0
62.0 59.0
55.0 59.0
255.0 59.0
58.0 59.0
60.0 60.0
57.0 60.0
61.0 60.0
58.0 60.0
62.0 60.0
59.0 60.0
0.0 60.0
62.0 61.0
59.0 61.0
67.0 61.0
58.0 62.0
58.0 62.0
57.0 62.0
60.0 63.0
64.0 63.0
61.0 63.0
57.0 63.0
60.0 64.0
69.0 64.0
69.0 64.0
66.0 64.0
57.0 64.0
68.0 65.0
65.0 65.0
60.0 66.0
0.0 66.0
45.0 67.0
65.0 69.0
67.0 69.0
47.0 69.0
75.0 70.0
60.0 70.0
71.0 72.0
55.0 73.0
63.0 74.0
60.0 78.0
61.0 79.0
54.0 80.0
74.0 82.0
62.0 83.0
65.0 84.0
75.0 93.0
50.0 94.0
58.0 97.0
69.0 99.0
75.0 104.0
76.0 106.0
