87.0 0.0
109.0 0.0
120.0 0.0
89.0 58.0
255.0 58.0
51.0 64.0
61.0 65.0
58.0 66.0
75.0 75.0
102.0 81.0
121.0 82.0
88.0 82.0
83.0 83.0
81.0 86.0
0.0 90.0
75.0 91.0
97.0 93.0
98.0 93.0
255.0 96.0
87.0 98.0
99.0 101.0
134.0 101.0
104.0 102.0
104.0 103.0
105.0 104.0
90.0 105.0
99.0 105.0
107.0 106.0
106.0 106.0
106.0 109.0
108.0 109.0
110.0 110.0
111.0 111.0
110.0 111.0
111.0 111.0
0.0 111.0
110.0 111.0
106.0 111.0
112.0 117.0
121.0 119.0
0.0 119.0
99.0 120.0
102.0 120.0
122.0 122.0
114.0 123.0
111.0 124.0
0.0 127.0
128.0 128.0
85.0 128.0
131.0 129.0
130.0 129.0
124.0 129.0
129.0 129.0
132.0 130.0
129.0 131.0
131.0 131.0
123.0 131.0
133.0 132.0
131.0 132.0
0.0 133.0
134.0 133.0
132.0 133.0
124.0 133.0
136.0 134.0
130.0 134.0
137.0 135.0
134.0 136.0
109.0 136.0
63.0 137.0
123.0 139.0
107.0 139.0
127.0 140.0
125.0 140.0
143.0 144.0
153.0 144.0
140.0 146.0
147.0 147.0
255.0 149.0
147.0 149.0
142.0 150.0
137.0 150.0
141.0 151.0
121.0 154.0
159.0 156.0
162.0 157.0
152.0 159.0
92.0 165.0
133.0 170.0
135.0 174.0
93.0 188.0
160.0 191.0
180.0 192.0
69.0 194.0
67.0 255.0
91.0 255.0
104.0 255.0
69.0 255.0
98.0 255.0
91.0 255.0
129.0 255.0
0.0 255.0
66.0 255.0
95.0 255.0
68.0 255.0
84.0 255.0
