255.0 137.0
255.0 144.0
255.0 154.0
255.0 159.0
255.0 164.0
171.0 165.0
167.0 166.0
167.0 168.0
193.0 169.0
255.0 169.0
174.0 170.0
255.0 170.0
171.0 171.0
172.0 171.0
174.0 174.0
177.0 174.0
183.0 175.0
177.0 175.0
255.0 176.0
175.0 180.0
182.0 180.0
183.0 180.0
255.0 181.0
255.0 182.0
185.0 186.0
191.0 188.0
186.0 188.0
255.0 189.0
192.0 190.0
181.0 190.0
255.0 191.0
255.0 193.0
193.0 193.0
201.0 193.0
197.0 196.0
200.0 197.0
195.0 198.0
199.0 199.0
199.0 199.0
196.0 199.0
198.0 200.0
255.0 200.0
205.0 203.0
203.0 204.0
205.0 205.0
199.0 205.0
205.0 206.0
207.0 207.0
207.0 218.0
170.0 255.0
154.0 255.0
170.0 255.0
172.0 255.0
166.0 255.0
194.0 255.0
146.0 255.0
173.0 255.0
171.0 255.0
167.0 255.0
