53.77779068263248 56.54101318884359
65.17104014464822 57.089174615624785
56.202575414212085 59.15953161126685
64.89413103892818 60.12343135316056
58.99336852598591 60.196573881565804
59.823823344129565 60.93224302634232
80.13677054771597 62.59273102926165
60.11809434572427 63.39030074182219
64.65059105212991 64.17559544560913
66.26607201457946 64.18129492452711
98.76685831654895 65.12022528947024
59.954052954766844 65.6642944515335
61.10939844006967 66.33014030354629
64.99580188803291 66.77871035203127
77.64532723814871 68.01866350568042
73.61291113913941 69.55035924011217
76.66580098245257 74.25043075706274
80.54861416074269 74.2562034916267
62.75204957400361 79.09257676012523
67.69391680235813 80.4860153029959
84.60819647682472 82.3939978270388
79.27562316921232 82.70157626753854
76.5369526987963 83.44975369107765
96.43146803563653 85.20132277137826
108.17718377341394 88.59437705246683
103.51544848104083 92.1870134119408
66.5867914524296 92.4861660785772
96.49842577068682 92.87114065306697
103.47043935122466 92.91423172084829
98.31040602146945 93.5647837655366
97.52787034841089 94.07138804609227
104.00587008914816 95.46749139636236
101.08529998589096 96.91082122286919
117.79276957971561 97.30479003218488
97.48402119287617 99.78441549660947
114.71215465656164 102.16543041282567
88.98127053397252 104.40610578898297
105.24448432154183 104.79284397695959
108.46156961743513 108.25824016574035
107.95459045708482 108.29553919613039
121.36495903443317 108.79734373239837
103.23920609647304 109.18225504338321
78.78582645076219 110.44601068152653
101.05990310935974 111.29925507514267
131.06219965945428 112.35918227589708
69.32874526198206 113.2995990260237
115.70615293912704 113.348443941681
114.12963245249718 114.23904808179853
118.3636529241869 116.77711774210678
97.85058867433044 116.8417383588915
115.24842958404473 117.18617464828252
136.26450887241498 118.62509936781433
120.21197636445355 120.77565628845238
81.43210438096452 121.37600456483841
123.22990132168529 121.91179192924912
107.85251078715736 122.35947692911719
113.53800323271734 122.77375805240393
129.38244820216565 122.88733451597342
120.63200074931552 123.90801500930583
127.73457149098903 127.92267574532357
130.86127362731222 128.5709364836715
131.14042593258145 129.700716424011
135.97450927480793 130.60775846901913
134.8074742001558 131.24247599610953
118.34203357644942 131.3008718300732
132.22602473949348 131.57185091245327
138.70193564043228 131.93440125493802
156.21166952429516 134.23697739296833
116.89440940648193 134.43566003047846
131.5803664384419 135.67997212366004
136.22287702859234 135.94883556636753
140.85436428924953 136.03965291701786
138.3239916443021 136.65209369123437
139.2524898503011 138.39644991770763
75.68886853466915 138.84942577328863
145.4820303035853 139.32615921385283
129.3822753243819 139.5784763586298
144.49000158253895 141.37054883357507
143.76671187609935 144.34033840218189
152.2734479227787 144.35049958845005
148.3314077647437 145.7864014862525
139.73318124257594 146.35651973497312
176.47993392614023 147.3713650983796
148.20509335907778 147.74844153459503
139.62456739772017 148.11770098678699
151.06413339718327 148.91367500513257
141.9024157220096 149.98875564520068
151.28631076489802 151.19008260637546
153.82566670829615 153.0662177371015
152.234749067354 153.34465672245247
155.09914174897443 155.62444679331216
157.53317740347964 156.81529321167878
162.82271458509953 158.6173395246868
100.48341208286693 159.13842903185218
163.1765641785594 159.17535002352656
154.6894723048006 159.78099742792824
169.0996154544797 160.7742756685685
161.00660423762997 161.15948870389488
122.59914449024818 161.46562219641106
169.3407218298435 163.0670856863238
165.93139629295442 164.12877839220278
164.6800740533466 165.6257795348695
167.1899288557005 167.81794685146508
170.85509200535054 168.14982766679023
178.68936307063353 169.81203150820957
154.59287235247052 170.12531053577655
163.02434658641064 171.8003105407255
168.24719977857092 172.8066102040328
176.34894033049335 173.80328346899483
174.4618574387811 174.46871956145816
178.14009730178947 175.73923109121586
163.9797457351296 178.0718239998809
187.28188069252198 181.1754741871439
185.28100662827566 184.73349030880655
189.4942484233971 185.20007367006136
189.7490443259006 188.09559146760125
189.52641100430816 188.15032948662375
174.0202977353254 188.20358971261976
196.46202569403974 190.07078936823936
193.1331363697573 190.20668456860867
191.76148899129424 192.8912521041448
196.42724311486936 198.00941270975005
199.60571073557256 198.90863607287787
204.74779655881997 203.49530674046167
206.48378855067955 204.797335019067
203.1619482160616 208.962129597859
211.5473351407899 209.30950161059457
213.17122822357283 210.63296447673227
