0.0 0.0
112.0 0.0
0.0 0.0
146.0 0.0
113.0 0.0
112.0 0.0
51.0 51.0
60.0 52.0
0.0 56.0
60.0 56.0
56.0 56.0
58.0 57.0
62.0 57.0
255.0 61.0
61.0 61.0
57.0 62.0
49.0 62.0
69.0 62.0
58.0 64.0
67.0 66.0
65.0 67.0
51.0 68.0
72.0 68.0
0.0 69.0
0.0 73.0
76.0 75.0
73.0 75.0
81.0 75.0
82.0 76.0
113.0 76.0
93.0 80.0
59.0 80.0
82.0 81.0
255.0 83.0
83.0 83.0
81.0 85.0
88.0 85.0
72.0 86.0
84.0 87.0
0.0 90.0
97.0 92.0
90.0 94.0
75.0 95.0
89.0 95.0
100.0 96.0
0.0 96.0
97.0 96.0
80.0 97.0
97.0 98.0
84.0 98.0
97.0 100.0
89.0 101.0
98.0 101.0
100.0 101.0
87.0 101.0
60.0 102.0
78.0 102.0
103.0 103.0
102.0 103.0
105.0 103.0
103.0 104.0
104.0 104.0
99.0 105.0
105.0 105.0
88.0 105.0
0.0 106.0
54.0 106.0
92.0 107.0
107.0 107.0
105.0 107.0
105.0 107.0
93.0 109.0
109.0 109.0
116.0 110.0
96.0 110.0
110.0 110.0
110.0 111.0
91.0 111.0
108.0 111.0
106.0 113.0
0.0 115.0
100.0 116.0
122.0 119.0
83.0 119.0
94.0 120.0
0.0 120.0
100.0 121.0
66.0 123.0
90.0 124.0
113.0 133.0
101.0 142.0
83.0 255.0
0.0 255.0
