255.0 61.0
94.0 88.0
95.0 91.0
98.0 93.0
94.0 93.0
104.0 95.0
103.0 97.0
103.0 100.0
97.0 100.0
104.0 103.0
103.0 104.0
110.0 104.0
110.0 105.0
105.0 105.0
96.0 105.0
102.0 106.0
107.0 106.0
255.0 106.0
106.0 106.0
111.0 107.0
108.0 107.0
116.0 110.0
111.0 111.0
113.0 111.0
111.0 112.0
115.0 113.0
114.0 115.0
114.0 116.0
118.0 119.0
102.0 120.0
113.0 121.0
162.0 122.0
125.0 123.0
119.0 128.0
85.0 128.0
129.0 129.0
131.0 131.0
123.0 131.0
113.0 133.0
109.0 136.0
125.0 140.0
152.0 159.0
