87.0 0.0
80.0 0.0
110.0 82.0
105.0 97.0
57.0 101.0
255.0 109.0
97.0 114.0
0.0 130.0
140.0 146.0
115.0 149.0
148.0 149.0
118.0 149.0
151.0 150.0
121.0 154.0
123.0 157.0
93.0 158.0
160.0 159.0
161.0 159.0
140.0 164.0
255.0 169.0
174.0 172.0
156.0 172.0
135.0 174.0
94.0 177.0
138.0 183.0
154.0 184.0
114.0 191.0
180.0 192.0
195.0 198.0
188.0 198.0
206.0 207.0
80.0 210.0
197.0 215.0
180.0 224.0
255.0 255.0
0.0 255.0
129.0 255.0
146.0 255.0
103.0 255.0
156.0 255.0
161.0 255.0
146.0 255.0
196.0 255.0
141.0 255.0
66.0 255.0
141.0 255.0
