185.0 0.0
0.0 0.0
166.0 0.0
146.0 0.0
0.0 0.0
160.0 0.0
132.0 90.0
255.0 101.0
103.0 101.0
188.0 103.0
136.0 104.0
110.0 112.0
206.0 115.0
0.0 116.0
124.0 122.0
128.0 126.0
111.0 126.0
128.0 126.0
151.0 134.0
143.0 134.0
157.0 135.0
137.0 137.0
137.0 137.0
143.0 138.0
147.0 138.0
136.0 143.0
151.0 143.0
153.0 144.0
153.0 144.0
139.0 144.0
151.0 147.0
146.0 148.0
148.0 150.0
152.0 151.0
168.0 152.0
157.0 152.0
0.0 153.0
152.0 154.0
148.0 154.0
166.0 158.0
161.0 158.0
163.0 163.0
169.0 164.0
167.0 165.0
180.0 177.0
0.0 183.0
185.0 184.0
184.0 194.0
193.0 198.0
200.0 200.0
0.0 209.0
