135.0 0.0
128.0 0.0
125.0 0.0
123.0 0.0
144.0 0.0
0.0 0.0
134.0 0.0
97.0 0.0
82.0 0.0
80.0 58.0
137.0 73.0
82.0 74.0
78.0 74.0
59.0 78.0
68.0 82.0
101.0 83.0
90.0 86.0
137.0 91.0
94.0 92.0
112.0 94.0
101.0 94.0
113.0 96.0
110.0 96.0
0.0 100.0
99.0 100.0
103.0 103.0
102.0 104.0
109.0 105.0
121.0 107.0
112.0 109.0
114.0 109.0
82.0 110.0
101.0 111.0
109.0 111.0
113.0 112.0
92.0 113.0
115.0 115.0
140.0 115.0
119.0 117.0
127.0 117.0
114.0 118.0
92.0 118.0
123.0 120.0
123.0 120.0
68.0 120.0
117.0 121.0
101.0 122.0
132.0 123.0
111.0 123.0
0.0 124.0
128.0 125.0
0.0 126.0
120.0 128.0
120.0 128.0
0.0 129.0
129.0 130.0
0.0 130.0
131.0 131.0
119.0 131.0
0.0 132.0
0.0 132.0
0.0 133.0
131.0 133.0
132.0 133.0
0.0 133.0
132.0 133.0
130.0 134.0
133.0 134.0
0.0 136.0
0.0 139.0
0.0 139.0
138.0 139.0
0.0 139.0
140.0 140.0
151.0 143.0
136.0 143.0
0.0 143.0
145.0 143.0
0.0 144.0
0.0 146.0
0.0 147.0
0.0 153.0
0.0 154.0
0.0 168.0
