139.0 136.0
255.0 142.0
255.0 143.0
149.0 145.0
153.0 149.0
147.0 149.0
150.0 150.0
149.0 151.0
153.0 151.0
155.0 152.0
255.0 153.0
155.0 154.0
255.0 154.0
153.0 155.0
156.0 156.0
154.0 156.0
154.0 157.0
154.0 157.0
160.0 158.0
158.0 159.0
255.0 161.0
160.0 161.0
152.0 162.0
164.0 163.0
255.0 163.0
166.0 166.0
163.0 167.0
166.0 168.0
255.0 168.0
173.0 169.0
171.0 173.0
171.0 173.0
171.0 175.0
177.0 177.0
183.0 180.0
190.0 183.0
189.0 185.0
189.0 191.0
200.0 198.0
211.0 214.0
150.0 255.0
143.0 255.0
158.0 255.0
181.0 255.0
157.0 255.0
255.0 255.0
149.0 255.0
119.0 255.0
159.0 255.0
154.0 255.0
151.0 255.0
148.0 255.0
255.0 255.0
149.0 255.0
163.0 255.0
146.0 255.0
137.0 255.0
161.0 255.0
