1.0 158.55655207407915
2.0 161.01843632808175
3.0 159.48554082922573
4.0 157.41418090576798
5.0 154.68268251951173
6.0 153.44536843666617
7.0 152.6774374659608
8.0 150.28614976128847
9.0 91.7713466256953
10.0 64.01103396356987
11.0 58.18330362889782
12.0 49.65951790180586
13.0 43.27898727853669
14.0 35.27429562435364
15.0 34.71036546676707
16.0 33.590950002138335
17.0 30.957772413945783
18.0 30.152198481298285
19.0 29.842987670298324
20.0 29.68292168946554
21.0 29.570059604128453
22.0 29.509596260786203
23.0 29.45333074174106
24.0 29.43007737526239
25.0 29.37758576505879
26.0 29.32602737122293
27.0 29.305963565284404
28.0 29.285788298403755
29.0 29.249129877693715
30.0 29.246328403493933
31.0 29.23262823077512
32.0 29.220718179955927
33.0 29.20678448220312
34.0 29.20060003767673
35.0 29.19641760908683
36.0 29.192035564904238
37.0 29.188154202417603
38.0 29.185180878450417
39.0 29.1837726132456
40.0 29.18156097512901
41.0 29.179245241771483
42.0 29.177957340659454
43.0 29.17670531085405
44.0 29.175010235344924
45.0 29.174078971494243
46.0 29.17333978473986
47.0 29.172737825153273
48.0 29.17192597759842
49.0 29.171445233332783
50.0 29.171089959222908
