61.75 46.75
57.0 53.0
59.666666666666664 54.833333333333336
56.666666666666664 56.55555555555556
53.76315789473684 56.973684210526315
52.0 57.0
67.0 57.5
58.32231404958678 59.107438016528924
73.17647058823529 59.76470588235294
63.42857142857143 60.04761904761905
61.148148148148145 61.25925925925926
48.666666666666664 61.666666666666664
62.30232558139535 61.97674418604651
59.666666666666664 62.766666666666666
66.24299065420561 64.06542056074767
64.14285714285714 66.71428571428571
65.27586206896552 67.13793103448276
47.0 69.0
62.1 70.65
86.63636363636364 71.63636363636364
59.0 71.75
75.93333333333334 74.0
90.22222222222223 75.55555555555556
80.08 77.12
77.22448979591837 78.81632653061224
83.95 79.05
84.46296296296296 79.98148148148148
66.3103448275862 80.10344827586206
93.4 83.85
78.5609756097561 84.07317073170732
129.3684210526316 87.36842105263158
174.0 90.0
107.2 93.46666666666667
63.07692307692308 95.15384615384616
97.08045977011494 95.72413793103448
97.5 96.0
105.94 96.08
92.875 98.75
106.26315789473684 98.78947368421052
130.66666666666666 99.5
92.8529411764706 102.52941176470588
142.0 102.6
112.64285714285714 102.78571428571429
105.04402515723271 105.62264150943396
118.375 106.8
105.5 107.25
109.88524590163935 108.98360655737704
133.08333333333334 113.25
121.41176470588235 114.05882352941177
131.5 114.875
115.33333333333333 115.16666666666667
97.97368421052632 116.13157894736842
117.81395348837209 117.03488372093024
71.33333333333333 117.54166666666667
131.83333333333334 118.72222222222223
170.14285714285714 119.42857142857143
132.75 120.5
125.55555555555556 121.33333333333333
122.16666666666667 122.0
123.5754716981132 123.27358490566037
102.4 123.6
74.47619047619048 123.85714285714286
135.0 126.0
136.16666666666666 127.33333333333333
74.0 129.4
105.66666666666667 129.5
129.9561403508772 130.10526315789474
116.55555555555556 130.22222222222223
141.875 130.625
135.65217391304347 130.7826086956522
128.63636363636363 131.72727272727272
117.0 131.88888888888889
133.5 132.0793650793651
122.71428571428571 133.42857142857142
132.53333333333333 136.0
140.57142857142858 136.28571428571428
132.1875 137.375
138.640625 137.65625
136.72916666666666 138.08333333333334
138.5 138.16666666666666
144.0 138.21052631578948
152.35294117647058 138.76470588235293
112.72 139.28
145.6 139.8
99.0 141.33333333333334
137.9 143.3
150.54285714285714 143.55714285714285
143.36752136752136 143.8034188034188
147.0 144.0
140.3421052631579 144.39473684210526
146.8095238095238 146.07142857142858
151.2 146.13333333333333
76.33333333333333 147.0
151.46296296296296 151.36111111111111
185.36363636363637 151.9090909090909
133.14285714285714 151.95238095238096
154.272 154.024
157.0744680851064 156.75531914893617
169.28571428571428 159.57142857142858
152.4 159.83333333333334
166.71428571428572 160.14285714285714
160.2405063291139 161.26582278481013
168.33333333333334 162.0
164.56164383561645 163.05479452054794
167.0 164.0
171.9090909090909 166.0
183.36363636363637 167.8181818181818
171.56896551724137 168.49137931034483
165.72222222222223 170.33333333333334
173.96470588235294 171.31764705882352
163.5 173.16666666666666
151.0 173.52631578947367
169.7037037037037 174.03703703703704
181.6 178.1
186.5820895522388 185.71641791044777
138.0 187.0
189.50602409638554 188.63855421686748
177.1 189.0
193.94736842105263 191.26315789473685
199.5 192.25
199.5 193.25
203.5 197.25
87.33333333333333 198.33333333333334
169.0 198.375
200.26666666666668 199.7111111111111
208.27380952380952 206.10714285714286
208.46153846153845 206.6153846153846
204.54545454545453 212.0
