255.0 0.0
255.0 0.0
90.0 0.0
66.0 52.0
65.0 53.0
53.0 54.0
59.0 55.0
50.0 55.0
50.0 56.0
65.0 56.0
60.0 59.0
61.0 59.0
58.0 59.0
63.0 60.0
63.0 60.0
69.0 61.0
255.0 61.0
63.0 62.0
64.0 62.0
64.0 62.0
60.0 64.0
255.0 65.0
57.0 65.0
63.0 65.0
58.0 66.0
94.0 68.0
255.0 69.0
61.0 70.0
62.0 72.0
92.0 76.0
255.0 81.0
74.0 84.0
92.0 89.0
85.0 90.0
77.0 93.0
93.0 95.0
92.0 96.0
96.0 98.0
102.0 99.0
101.0 99.0
103.0 99.0
0.0 99.0
93.0 101.0
0.0 103.0
100.0 111.0
67.0 154.0
0.0 255.0
58.0 255.0
