130.0 91.0
99.0 100.0
140.0 108.0
140.0 111.0
116.0 117.0
143.0 124.0
126.0 124.0
137.0 124.0
133.0 125.0
135.0 130.0
132.0 131.0
131.0 131.0
149.0 131.0
132.0 132.0
128.0 132.0
135.0 133.0
150.0 134.0
127.0 134.0
135.0 137.0
255.0 137.0
147.0 137.0
152.0 138.0
139.0 138.0
144.0 139.0
136.0 139.0
141.0 141.0
147.0 142.0
143.0 142.0
142.0 142.0
183.0 142.0
143.0 142.0
146.0 142.0
155.0 143.0
255.0 144.0
143.0 144.0
142.0 144.0
143.0 144.0
149.0 145.0
145.0 146.0
148.0 147.0
148.0 147.0
141.0 148.0
152.0 148.0
151.0 151.0
156.0 153.0
154.0 153.0
155.0 154.0
158.0 155.0
156.0 156.0
156.0 157.0
255.0 158.0
161.0 160.0
159.0 160.0
161.0 160.0
156.0 161.0
162.0 162.0
171.0 163.0
160.0 164.0
165.0 165.0
0.0 167.0
166.0 167.0
164.0 167.0
166.0 168.0
160.0 169.0
171.0 169.0
171.0 174.0
171.0 175.0
200.0 198.0
