146.0 0.0
176.0 0.0
62.0 64.0
103.0 88.0
112.0 94.0
85.0 95.0
110.0 96.0
110.0 97.0
113.0 99.0
134.0 101.0
109.0 102.0
103.0 103.0
111.0 104.0
104.0 106.0
107.0 107.0
121.0 107.0
108.0 108.0
112.0 109.0
106.0 109.0
111.0 111.0
106.0 111.0
113.0 112.0
111.0 112.0
118.0 113.0
120.0 114.0
114.0 114.0
112.0 114.0
116.0 116.0
117.0 118.0
123.0 120.0
92.0 120.0
122.0 121.0
117.0 121.0
127.0 121.0
126.0 122.0
132.0 123.0
0.0 124.0
120.0 125.0
124.0 126.0
127.0 128.0
130.0 129.0
0.0 129.0
132.0 130.0
129.0 130.0
133.0 130.0
132.0 131.0
131.0 131.0
135.0 131.0
131.0 131.0
130.0 131.0
128.0 131.0
119.0 131.0
132.0 132.0
134.0 132.0
0.0 132.0
0.0 132.0
132.0 133.0
145.0 133.0
132.0 133.0
136.0 134.0
130.0 134.0
119.0 134.0
141.0 134.0
0.0 136.0
135.0 137.0
141.0 138.0
0.0 139.0
0.0 139.0
138.0 139.0
140.0 140.0
134.0 141.0
141.0 141.0
134.0 142.0
139.0 142.0
137.0 142.0
146.0 143.0
145.0 143.0
0.0 144.0
142.0 144.0
147.0 144.0
0.0 146.0
123.0 146.0
0.0 146.0
145.0 146.0
138.0 147.0
119.0 147.0
0.0 148.0
145.0 148.0
135.0 151.0
150.0 151.0
0.0 154.0
0.0 155.0
156.0 156.0
151.0 160.0
162.0 163.0
162.0 164.0
0.0 255.0
128.0 255.0
80.0 255.0
