64.0 0.0
108.0 0.0
112.0 0.0
84.0 0.0
0.0 0.0
70.0 0.0
72.0 0.0
113.0 0.0
112.0 0.0
61.0 0.0
90.0 0.0
51.0 51.0
52.0 52.0
60.0 52.0
56.0 53.0
0.0 56.0
54.0 56.0
60.0 56.0
56.0 56.0
58.0 57.0
62.0 57.0
59.0 58.0
89.0 58.0
77.0 58.0
59.0 58.0
255.0 58.0
56.0 58.0
55.0 60.0
64.0 61.0
61.0 61.0
62.0 61.0
49.0 62.0
0.0 62.0
62.0 63.0
55.0 63.0
58.0 64.0
0.0 64.0
63.0 65.0
65.0 65.0
60.0 65.0
61.0 65.0
54.0 65.0
66.0 66.0
67.0 66.0
58.0 66.0
57.0 66.0
61.0 66.0
72.0 67.0
65.0 67.0
66.0 68.0
51.0 68.0
67.0 68.0
72.0 68.0
0.0 69.0
71.0 70.0
85.0 70.0
68.0 73.0
0.0 73.0
74.0 73.0
76.0 75.0
73.0 75.0
69.0 75.0
75.0 75.0
82.0 76.0
64.0 77.0
78.0 79.0
93.0 80.0
59.0 80.0
82.0 81.0
88.0 82.0
83.0 83.0
72.0 86.0
81.0 86.0
92.0 87.0
84.0 87.0
0.0 90.0
0.0 90.0
73.0 90.0
75.0 91.0
97.0 93.0
75.0 95.0
0.0 96.0
0.0 96.0
0.0 99.0
98.0 101.0
100.0 101.0
87.0 101.0
86.0 101.0
60.0 102.0
102.0 103.0
90.0 113.0
0.0 115.0
74.0 118.0
122.0 119.0
121.0 120.0
102.0 120.0
0.0 120.0
66.0 123.0
63.0 137.0
67.0 154.0
0.0 182.0
69.0 194.0
68.0 255.0
69.0 255.0
0.0 255.0
