83.0 80.0
102.0 104.0
128.0 133.0
142.0 140.0
151.0 145.0
149.0 145.0
151.0 148.0
0.0 150.0
149.0 152.0
155.0 152.0
160.0 156.0
157.0 157.0
158.0 158.0
158.0 158.0
160.0 158.0
153.0 159.0
172.0 159.0
159.0 159.0
159.0 160.0
168.0 169.0
171.0 170.0
170.0 171.0
180.0 177.0
255.0 181.0
0.0 183.0
0.0 187.0
184.0 187.0
0.0 195.0
204.0 198.0
202.0 203.0
207.0 208.0
0.0 209.0
129.0 255.0
157.0 255.0
140.0 255.0
135.0 255.0
152.0 255.0
160.0 255.0
150.0 255.0
158.0 255.0
93.0 255.0
160.0 255.0
0.0 255.0
148.0 255.0
142.0 255.0
127.0 255.0
