73.0 0.0
255.0 0.0
140.0 108.0
141.0 110.0
133.0 131.0
127.0 134.0
142.0 135.0
130.0 136.0
139.0 138.0
141.0 141.0
143.0 142.0
143.0 142.0
155.0 143.0
139.0 143.0
143.0 144.0
0.0 144.0
143.0 145.0
146.0 146.0
143.0 146.0
147.0 146.0
146.0 147.0
146.0 147.0
151.0 147.0
140.0 148.0
151.0 148.0
148.0 149.0
145.0 149.0
149.0 149.0
151.0 150.0
151.0 151.0
153.0 152.0
155.0 153.0
150.0 153.0
153.0 154.0
149.0 155.0
156.0 157.0
159.0 158.0
151.0 159.0
159.0 160.0
161.0 160.0
