78.0 0.0
255.0 0.0
0.0 0.0
255.0 0.0
47.0 46.0
60.0 53.0
60.0 55.0
60.0 56.0
59.0 56.0
64.0 56.0
0.0 57.0
54.0 57.0
59.0 58.0
59.0 58.0
63.0 59.0
65.0 59.0
255.0 59.0
56.0 59.0
255.0 59.0
63.0 60.0
65.0 60.0
58.0 60.0
64.0 61.0
71.0 62.0
76.0 62.0
59.0 62.0
55.0 62.0
57.0 63.0
65.0 63.0
255.0 64.0
58.0 64.0
0.0 64.0
65.0 65.0
61.0 65.0
67.0 65.0
85.0 65.0
63.0 66.0
59.0 66.0
56.0 66.0
67.0 66.0
73.0 67.0
72.0 67.0
52.0 67.0
62.0 68.0
71.0 69.0
63.0 69.0
0.0 69.0
76.0 70.0
71.0 70.0
71.0 72.0
61.0 74.0
60.0 76.0
60.0 78.0
88.0 79.0
69.0 82.0
52.0 83.0
70.0 83.0
78.0 83.0
59.0 88.0
96.0 95.0
92.0 137.0
