189.0 0.0
204.0 0.0
186.0 0.0
51.0 67.0
141.0 131.0
147.0 138.0
153.0 144.0
149.0 145.0
255.0 149.0
158.0 149.0
148.0 150.0
160.0 150.0
153.0 152.0
165.0 155.0
207.0 156.0
255.0 157.0
162.0 157.0
152.0 157.0
159.0 158.0
168.0 162.0
167.0 163.0
169.0 165.0
167.0 165.0
165.0 168.0
170.0 168.0
166.0 168.0
171.0 169.0
173.0 171.0
176.0 171.0
169.0 171.0
192.0 172.0
177.0 172.0
255.0 172.0
176.0 175.0
175.0 176.0
141.0 177.0
185.0 180.0
195.0 182.0
255.0 187.0
255.0 187.0
201.0 189.0
191.0 192.0
194.0 193.0
199.0 195.0
197.0 196.0
195.0 196.0
255.0 196.0
201.0 197.0
200.0 198.0
203.0 200.0
201.0 201.0
205.0 202.0
203.0 202.0
206.0 203.0
200.0 204.0
199.0 205.0
194.0 208.0
212.0 211.0
220.0 214.0
176.0 255.0
168.0 255.0
