135.0 0.0
144.0 0.0
168.0 0.0
163.0 0.0
176.0 0.0
67.0 80.0
147.0 93.0
98.0 98.0
113.0 99.0
109.0 105.0
108.0 106.0
255.0 106.0
255.0 109.0
106.0 111.0
0.0 112.0
137.0 113.0
143.0 113.0
255.0 115.0
119.0 118.0
125.0 120.0
117.0 121.0
129.0 123.0
121.0 124.0
129.0 127.0
151.0 127.0
130.0 129.0
146.0 129.0
132.0 130.0
129.0 130.0
129.0 130.0
129.0 131.0
135.0 131.0
132.0 133.0
119.0 134.0
137.0 135.0
145.0 135.0
149.0 136.0
138.0 139.0
140.0 140.0
134.0 141.0
144.0 141.0
141.0 142.0
143.0 142.0
151.0 143.0
146.0 143.0
141.0 143.0
136.0 143.0
147.0 144.0
142.0 146.0
145.0 146.0
148.0 148.0
147.0 149.0
151.0 149.0
150.0 150.0
153.0 150.0
151.0 151.0
147.0 151.0
152.0 152.0
150.0 152.0
152.0 152.0
154.0 153.0
155.0 153.0
153.0 153.0
162.0 155.0
158.0 155.0
154.0 156.0
155.0 157.0
159.0 158.0
158.0 159.0
164.0 161.0
157.0 161.0
161.0 162.0
160.0 162.0
156.0 164.0
165.0 165.0
171.0 168.0
173.0 169.0
163.0 170.0
176.0 171.0
164.0 171.0
155.0 255.0
0.0 255.0
156.0 255.0
129.0 255.0
133.0 255.0
