179.0 0.0
255.0 0.0
212.0 0.0
105.0 103.0
146.0 146.0
155.0 148.0
149.0 151.0
157.0 152.0
255.0 153.0
161.0 155.0
156.0 156.0
255.0 156.0
154.0 156.0
163.0 157.0
147.0 158.0
165.0 158.0
161.0 159.0
158.0 160.0
255.0 163.0
164.0 163.0
255.0 163.0
164.0 163.0
171.0 163.0
164.0 164.0
138.0 164.0
255.0 166.0
168.0 166.0
168.0 167.0
171.0 168.0
175.0 170.0
170.0 170.0
175.0 170.0
171.0 171.0
176.0 174.0
182.0 175.0
177.0 176.0
147.0 177.0
255.0 177.0
190.0 178.0
178.0 178.0
255.0 178.0
165.0 179.0
183.0 180.0
190.0 183.0
188.0 183.0
186.0 184.0
169.0 185.0
184.0 185.0
184.0 185.0
190.0 186.0
188.0 189.0
255.0 189.0
192.0 190.0
200.0 190.0
0.0 192.0
197.0 194.0
195.0 194.0
197.0 196.0
197.0 197.0
188.0 198.0
201.0 199.0
199.0 200.0
204.0 201.0
255.0 202.0
205.0 202.0
255.0 204.0
204.0 204.0
207.0 207.0
194.0 209.0
206.0 211.0
0.0 211.0
213.0 212.0
211.0 214.0
204.0 216.0
215.0 217.0
255.0 221.0
0.0 223.0
255.0 255.0
160.0 255.0
160.0 255.0
156.0 255.0
167.0 255.0
161.0 255.0
