135.0 0.0
125.0 0.0
155.0 0.0
123.0 0.0
169.0 0.0
151.0 0.0
0.0 0.0
144.0 0.0
0.0 0.0
134.0 0.0
0.0 0.0
114.0 0.0
154.0 0.0
122.0 0.0
82.0 0.0
80.0 58.0
66.0 63.0
255.0 63.0
68.0 66.0
137.0 73.0
82.0 74.0
78.0 74.0
94.0 76.0
72.0 78.0
59.0 78.0
68.0 82.0
149.0 82.0
101.0 83.0
152.0 83.0
62.0 83.0
90.0 86.0
137.0 91.0
94.0 92.0
103.0 92.0
96.0 93.0
101.0 94.0
113.0 96.0
0.0 100.0
99.0 100.0
102.0 100.0
107.0 104.0
110.0 105.0
109.0 105.0
108.0 107.0
114.0 109.0
110.0 109.0
82.0 110.0
106.0 110.0
101.0 111.0
109.0 111.0
119.0 114.0
140.0 115.0
127.0 117.0
114.0 118.0
92.0 118.0
101.0 122.0
111.0 123.0
0.0 124.0
128.0 125.0
150.0 125.0
0.0 126.0
120.0 128.0
0.0 130.0
132.0 132.0
133.0 134.0
149.0 139.0
132.0 139.0
139.0 140.0
139.0 140.0
151.0 143.0
136.0 143.0
104.0 145.0
0.0 147.0
0.0 147.0
0.0 149.0
150.0 151.0
155.0 155.0
157.0 156.0
128.0 161.0
0.0 168.0
164.0 171.0
