0.0 0.0
125.0 0.0
78.0 0.0
123.0 0.0
89.0 0.0
109.0 0.0
115.0 0.0
62.0 0.0
92.0 0.0
0.0 0.0
119.0 0.0
50.0 0.0
145.0 0.0
131.0 0.0
0.0 0.0
99.0 0.0
0.0 0.0
78.0 0.0
134.0 0.0
0.0 0.0
174.0 0.0
0.0 0.0
82.0 0.0
55.0 42.0
56.0 43.0
43.0 44.0
61.0 46.0
45.0 47.0
57.0 53.0
48.0 53.0
45.0 54.0
52.0 57.0
0.0 57.0
80.0 58.0
65.0 58.0
70.0 59.0
72.0 59.0
59.0 63.0
61.0 67.0
0.0 68.0
53.0 68.0
90.0 68.0
44.0 69.0
71.0 70.0
108.0 71.0
75.0 72.0
137.0 73.0
82.0 74.0
78.0 74.0
94.0 76.0
77.0 78.0
79.0 78.0
86.0 80.0
97.0 81.0
101.0 83.0
62.0 83.0
90.0 86.0
95.0 91.0
96.0 93.0
0.0 93.0
101.0 94.0
113.0 96.0
110.0 96.0
109.0 97.0
97.0 98.0
106.0 99.0
102.0 103.0
103.0 103.0
100.0 103.0
105.0 103.0
112.0 105.0
107.0 107.0
0.0 110.0
82.0 110.0
0.0 112.0
114.0 114.0
119.0 114.0
82.0 117.0
92.0 118.0
68.0 120.0
0.0 120.0
126.0 124.0
0.0 124.0
0.0 124.0
0.0 126.0
0.0 129.0
0.0 130.0
131.0 134.0
135.0 138.0
0.0 140.0
0.0 143.0
0.0 143.0
145.0 143.0
145.0 144.0
0.0 144.0
0.0 144.0
147.0 146.0
0.0 147.0
0.0 147.0
0.0 149.0
150.0 151.0
0.0 165.0
0.0 168.0
