131.0 0.0
255.0 0.0
199.0 0.0
119.0 109.0
112.0 111.0
140.0 111.0
255.0 114.0
255.0 118.0
0.0 120.0
124.0 120.0
126.0 123.0
135.0 123.0
133.0 124.0
136.0 127.0
130.0 128.0
255.0 129.0
135.0 130.0
126.0 130.0
134.0 131.0
255.0 132.0
131.0 132.0
132.0 132.0
166.0 134.0
255.0 134.0
255.0 135.0
255.0 135.0
137.0 135.0
255.0 136.0
255.0 136.0
255.0 138.0
255.0 139.0
150.0 143.0
145.0 143.0
146.0 144.0
143.0 144.0
255.0 144.0
155.0 145.0
147.0 145.0
155.0 145.0
144.0 145.0
255.0 146.0
148.0 146.0
149.0 147.0
143.0 147.0
160.0 147.0
144.0 147.0
149.0 147.0
148.0 147.0
141.0 148.0
146.0 148.0
145.0 148.0
255.0 150.0
255.0 150.0
151.0 151.0
157.0 151.0
155.0 151.0
153.0 151.0
151.0 151.0
178.0 152.0
155.0 153.0
154.0 153.0
153.0 153.0
146.0 153.0
151.0 154.0
154.0 154.0
154.0 154.0
159.0 154.0
147.0 154.0
155.0 154.0
158.0 155.0
157.0 156.0
154.0 156.0
160.0 157.0
160.0 159.0
153.0 159.0
162.0 160.0
160.0 160.0
162.0 160.0
166.0 160.0
161.0 161.0
162.0 161.0
164.0 161.0
162.0 163.0
162.0 163.0
164.0 164.0
160.0 164.0
174.0 165.0
163.0 167.0
0.0 167.0
159.0 167.0
164.0 167.0
168.0 169.0
174.0 171.0
164.0 174.0
181.0 176.0
179.0 176.0
183.0 179.0
178.0 180.0
179.0 181.0
159.0 182.0
184.0 184.0
185.0 184.0
161.0 185.0
176.0 186.0
195.0 197.0
190.0 199.0
206.0 205.0
135.0 255.0
159.0 255.0
134.0 255.0
131.0 255.0
135.0 255.0
151.0 255.0
139.0 255.0
118.0 255.0
156.0 255.0
152.0 255.0
158.0 255.0
255.0 255.0
255.0 255.0
162.0 255.0
112.0 255.0
255.0 255.0
169.0 255.0
156.0 255.0
138.0 255.0
148.0 255.0
150.0 255.0
