84.0 0.0
132.0 0.0
201.0 0.0
159.0 0.0
57.0 62.0
255.0 63.0
255.0 66.0
72.0 78.0
98.0 88.0
87.0 88.0
83.0 96.0
102.0 99.0
92.0 104.0
101.0 106.0
114.0 109.0
111.0 109.0
69.0 110.0
82.0 110.0
111.0 110.0
106.0 110.0
101.0 111.0
109.0 111.0
110.0 112.0
105.0 113.0
127.0 117.0
114.0 118.0
101.0 122.0
123.0 122.0
111.0 123.0
122.0 123.0
110.0 123.0
125.0 124.0
123.0 124.0
135.0 127.0
120.0 128.0
124.0 128.0
131.0 129.0
119.0 131.0
134.0 132.0
133.0 132.0
135.0 133.0
133.0 134.0
139.0 138.0
138.0 139.0
150.0 140.0
136.0 141.0
148.0 142.0
142.0 142.0
255.0 144.0
147.0 144.0
148.0 145.0
145.0 147.0
156.0 155.0
155.0 156.0
156.0 157.0
128.0 161.0
133.0 170.0
107.0 255.0
95.0 255.0
