100.0 108.0
144.0 127.0
255.0 131.0
139.0 136.0
255.0 142.0
138.0 142.0
255.0 143.0
153.0 146.0
155.0 148.0
153.0 149.0
149.0 151.0
153.0 151.0
255.0 152.0
155.0 152.0
151.0 152.0
255.0 153.0
155.0 154.0
255.0 154.0
161.0 155.0
184.0 155.0
153.0 155.0
154.0 156.0
255.0 156.0
159.0 157.0
154.0 157.0
147.0 158.0
159.0 159.0
161.0 159.0
255.0 161.0
160.0 161.0
154.0 161.0
160.0 161.0
152.0 162.0
255.0 163.0
255.0 163.0
171.0 163.0
138.0 164.0
166.0 166.0
163.0 167.0
166.0 168.0
255.0 168.0
173.0 169.0
161.0 169.0
175.0 170.0
170.0 171.0
255.0 171.0
171.0 173.0
171.0 173.0
187.0 173.0
255.0 177.0
177.0 177.0
183.0 180.0
190.0 183.0
182.0 183.0
189.0 185.0
211.0 214.0
143.0 255.0
157.0 255.0
255.0 255.0
149.0 255.0
119.0 255.0
151.0 255.0
148.0 255.0
163.0 255.0
137.0 255.0
161.0 255.0
