98.0 0.0
120.0 0.0
60.0 59.0
99.0 84.0
103.0 89.0
95.0 93.0
255.0 98.0
87.0 100.0
101.0 102.0
104.0 103.0
107.0 105.0
113.0 105.0
112.0 106.0
109.0 106.0
132.0 106.0
107.0 106.0
106.0 107.0
109.0 108.0
114.0 108.0
255.0 108.0
133.0 109.0
112.0 110.0
113.0 110.0
117.0 111.0
112.0 112.0
121.0 115.0
122.0 115.0
116.0 116.0
124.0 119.0
100.0 119.0
116.0 119.0
122.0 120.0
119.0 120.0
121.0 121.0
121.0 122.0
126.0 123.0
107.0 123.0
122.0 124.0
127.0 130.0
131.0 130.0
130.0 134.0
142.0 135.0
134.0 136.0
135.0 136.0
137.0 137.0
123.0 138.0
139.0 139.0
141.0 143.0
136.0 145.0
144.0 145.0
144.0 146.0
160.0 156.0
149.0 156.0
