149.0 0.0
88.0 84.0
92.0 87.0
99.0 95.0
136.0 104.0
109.0 105.0
106.0 106.0
116.0 116.0
144.0 120.0
126.0 120.0
118.0 121.0
123.0 126.0
128.0 126.0
120.0 127.0
150.0 129.0
128.0 130.0
147.0 131.0
134.0 131.0
133.0 133.0
132.0 133.0
141.0 135.0
157.0 135.0
130.0 136.0
136.0 137.0
141.0 138.0
125.0 138.0
141.0 139.0
144.0 142.0
0.0 143.0
147.0 144.0
142.0 144.0
0.0 144.0
151.0 147.0
146.0 147.0
0.0 148.0
0.0 149.0
0.0 149.0
144.0 151.0
0.0 151.0
0.0 151.0
0.0 152.0
151.0 154.0
148.0 154.0
153.0 154.0
154.0 155.0
155.0 155.0
0.0 156.0
154.0 156.0
0.0 158.0
0.0 158.0
0.0 159.0
0.0 159.0
160.0 159.0
162.0 159.0
165.0 161.0
160.0 162.0
169.0 164.0
0.0 171.0
184.0 194.0
155.0 195.0
255.0 255.0
