108.0 0.0
0.0 0.0
161.0 0.0
0.0 0.0
89.0 0.0
120.0 0.0
131.0 0.0
120.0 0.0
134.0 0.0
62.0 0.0
125.0 0.0
97.0 0.0
99.0 0.0
0.0 0.0
43.0 44.0
46.0 46.0
45.0 47.0
54.0 49.0
55.0 50.0
0.0 50.0
66.0 52.0
66.0 53.0
54.0 55.0
67.0 56.0
52.0 57.0
0.0 57.0
67.0 57.0
56.0 58.0
0.0 58.0
0.0 58.0
59.0 59.0
70.0 59.0
0.0 60.0
68.0 64.0
61.0 67.0
68.0 69.0
71.0 70.0
89.0 71.0
53.0 72.0
90.0 80.0
0.0 81.0
100.0 82.0
91.0 84.0
97.0 85.0
86.0 86.0
101.0 90.0
95.0 91.0
94.0 93.0
94.0 95.0
100.0 96.0
89.0 96.0
117.0 97.0
106.0 99.0
76.0 101.0
90.0 102.0
105.0 103.0
100.0 103.0
103.0 103.0
106.0 105.0
96.0 105.0
0.0 106.0
115.0 106.0
0.0 106.0
0.0 106.0
104.0 107.0
107.0 108.0
110.0 108.0
109.0 108.0
0.0 108.0
109.0 108.0
107.0 109.0
104.0 110.0
76.0 110.0
108.0 111.0
113.0 111.0
0.0 112.0
115.0 113.0
114.0 116.0
102.0 117.0
99.0 120.0
0.0 120.0
113.0 121.0
120.0 123.0
124.0 126.0
126.0 129.0
132.0 130.0
128.0 130.0
0.0 132.0
0.0 133.0
91.0 135.0
0.0 137.0
145.0 144.0
