142.0 0.0
159.0 0.0
143.0 0.0
84.0 58.0
101.0 88.0
107.0 89.0
93.0 92.0
106.0 94.0
106.0 99.0
107.0 99.0
104.0 103.0
103.0 103.0
106.0 106.0
106.0 106.0
108.0 108.0
109.0 108.0
107.0 109.0
255.0 109.0
106.0 109.0
117.0 109.0
108.0 109.0
110.0 110.0
111.0 110.0
117.0 111.0
117.0 112.0
113.0 112.0
110.0 113.0
137.0 113.0
105.0 113.0
119.0 114.0
108.0 114.0
122.0 115.0
116.0 116.0
57.0 116.0
113.0 117.0
122.0 118.0
100.0 119.0
123.0 120.0
117.0 121.0
122.0 121.0
123.0 122.0
119.0 123.0
126.0 123.0
120.0 123.0
122.0 123.0
120.0 123.0
110.0 123.0
122.0 124.0
125.0 124.0
130.0 125.0
127.0 126.0
118.0 126.0
126.0 127.0
129.0 128.0
120.0 128.0
124.0 129.0
130.0 130.0
164.0 131.0
124.0 132.0
135.0 136.0
139.0 139.0
0.0 140.0
117.0 140.0
136.0 140.0
139.0 141.0
149.0 156.0
0.0 255.0
0.0 255.0
