98.0 0.0
107.0 0.0
107.0 0.0
0.0 0.0
94.0 0.0
109.0 0.0
109.0 0.0
96.0 0.0
75.0 0.0
63.0 65.0
81.0 78.0
87.0 81.0
88.0 82.0
92.0 84.0
93.0 84.0
97.0 85.0
86.0 89.0
0.0 91.0
98.0 93.0
101.0 93.0
97.0 94.0
100.0 95.0
78.0 95.0
98.0 96.0
107.0 96.0
99.0 98.0
100.0 98.0
93.0 99.0
102.0 99.0
97.0 99.0
99.0 100.0
99.0 100.0
103.0 102.0
98.0 102.0
105.0 103.0
88.0 103.0
108.0 103.0
105.0 104.0
106.0 104.0
100.0 104.0
107.0 105.0
106.0 106.0
114.0 106.0
102.0 106.0
108.0 107.0
110.0 107.0
107.0 108.0
109.0 108.0
100.0 108.0
97.0 109.0
102.0 112.0
110.0 113.0
140.0 119.0
83.0 137.0
