78.0 64.0
64.0 75.0
255.0 91.0
255.0 94.0
114.0 97.0
158.0 97.0
255.0 97.0
112.0 101.0
120.0 106.0
255.0 107.0
255.0 108.0
114.0 109.0
255.0 109.0
255.0 109.0
106.0 109.0
255.0 109.0
255.0 109.0
132.0 110.0
118.0 111.0
114.0 113.0
109.0 113.0
133.0 113.0
114.0 115.0
116.0 118.0
110.0 118.0
255.0 119.0
116.0 119.0
118.0 119.0
127.0 121.0
170.0 122.0
128.0 124.0
125.0 126.0
128.0 127.0
145.0 128.0
126.0 130.0
130.0 131.0
129.0 131.0
131.0 135.0
135.0 135.0
157.0 135.0
140.0 135.0
136.0 136.0
145.0 138.0
135.0 138.0
135.0 138.0
0.0 139.0
255.0 140.0
142.0 140.0
143.0 140.0
255.0 140.0
125.0 141.0
142.0 142.0
139.0 143.0
146.0 145.0
155.0 145.0
139.0 147.0
147.0 147.0
147.0 147.0
143.0 147.0
146.0 148.0
150.0 150.0
141.0 150.0
152.0 153.0
153.0 157.0
159.0 158.0
167.0 160.0
160.0 160.0
162.0 163.0
209.0 171.0
174.0 193.0
187.0 207.0
142.0 255.0
120.0 255.0
107.0 255.0
160.0 255.0
255.0 255.0
117.0 255.0
