255.0 0.0
201.0 0.0
156.0 0.0
169.0 0.0
146.0 0.0
98.0 96.0
140.0 108.0
141.0 110.0
116.0 117.0
135.0 122.0
125.0 123.0
124.0 123.0
138.0 124.0
255.0 129.0
131.0 130.0
149.0 131.0
133.0 131.0
132.0 132.0
137.0 132.0
134.0 132.0
128.0 132.0
134.0 133.0
133.0 133.0
135.0 133.0
127.0 133.0
135.0 133.0
136.0 134.0
134.0 134.0
137.0 134.0
138.0 134.0
135.0 134.0
142.0 135.0
145.0 135.0
130.0 136.0
140.0 137.0
138.0 137.0
150.0 138.0
139.0 138.0
141.0 139.0
139.0 140.0
126.0 140.0
143.0 140.0
142.0 140.0
149.0 141.0
139.0 141.0
147.0 142.0
143.0 142.0
150.0 142.0
143.0 142.0
155.0 143.0
139.0 143.0
142.0 143.0
138.0 143.0
143.0 144.0
137.0 144.0
143.0 144.0
0.0 144.0
255.0 145.0
145.0 145.0
151.0 145.0
149.0 145.0
143.0 145.0
144.0 145.0
144.0 145.0
144.0 145.0
146.0 146.0
145.0 146.0
145.0 146.0
168.0 147.0
146.0 147.0
146.0 147.0
151.0 147.0
0.0 147.0
148.0 147.0
141.0 148.0
151.0 148.0
140.0 148.0
155.0 148.0
149.0 149.0
148.0 149.0
145.0 149.0
149.0 149.0
155.0 150.0
151.0 150.0
0.0 151.0
148.0 151.0
156.0 152.0
153.0 152.0
147.0 152.0
150.0 153.0
155.0 153.0
155.0 154.0
149.0 155.0
156.0 155.0
154.0 156.0
155.0 156.0
154.0 157.0
160.0 157.0
156.0 157.0
159.0 160.0
161.0 160.0
160.0 161.0
165.0 163.0
162.0 163.0
162.0 163.0
162.0 164.0
153.0 164.0
160.0 166.0
168.0 168.0
0.0 169.0
171.0 170.0
142.0 255.0
154.0 255.0
125.0 255.0
125.0 255.0
127.0 255.0
