0.0 0.0
125.0 0.0
123.0 0.0
129.0 0.0
145.0 0.0
44.0 69.0
78.0 79.0
100.0 82.0
118.0 82.0
97.0 85.0
102.0 97.0
110.0 102.0
103.0 102.0
133.0 102.0
103.0 103.0
106.0 104.0
112.0 105.0
112.0 107.0
101.0 107.0
109.0 108.0
0.0 108.0
109.0 108.0
106.0 109.0
111.0 109.0
114.0 112.0
110.0 112.0
118.0 113.0
118.0 115.0
115.0 115.0
133.0 116.0
57.0 116.0
134.0 119.0
117.0 120.0
127.0 121.0
123.0 121.0
125.0 125.0
127.0 126.0
129.0 128.0
130.0 131.0
131.0 132.0
0.0 132.0
142.0 137.0
139.0 139.0
153.0 141.0
134.0 142.0
0.0 143.0
145.0 144.0
140.0 149.0
0.0 150.0
107.0 155.0
0.0 158.0
