72.0 67.0
255.0 137.0
255.0 144.0
255.0 145.0
153.0 153.0
180.0 153.0
255.0 154.0
255.0 159.0
175.0 159.0
171.0 165.0
167.0 166.0
193.0 169.0
174.0 171.0
174.0 171.0
175.0 174.0
183.0 175.0
255.0 176.0
178.0 178.0
204.0 179.0
183.0 180.0
255.0 181.0
176.0 183.0
176.0 186.0
185.0 186.0
191.0 188.0
192.0 190.0
193.0 190.0
197.0 191.0
255.0 191.0
194.0 191.0
193.0 193.0
201.0 193.0
197.0 196.0
200.0 197.0
193.0 197.0
195.0 198.0
199.0 199.0
196.0 199.0
198.0 200.0
205.0 203.0
204.0 203.0
203.0 204.0
205.0 205.0
199.0 205.0
205.0 206.0
207.0 207.0
209.0 208.0
202.0 209.0
217.0 216.0
154.0 255.0
166.0 255.0
194.0 255.0
182.0 255.0
146.0 255.0
255.0 255.0
167.0 255.0
