87.0 0.0
0.0 0.0
97.0 0.0
53.0 53.0
51.0 64.0
88.0 82.0
75.0 84.0
76.0 88.0
97.0 90.0
90.0 91.0
57.0 101.0
90.0 105.0
110.0 106.0
101.0 106.0
0.0 111.0
110.0 111.0
110.0 112.0
92.0 113.0
97.0 114.0
121.0 119.0
124.0 122.0
0.0 124.0
0.0 129.0
133.0 132.0
0.0 132.0
0.0 133.0
108.0 135.0
131.0 136.0
107.0 139.0
0.0 141.0
140.0 146.0
147.0 147.0
147.0 149.0
0.0 153.0
0.0 155.0
160.0 159.0
92.0 165.0
0.0 168.0
135.0 174.0
93.0 188.0
0.0 255.0
91.0 255.0
0.0 255.0
