125.0 0.0
134.0 0.0
0.0 0.0
82.0 0.0
48.0 53.0
80.0 58.0
68.0 66.0
137.0 73.0
82.0 74.0
94.0 76.0
59.0 78.0
82.0 81.0
149.0 82.0
101.0 83.0
62.0 83.0
94.0 92.0
103.0 92.0
96.0 93.0
0.0 93.0
101.0 94.0
113.0 96.0
0.0 100.0
99.0 100.0
102.0 100.0
89.0 101.0
103.0 103.0
103.0 103.0
107.0 104.0
110.0 105.0
108.0 107.0
107.0 108.0
110.0 109.0
112.0 111.0
114.0 112.0
108.0 114.0
140.0 115.0
92.0 118.0
128.0 125.0
0.0 130.0
132.0 132.0
131.0 133.0
104.0 145.0
0.0 147.0
0.0 147.0
0.0 149.0
