143.0 0.0
0.0 90.0
102.0 99.0
106.0 103.0
107.0 106.0
120.0 108.0
255.0 109.0
106.0 111.0
120.0 114.0
131.0 114.0
123.0 115.0
112.0 116.0
117.0 118.0
119.0 118.0
118.0 119.0
125.0 120.0
119.0 121.0
122.0 123.0
123.0 123.0
122.0 123.0
128.0 124.0
124.0 125.0
129.0 125.0
123.0 126.0
128.0 127.0
124.0 127.0
132.0 127.0
135.0 127.0
128.0 128.0
124.0 128.0
131.0 129.0
130.0 129.0
133.0 129.0
130.0 130.0
131.0 130.0
139.0 130.0
126.0 131.0
134.0 132.0
108.0 133.0
136.0 134.0
137.0 134.0
136.0 134.0
129.0 135.0
135.0 136.0
133.0 136.0
123.0 138.0
145.0 138.0
136.0 141.0
136.0 141.0
148.0 142.0
0.0 142.0
142.0 142.0
138.0 146.0
143.0 147.0
147.0 150.0
120.0 157.0
