109.0 0.0
255.0 58.0
66.0 59.0
60.0 65.0
56.0 77.0
102.0 81.0
121.0 82.0
83.0 83.0
81.0 85.0
88.0 85.0
98.0 86.0
0.0 90.0
82.0 92.0
97.0 93.0
98.0 93.0
94.0 93.0
104.0 95.0
113.0 95.0
96.0 96.0
87.0 98.0
99.0 101.0
104.0 102.0
100.0 103.0
106.0 104.0
107.0 106.0
102.0 106.0
116.0 110.0
110.0 110.0
110.0 111.0
102.0 120.0
111.0 124.0
85.0 128.0
124.0 129.0
129.0 129.0
132.0 130.0
131.0 131.0
132.0 133.0
109.0 136.0
63.0 137.0
125.0 140.0
143.0 144.0
153.0 144.0
255.0 149.0
152.0 159.0
114.0 166.0
143.0 169.0
255.0 174.0
180.0 192.0
76.0 255.0
67.0 255.0
69.0 255.0
98.0 255.0
0.0 255.0
84.0 255.0
