65.0 65.0
170.0 115.0
130.0 121.0
255.0 133.0
143.0 138.0
144.0 138.0
255.0 140.0
255.0 143.0
131.0 143.0
255.0 143.0
255.0 145.0
147.0 147.0
255.0 148.0
148.0 149.0
144.0 149.0
151.0 151.0
151.0 151.0
150.0 152.0
149.0 152.0
157.0 154.0
159.0 154.0
165.0 155.0
156.0 155.0
146.0 157.0
158.0 160.0
196.0 160.0
162.0 161.0
161.0 162.0
159.0 162.0
162.0 163.0
163.0 163.0
161.0 165.0
142.0 165.0
172.0 168.0
167.0 168.0
170.0 168.0
170.0 171.0
176.0 171.0
174.0 172.0
177.0 177.0
179.0 181.0
181.0 190.0
197.0 199.0
206.0 204.0
189.0 206.0
159.0 255.0
148.0 255.0
186.0 255.0
152.0 255.0
162.0 255.0
