82.0 58.0
67.0 68.0
83.0 71.0
103.0 79.0
88.0 85.0
95.0 85.0
80.0 88.0
103.0 89.0
97.0 93.0
0.0 96.0
103.0 97.0
105.0 98.0
103.0 100.0
100.0 103.0
105.0 104.0
110.0 104.0
106.0 105.0
104.0 105.0
104.0 105.0
103.0 105.0
112.0 105.0
104.0 106.0
107.0 106.0
107.0 106.0
106.0 106.0
118.0 106.0
111.0 107.0
106.0 107.0
107.0 107.0
106.0 107.0
108.0 107.0
107.0 108.0
110.0 108.0
255.0 108.0
106.0 108.0
111.0 108.0
109.0 109.0
110.0 109.0
107.0 111.0
117.0 111.0
112.0 111.0
112.0 112.0
115.0 112.0
107.0 112.0
111.0 112.0
111.0 112.0
112.0 113.0
99.0 114.0
102.0 114.0
114.0 115.0
114.0 116.0
113.0 116.0
0.0 116.0
115.0 117.0
118.0 117.0
118.0 119.0
119.0 119.0
119.0 120.0
121.0 122.0
107.0 123.0
126.0 124.0
117.0 128.0
0.0 128.0
