146.0 0.0
80.0 56.0
67.0 66.0
81.0 75.0
53.0 80.0
255.0 83.0
97.0 92.0
88.0 94.0
90.0 94.0
89.0 95.0
80.0 97.0
97.0 98.0
98.0 99.0
105.0 100.0
97.0 100.0
89.0 101.0
100.0 101.0
78.0 102.0
103.0 103.0
102.0 103.0
84.0 103.0
103.0 104.0
104.0 104.0
108.0 104.0
100.0 105.0
105.0 105.0
88.0 105.0
86.0 105.0
0.0 106.0
54.0 106.0
0.0 107.0
107.0 107.0
107.0 107.0
105.0 107.0
110.0 109.0
93.0 109.0
96.0 110.0
110.0 111.0
91.0 111.0
108.0 111.0
113.0 113.0
106.0 113.0
88.0 114.0
94.0 120.0
0.0 120.0
100.0 121.0
125.0 123.0
0.0 127.0
122.0 127.0
128.0 131.0
123.0 131.0
113.0 133.0
