142.0 0.0
161.0 0.0
120.0 0.0
131.0 0.0
143.0 0.0
114.0 89.0
103.0 93.0
107.0 106.0
107.0 109.0
118.0 109.0
91.0 111.0
131.0 114.0
122.0 117.0
115.0 120.0
122.0 121.0
120.0 123.0
120.0 123.0
133.0 124.0
130.0 125.0
118.0 126.0
126.0 127.0
130.0 128.0
134.0 128.0
129.0 128.0
124.0 129.0
131.0 132.0
139.0 132.0
136.0 132.0
108.0 133.0
133.0 134.0
136.0 134.0
140.0 134.0
132.0 134.0
0.0 140.0
111.0 142.0
137.0 142.0
142.0 143.0
145.0 143.0
147.0 145.0
0.0 146.0
138.0 146.0
153.0 147.0
146.0 148.0
145.0 148.0
149.0 149.0
153.0 151.0
152.0 151.0
157.0 152.0
152.0 154.0
152.0 155.0
156.0 156.0
162.0 157.0
160.0 160.0
