67.43333333333334 58.1
60.73097826086956 63.81521739130435
64.70370370370371 66.04938271604938
66.8 66.2
72.37894736842105 72.02105263157895
65.06666666666666 86.33333333333333
91.96330275229357 88.30275229357798
109.36458333333333 92.52083333333333
103.0 96.75675675675676
93.5187969924812 99.27067669172932
106.73550724637681 107.84420289855072
117.09316770186335 115.04347826086956
128.67164179104478 116.43283582089552
100.1 116.75
81.42372881355932 119.15254237288136
111.86206896551724 121.58620689655173
125.04566210045662 124.41552511415524
133.83112582781456 132.6225165562914
148.34883720930233 132.8372093023256
144.76807228915663 144.01807228915663
97.5 150.4
161.0625 151.96875
153.68316831683168 152.77475247524754
146.7 154.44444444444446
159.24444444444444 162.11111111111111
163.23788546255506 163.23348017621146
174.0 170.75384615384615
138.41176470588235 180.23529411764707
189.00555555555556 186.62777777777777
191.2962962962963 189.44444444444446
181.88235294117646 195.11764705882354
203.8733031674208 202.3393665158371
