108.0 111.0
131.0 128.0
255.0 130.0
134.0 134.0
140.0 136.0
255.0 136.0
150.0 138.0
146.0 138.0
150.0 143.0
255.0 144.0
155.0 145.0
144.0 145.0
255.0 146.0
176.0 148.0
151.0 149.0
255.0 150.0
157.0 151.0
150.0 151.0
149.0 151.0
154.0 152.0
161.0 152.0
116.0 152.0
151.0 152.0
154.0 154.0
154.0 154.0
157.0 156.0
160.0 157.0
186.0 157.0
156.0 158.0
162.0 158.0
156.0 158.0
160.0 159.0
160.0 159.0
156.0 160.0
162.0 160.0
166.0 160.0
160.0 161.0
162.0 161.0
255.0 161.0
164.0 161.0
160.0 163.0
158.0 163.0
164.0 164.0
174.0 165.0
163.0 167.0
163.0 167.0
167.0 167.0
255.0 168.0
166.0 171.0
166.0 171.0
170.0 172.0
164.0 174.0
171.0 174.0
169.0 176.0
255.0 177.0
178.0 180.0
193.0 182.0
159.0 182.0
190.0 194.0
195.0 197.0
190.0 199.0
199.0 200.0
206.0 205.0
151.0 255.0
255.0 255.0
150.0 255.0
