128.0 0.0
142.0 0.0
120.0 0.0
177.0 0.0
0.0 0.0
129.0 0.0
97.0 0.0
82.0 58.0
78.0 64.0
65.0 66.0
142.0 74.0
59.0 78.0
68.0 82.0
121.0 82.0
100.0 82.0
75.0 84.0
95.0 85.0
91.0 88.0
103.0 88.0
76.0 88.0
101.0 88.0
137.0 91.0
94.0 92.0
97.0 92.0
97.0 93.0
112.0 94.0
106.0 94.0
100.0 96.0
0.0 96.0
110.0 97.0
113.0 99.0
95.0 101.0
103.0 101.0
90.0 101.0
134.0 101.0
105.0 103.0
102.0 103.0
102.0 103.0
90.0 105.0
106.0 105.0
105.0 105.0
110.0 106.0
104.0 106.0
106.0 106.0
0.0 106.0
100.0 107.0
107.0 107.0
92.0 107.0
112.0 107.0
107.0 107.0
101.0 107.0
121.0 107.0
108.0 108.0
0.0 108.0
112.0 109.0
108.0 109.0
59.0 109.0
108.0 109.0
110.0 110.0
111.0 110.0
101.0 111.0
110.0 111.0
111.0 111.0
110.0 111.0
111.0 111.0
91.0 111.0
110.0 111.0
106.0 111.0
114.0 112.0
113.0 112.0
110.0 112.0
118.0 113.0
92.0 113.0
116.0 114.0
118.0 115.0
115.0 115.0
116.0 116.0
113.0 116.0
112.0 116.0
57.0 116.0
112.0 117.0
114.0 118.0
117.0 118.0
121.0 119.0
0.0 119.0
123.0 120.0
123.0 120.0
99.0 120.0
122.0 122.0
124.0 122.0
132.0 123.0
122.0 123.0
114.0 123.0
0.0 124.0
121.0 124.0
128.0 125.0
0.0 127.0
0.0 127.0
120.0 128.0
117.0 128.0
131.0 129.0
130.0 129.0
0.0 129.0
131.0 131.0
133.0 132.0
0.0 132.0
0.0 132.0
134.0 133.0
132.0 133.0
132.0 133.0
0.0 133.0
132.0 133.0
124.0 133.0
137.0 135.0
91.0 135.0
108.0 135.0
123.0 139.0
107.0 139.0
0.0 139.0
138.0 139.0
140.0 140.0
0.0 141.0
134.0 142.0
142.0 142.0
101.0 142.0
0.0 143.0
150.0 147.0
147.0 147.0
147.0 147.0
147.0 149.0
142.0 150.0
134.0 150.0
137.0 150.0
141.0 151.0
0.0 153.0
0.0 154.0
0.0 155.0
107.0 155.0
162.0 157.0
151.0 160.0
128.0 161.0
92.0 165.0
0.0 168.0
133.0 170.0
135.0 174.0
180.0 192.0
91.0 255.0
104.0 255.0
51.0 255.0
91.0 255.0
129.0 255.0
66.0 255.0
