135.0 0.0
143.0 0.0
144.0 0.0
145.0 0.0
255.0 57.0
255.0 63.0
149.0 82.0
118.0 82.0
97.0 85.0
98.0 88.0
147.0 93.0
85.0 95.0
102.0 97.0
102.0 99.0
107.0 102.0
133.0 102.0
133.0 102.0
106.0 103.0
103.0 103.0
111.0 104.0
108.0 106.0
101.0 106.0
108.0 107.0
255.0 107.0
120.0 108.0
109.0 109.0
106.0 109.0
110.0 109.0
106.0 111.0
120.0 114.0
131.0 114.0
116.0 115.0
123.0 115.0
122.0 117.0
127.0 117.0
117.0 118.0
116.0 118.0
110.0 118.0
119.0 118.0
119.0 118.0
116.0 119.0
118.0 119.0
125.0 120.0
119.0 121.0
117.0 121.0
127.0 121.0
121.0 122.0
101.0 122.0
111.0 123.0
122.0 123.0
122.0 123.0
128.0 124.0
124.0 125.0
129.0 125.0
120.0 125.0
123.0 126.0
128.0 127.0
124.0 127.0
132.0 127.0
135.0 127.0
133.0 128.0
128.0 128.0
120.0 128.0
124.0 128.0
129.0 128.0
130.0 129.0
131.0 129.0
130.0 129.0
129.0 129.0
133.0 129.0
0.0 129.0
131.0 129.0
130.0 130.0
132.0 130.0
133.0 130.0
129.0 130.0
255.0 130.0
130.0 130.0
129.0 130.0
131.0 130.0
139.0 130.0
133.0 131.0
131.0 131.0
126.0 131.0
119.0 131.0
122.0 131.0
134.0 132.0
0.0 132.0
0.0 133.0
136.0 133.0
131.0 133.0
145.0 133.0
108.0 133.0
136.0 134.0
133.0 134.0
130.0 134.0
130.0 134.0
129.0 135.0
135.0 136.0
133.0 136.0
0.0 136.0
135.0 137.0
255.0 137.0
123.0 138.0
0.0 139.0
117.0 140.0
150.0 140.0
136.0 141.0
136.0 141.0
148.0 141.0
140.0 141.0
148.0 142.0
137.0 142.0
0.0 142.0
136.0 143.0
147.0 144.0
134.0 145.0
0.0 146.0
119.0 147.0
143.0 147.0
141.0 149.0
147.0 150.0
135.0 151.0
150.0 151.0
157.0 156.0
156.0 157.0
0.0 158.0
156.0 161.0
160.0 162.0
159.0 190.0
0.0 255.0
118.0 255.0
98.0 255.0
135.0 255.0
