255.0 0.0
72.0 0.0
100.0 49.0
58.0 52.0
56.0 56.0
54.0 56.0
59.0 58.0
255.0 59.0
59.0 61.0
64.0 61.0
62.0 61.0
255.0 61.0
62.0 63.0
255.0 63.0
65.0 63.0
55.0 63.0
255.0 65.0
54.0 65.0
66.0 66.0
60.0 66.0
61.0 66.0
72.0 67.0
66.0 68.0
255.0 69.0
71.0 70.0
76.0 75.0
69.0 75.0
85.0 78.0
109.0 82.0
86.0 85.0
73.0 90.0
71.0 90.0
255.0 96.0
0.0 99.0
78.0 103.0
69.0 104.0
111.0 109.0
90.0 113.0
89.0 114.0
133.0 126.0
113.0 131.0
0.0 182.0
72.0 255.0
0.0 255.0
