0.0 0.0
197.0 0.0
146.0 0.0
192.0 0.0
163.0 0.0
176.0 0.0
89.0 101.0
109.0 102.0
106.0 104.0
105.0 104.0
255.0 109.0
112.0 111.0
133.0 116.0
122.0 119.0
255.0 119.0
134.0 119.0
117.0 120.0
122.0 121.0
123.0 121.0
123.0 122.0
126.0 122.0
129.0 123.0
130.0 124.0
116.0 124.0
125.0 126.0
124.0 126.0
129.0 127.0
151.0 127.0
134.0 128.0
255.0 129.0
146.0 129.0
142.0 129.0
126.0 129.0
129.0 130.0
133.0 130.0
133.0 130.0
132.0 131.0
129.0 131.0
255.0 131.0
128.0 131.0
135.0 131.0
134.0 132.0
130.0 132.0
136.0 132.0
255.0 133.0
134.0 134.0
136.0 134.0
132.0 134.0
119.0 134.0
141.0 134.0
138.0 135.0
134.0 135.0
134.0 136.0
135.0 137.0
138.0 137.0
138.0 137.0
141.0 138.0
136.0 138.0
138.0 139.0
139.0 139.0
142.0 140.0
140.0 140.0
153.0 141.0
144.0 141.0
140.0 141.0
141.0 142.0
137.0 142.0
142.0 142.0
136.0 142.0
143.0 142.0
146.0 143.0
141.0 143.0
141.0 143.0
145.0 143.0
145.0 143.0
141.0 143.0
142.0 144.0
142.0 144.0
147.0 144.0
145.0 145.0
143.0 145.0
149.0 145.0
139.0 145.0
136.0 145.0
147.0 145.0
148.0 145.0
142.0 146.0
145.0 146.0
153.0 146.0
141.0 147.0
148.0 148.0
0.0 148.0
176.0 148.0
145.0 148.0
145.0 149.0
147.0 149.0
152.0 149.0
139.0 149.0
151.0 149.0
151.0 149.0
150.0 150.0
153.0 150.0
144.0 151.0
151.0 151.0
147.0 151.0
152.0 151.0
152.0 151.0
152.0 151.0
152.0 152.0
116.0 152.0
150.0 152.0
152.0 152.0
151.0 152.0
157.0 152.0
153.0 152.0
154.0 153.0
151.0 153.0
153.0 153.0
152.0 154.0
157.0 154.0
154.0 154.0
139.0 154.0
149.0 154.0
153.0 155.0
158.0 155.0
154.0 155.0
154.0 156.0
152.0 156.0
151.0 156.0
155.0 157.0
159.0 157.0
137.0 157.0
152.0 157.0
157.0 157.0
123.0 157.0
156.0 158.0
255.0 158.0
159.0 158.0
151.0 159.0
161.0 159.0
158.0 159.0
159.0 159.0
255.0 159.0
156.0 160.0
160.0 160.0
164.0 161.0
157.0 161.0
160.0 161.0
150.0 161.0
154.0 161.0
162.0 162.0
161.0 162.0
153.0 162.0
161.0 163.0
162.0 163.0
144.0 163.0
156.0 164.0
122.0 165.0
165.0 165.0
164.0 165.0
163.0 167.0
159.0 167.0
154.0 168.0
255.0 168.0
173.0 169.0
161.0 169.0
139.0 169.0
160.0 169.0
162.0 169.0
164.0 169.0
162.0 170.0
163.0 170.0
170.0 171.0
166.0 171.0
166.0 171.0
156.0 174.0
171.0 175.0
177.0 177.0
162.0 179.0
183.0 181.0
193.0 182.0
138.0 183.0
182.0 183.0
174.0 190.0
114.0 191.0
189.0 193.0
0.0 198.0
195.0 198.0
155.0 255.0
0.0 255.0
0.0 255.0
255.0 255.0
140.0 255.0
131.0 255.0
138.0 255.0
124.0 255.0
151.0 255.0
143.0 255.0
146.0 255.0
126.0 255.0
128.0 255.0
106.0 255.0
97.0 255.0
80.0 255.0
107.0 255.0
154.0 255.0
159.0 255.0
138.0 255.0
155.0 255.0
142.0 255.0
150.0 255.0
140.0 255.0
142.0 255.0
145.0 255.0
132.0 255.0
141.0 255.0
142.0 255.0
114.0 255.0
125.0 255.0
