255.0 0.0
137.0 0.0
100.0 52.0
255.0 57.0
58.0 60.0
118.0 82.0
255.0 85.0
103.0 89.0
130.0 91.0
255.0 92.0
255.0 93.0
255.0 95.0
255.0 99.0
133.0 102.0
107.0 102.0
102.0 103.0
255.0 104.0
255.0 106.0
108.0 106.0
100.0 107.0
255.0 107.0
255.0 107.0
255.0 108.0
255.0 109.0
117.0 109.0
91.0 111.0
119.0 111.0
255.0 111.0
114.0 112.0
255.0 113.0
116.0 115.0
115.0 115.0
255.0 115.0
112.0 116.0
119.0 117.0
116.0 118.0
110.0 118.0
255.0 119.0
122.0 120.0
118.0 121.0
121.0 122.0
119.0 122.0
162.0 122.0
121.0 124.0
255.0 125.0
255.0 125.0
129.0 128.0
129.0 129.0
126.0 129.0
0.0 130.0
133.0 130.0
133.0 131.0
122.0 131.0
134.0 132.0
136.0 133.0
131.0 133.0
132.0 133.0
135.0 133.0
135.0 134.0
255.0 134.0
136.0 134.0
132.0 134.0
133.0 134.0
130.0 134.0
127.0 135.0
82.0 135.0
144.0 136.0
255.0 136.0
149.0 137.0
255.0 137.0
141.0 138.0
140.0 139.0
0.0 139.0
138.0 140.0
255.0 140.0
148.0 141.0
140.0 141.0
141.0 142.0
143.0 142.0
142.0 143.0
151.0 144.0
142.0 144.0
134.0 145.0
150.0 146.0
146.0 146.0
255.0 146.0
151.0 146.0
145.0 146.0
168.0 147.0
255.0 147.0
147.0 148.0
141.0 149.0
164.0 150.0
149.0 152.0
153.0 153.0
153.0 154.0
154.0 155.0
156.0 155.0
160.0 156.0
155.0 156.0
157.0 156.0
156.0 157.0
152.0 157.0
156.0 157.0
162.0 163.0
171.0 168.0
172.0 168.0
168.0 168.0
169.0 169.0
166.0 171.0
173.0 178.0
182.0 183.0
148.0 255.0
119.0 255.0
133.0 255.0
