69.0 65.0
88.0 84.0
102.0 104.0
122.0 125.0
128.0 126.0
131.0 131.0
128.0 133.0
137.0 136.0
138.0 137.0
143.0 138.0
142.0 140.0
147.0 144.0
151.0 145.0
149.0 145.0
155.0 147.0
151.0 148.0
255.0 148.0
148.0 150.0
0.0 150.0
150.0 150.0
150.0 151.0
0.0 151.0
148.0 151.0
155.0 152.0
150.0 153.0
155.0 155.0
160.0 156.0
146.0 157.0
158.0 157.0
157.0 157.0
158.0 158.0
158.0 158.0
160.0 158.0
153.0 159.0
172.0 159.0
159.0 159.0
159.0 160.0
158.0 160.0
161.0 162.0
159.0 162.0
164.0 163.0
161.0 165.0
160.0 166.0
168.0 169.0
171.0 170.0
180.0 177.0
177.0 177.0
255.0 181.0
0.0 183.0
0.0 187.0
184.0 187.0
0.0 195.0
204.0 198.0
0.0 202.0
202.0 203.0
207.0 208.0
0.0 209.0
203.0 210.0
0.0 255.0
129.0 255.0
157.0 255.0
140.0 255.0
135.0 255.0
154.0 255.0
152.0 255.0
160.0 255.0
150.0 255.0
158.0 255.0
93.0 255.0
186.0 255.0
160.0 255.0
119.0 255.0
0.0 255.0
112.0 255.0
148.0 255.0
145.0 255.0
142.0 255.0
127.0 255.0
