73.0 67.0
103.0 88.0
92.0 91.0
104.0 106.0
107.0 107.0
121.0 107.0
107.0 110.0
116.0 113.0
115.0 115.0
123.0 120.0
123.0 120.0
92.0 120.0
132.0 123.0
0.0 124.0
0.0 124.0
120.0 125.0
127.0 126.0
0.0 129.0
135.0 131.0
131.0 131.0
128.0 131.0
126.0 131.0
132.0 132.0
0.0 132.0
132.0 133.0
145.0 133.0
136.0 134.0
130.0 134.0
141.0 134.0
0.0 136.0
135.0 137.0
0.0 139.0
0.0 139.0
0.0 139.0
140.0 140.0
141.0 141.0
139.0 142.0
137.0 142.0
0.0 142.0
0.0 143.0
145.0 143.0
0.0 144.0
142.0 144.0
145.0 145.0
0.0 145.0
123.0 146.0
138.0 147.0
119.0 147.0
145.0 148.0
147.0 150.0
135.0 151.0
153.0 153.0
0.0 154.0
0.0 155.0
156.0 156.0
151.0 160.0
165.0 163.0
162.0 163.0
162.0 163.0
162.0 164.0
168.0 168.0
159.0 190.0
0.0 255.0
0.0 255.0
0.0 255.0
