153.0 152.0
197.0 185.0
202.0 190.0
206.0 193.0
255.0 193.0
199.0 198.0
200.0 198.0
201.0 199.0
200.0 199.0
255.0 199.0
207.0 200.0
201.0 200.0
200.0 200.0
200.0 200.0
201.0 201.0
204.0 201.0
207.0 202.0
255.0 202.0
204.0 202.0
206.0 203.0
204.0 203.0
205.0 203.0
206.0 203.0
205.0 204.0
203.0 204.0
208.0 204.0
205.0 205.0
204.0 205.0
210.0 205.0
255.0 206.0
204.0 206.0
204.0 207.0
208.0 207.0
208.0 207.0
207.0 207.0
210.0 208.0
209.0 209.0
211.0 209.0
211.0 209.0
255.0 210.0
212.0 211.0
255.0 211.0
220.0 212.0
212.0 212.0
212.0 213.0
218.0 213.0
215.0 213.0
212.0 214.0
201.0 255.0
212.0 255.0
