255.0 0.0
108.0 0.0
255.0 0.0
90.0 0.0
255.0 0.0
48.0 53.0
58.0 57.0
61.0 57.0
56.0 58.0
57.0 58.0
65.0 58.0
61.0 59.0
63.0 60.0
255.0 60.0
255.0 61.0
255.0 61.0
255.0 61.0
70.0 62.0
69.0 63.0
106.0 63.0
255.0 65.0
255.0 65.0
66.0 66.0
255.0 66.0
125.0 67.0
255.0 67.0
255.0 67.0
94.0 68.0
255.0 69.0
62.0 70.0
72.0 71.0
89.0 74.0
255.0 74.0
92.0 76.0
78.0 77.0
78.0 77.0
51.0 78.0
255.0 81.0
255.0 81.0
64.0 82.0
132.0 84.0
98.0 86.0
70.0 86.0
87.0 88.0
114.0 96.0
96.0 98.0
101.0 99.0
104.0 101.0
255.0 102.0
100.0 103.0
110.0 104.0
130.0 105.0
109.0 106.0
109.0 109.0
69.0 110.0
114.0 112.0
116.0 114.0
95.0 120.0
123.0 124.0
92.0 124.0
131.0 133.0
255.0 174.0
61.0 255.0
