255.0 0.0
72.0 0.0
90.0 0.0
58.0 52.0
56.0 53.0
56.0 56.0
54.0 56.0
77.0 58.0
59.0 58.0
255.0 58.0
55.0 59.0
255.0 59.0
64.0 61.0
62.0 61.0
62.0 63.0
55.0 63.0
59.0 64.0
255.0 64.0
66.0 65.0
54.0 65.0
66.0 66.0
60.0 66.0
61.0 66.0
72.0 67.0
66.0 68.0
255.0 69.0
71.0 70.0
91.0 73.0
74.0 73.0
76.0 75.0
69.0 75.0
78.0 79.0
109.0 82.0
86.0 85.0
86.0 88.0
73.0 90.0
71.0 90.0
97.0 93.0
72.0 94.0
255.0 96.0
91.0 101.0
77.0 102.0
103.0 105.0
90.0 113.0
121.0 120.0
102.0 120.0
68.0 120.0
133.0 126.0
0.0 182.0
69.0 194.0
72.0 255.0
0.0 255.0
69.0 255.0
0.0 255.0
