108.0 0.0
170.0 115.0
255.0 119.0
141.0 136.0
255.0 140.0
168.0 142.0
255.0 143.0
255.0 145.0
151.0 146.0
255.0 150.0
153.0 152.0
152.0 153.0
154.0 153.0
153.0 154.0
158.0 155.0
155.0 155.0
156.0 155.0
154.0 155.0
255.0 156.0
156.0 156.0
154.0 156.0
162.0 156.0
154.0 157.0
255.0 157.0
158.0 158.0
157.0 159.0
160.0 160.0
162.0 161.0
159.0 161.0
165.0 161.0
161.0 162.0
162.0 162.0
162.0 162.0
164.0 162.0
255.0 162.0
164.0 163.0
163.0 163.0
165.0 163.0
165.0 163.0
163.0 165.0
142.0 165.0
169.0 166.0
153.0 166.0
167.0 166.0
168.0 166.0
166.0 167.0
171.0 167.0
179.0 168.0
168.0 168.0
162.0 168.0
157.0 169.0
170.0 170.0
169.0 170.0
179.0 170.0
172.0 171.0
146.0 171.0
170.0 171.0
172.0 171.0
172.0 172.0
182.0 173.0
169.0 174.0
177.0 175.0
177.0 177.0
178.0 178.0
182.0 180.0
188.0 184.0
190.0 191.0
255.0 191.0
188.0 191.0
198.0 191.0
199.0 199.0
212.0 212.0
154.0 255.0
159.0 255.0
162.0 255.0
158.0 255.0
148.0 255.0
255.0 255.0
149.0 255.0
165.0 255.0
