0.0 109.0
255.0 118.0
255.0 134.0
255.0 134.0
255.0 135.0
255.0 135.0
255.0 136.0
255.0 139.0
146.0 144.0
255.0 146.0
148.0 146.0
160.0 147.0
149.0 147.0
255.0 150.0
178.0 152.0
146.0 153.0
155.0 154.0
159.0 167.0
169.0 169.0
181.0 176.0
179.0 176.0
183.0 179.0
184.0 184.0
185.0 184.0
161.0 185.0
205.0 212.0
135.0 255.0
137.0 255.0
134.0 255.0
131.0 255.0
139.0 255.0
156.0 255.0
158.0 255.0
255.0 255.0
174.0 255.0
255.0 255.0
112.0 255.0
169.0 255.0
156.0 255.0
138.0 255.0
150.0 255.0
