60.0 57.0
126.0 125.0
138.0 137.0
155.0 151.0
150.0 151.0
152.0 154.0
156.0 154.0
155.0 155.0
164.0 155.0
155.0 155.0
156.0 158.0
165.0 158.0
166.0 158.0
158.0 159.0
161.0 159.0
158.0 160.0
160.0 161.0
159.0 161.0
155.0 164.0
157.0 164.0
255.0 166.0
168.0 167.0
170.0 167.0
173.0 168.0
168.0 168.0
172.0 168.0
171.0 169.0
179.0 170.0
172.0 171.0
182.0 173.0
176.0 174.0
185.0 175.0
176.0 175.0
177.0 175.0
177.0 177.0
168.0 178.0
255.0 183.0
184.0 183.0
200.0 190.0
190.0 191.0
255.0 191.0
191.0 196.0
191.0 197.0
201.0 197.0
201.0 199.0
199.0 200.0
177.0 201.0
198.0 202.0
203.0 205.0
203.0 210.0
154.0 255.0
146.0 255.0
0.0 255.0
112.0 255.0
145.0 255.0
149.0 255.0
146.0 255.0
165.0 255.0
