132.0 0.0
161.0 0.0
131.0 0.0
125.0 0.0
97.0 0.0
159.0 0.0
255.0 0.0
114.0 0.0
99.0 0.0
137.0 0.0
143.0 0.0
60.0 59.0
99.0 84.0
107.0 89.0
101.0 90.0
127.0 97.0
106.0 99.0
107.0 99.0
0.0 100.0
102.0 100.0
88.0 101.0
104.0 103.0
104.0 103.0
103.0 103.0
255.0 104.0
103.0 105.0
109.0 105.0
112.0 106.0
119.0 106.0
132.0 106.0
108.0 108.0
109.0 108.0
109.0 108.0
255.0 108.0
109.0 108.0
106.0 108.0
107.0 109.0
120.0 109.0
107.0 109.0
255.0 109.0
106.0 109.0
133.0 109.0
117.0 109.0
104.0 110.0
113.0 110.0
117.0 111.0
91.0 111.0
119.0 111.0
113.0 111.0
118.0 111.0
114.0 112.0
117.0 112.0
113.0 112.0
110.0 113.0
137.0 113.0
115.0 113.0
105.0 113.0
108.0 114.0
114.0 115.0
122.0 115.0
114.0 116.0
116.0 116.0
113.0 117.0
122.0 118.0
124.0 119.0
100.0 119.0
122.0 120.0
117.0 121.0
122.0 121.0
123.0 122.0
119.0 123.0
120.0 123.0
120.0 123.0
123.0 123.0
120.0 123.0
110.0 123.0
125.0 124.0
122.0 124.0
125.0 124.0
130.0 125.0
127.0 126.0
118.0 126.0
126.0 127.0
129.0 128.0
119.0 128.0
145.0 128.0
124.0 129.0
0.0 129.0
135.0 129.0
131.0 129.0
131.0 130.0
128.0 130.0
164.0 131.0
133.0 132.0
131.0 132.0
124.0 132.0
135.0 133.0
133.0 134.0
147.0 134.0
127.0 135.0
134.0 136.0
135.0 136.0
144.0 139.0
139.0 139.0
0.0 140.0
136.0 140.0
139.0 141.0
137.0 142.0
144.0 145.0
138.0 146.0
147.0 149.0
149.0 156.0
120.0 157.0
0.0 159.0
152.0 159.0
168.0 199.0
0.0 255.0
125.0 255.0
120.0 255.0
0.0 255.0
