91.0 0.0
255.0 59.0
255.0 66.0
255.0 70.0
90.0 80.0
97.0 87.0
94.0 88.0
126.0 89.0
98.0 90.0
71.0 93.0
116.0 93.0
101.0 95.0
83.0 96.0
119.0 97.0
95.0 98.0
104.0 98.0
96.0 100.0
103.0 101.0
105.0 101.0
102.0 105.0
125.0 106.0
255.0 106.0
106.0 107.0
94.0 109.0
112.0 110.0
104.0 110.0
255.0 111.0
0.0 113.0
255.0 117.0
85.0 119.0
122.0 121.0
99.0 123.0
123.0 124.0
112.0 124.0
129.0 129.0
133.0 130.0
141.0 132.0
131.0 132.0
134.0 133.0
132.0 133.0
119.0 136.0
187.0 136.0
149.0 137.0
137.0 137.0
139.0 140.0
127.0 140.0
152.0 145.0
145.0 147.0
142.0 147.0
157.0 152.0
200.0 153.0
152.0 154.0
255.0 155.0
124.0 157.0
125.0 160.0
0.0 169.0
255.0 172.0
165.0 181.0
162.0 193.0
124.0 216.0
205.0 218.0
136.0 255.0
101.0 255.0
123.0 255.0
112.0 255.0
