66.25925925925925 58.666666666666664
56.07258064516129 60.37903225806452
74.56521739130434 60.82608695652174
62.22727272727273 63.13636363636363
63.0 65.25641025641026
63.75982532751092 65.6943231441048
53.0 68.0
74.22 71.66
81.36363636363636 77.9090909090909
63.0 81.31818181818181
82.01538461538462 82.75384615384615
67.35714285714286 87.57142857142857
130.1818181818182 88.77272727272727
119.33333333333333 89.22222222222223
108.53846153846153 92.38461538461539
93.27027027027027 92.5945945945946
94.97457627118644 94.15254237288136
97.0909090909091 94.18181818181819
110.95238095238095 98.41666666666667
116.48 107.08
107.20081967213115 107.18442622950819
96.42156862745098 108.2843137254902
110.0 114.0
116.26666666666667 116.25925925925925
134.36363636363637 116.36363636363636
120.66666666666667 117.33333333333333
93.03333333333333 122.03333333333333
125.12087912087912 123.58241758241758
117.75862068965517 124.55172413793103
132.52173913043478 126.04347826086956
128.6 128.1
164.0 131.0
117.0 131.88888888888889
133.6679389312977 132.63358778625954
93.2 135.0
133.52173913043478 135.34782608695653
70.42857142857143 135.71428571428572
141.3448275862069 140.9064039408867
152.27027027027026 141.59459459459458
165.45454545454547 144.36363636363637
144.40540540540542 144.75675675675674
179.66666666666666 147.0
148.1448598130841 147.14018691588785
173.10526315789474 151.73684210526315
144.29333333333332 152.04
154.5435684647303 154.59751037344398
166.92 159.36
161.0222222222222 160.25
107.83333333333333 160.77777777777777
161.1206896551724 166.3793103448276
169.64227642276424 168.2520325203252
173.9375 171.67857142857142
130.11764705882354 174.35294117647058
190.14285714285714 179.42857142857142
186.1551724137931 185.2844827586207
138.0 187.0
177.1 189.0
191.7826086956522 190.08695652173913
193.23529411764707 190.64705882352942
203.8 198.0
199.1290322580645 198.2
208.01980198019803 205.69306930693068
204.63636363636363 207.45454545454547
185.11111111111111 208.66666666666666
