1.0 36.4592230599474
2.0 34.92504811586042
3.0 34.48199686230359
4.0 34.38374116584798
5.0 34.2782504337114
6.0 34.146275689856644
7.0 33.99909792629376
8.0 33.95540156807482
9.0 33.94001908767028
10.0 33.86180852436148
11.0 33.81325531709076
12.0 33.76815327514409
13.0 33.73561399351863
14.0 33.693724969700384
15.0 33.629805455907444
16.0 33.58373883027207
17.0 33.57201771863032
18.0 33.57428434920477
19.0 33.57132852958575
20.0 33.576324577890155
21.0 33.5804813103513
22.0 33.584264886401826
23.0 33.58354271237297
24.0 33.58354271237303
25.0 33.58354271237301
26.0 33.583542712372974
27.0 33.583542712373024
28.0 33.58354271237295
29.0 33.583542712372925
30.0 33.58354271237312
31.0 33.58354271237307
32.0 33.58354271237305
33.0 33.58354271237295
34.0 33.58354271237301
35.0 33.583542712373024
36.0 33.58354271237304
37.0 33.583542712373024
38.0 33.58354271237306
39.0 33.583542712373095
40.0 33.58354271237308
41.0 33.58354271237297
42.0 33.583542712373
43.0 33.58354271237297
44.0 33.58354271237301
45.0 33.583542712373
46.0 33.58354271237305
47.0 33.583542712372996
48.0 33.583542712372996
49.0 33.58354271237297
50.0 33.583542712372946
