150.0 0.0
137.0 0.0
255.0 0.0
161.0 0.0
124.0 0.0
152.0 0.0
143.0 0.0
152.0 0.0
142.0 0.0
142.0 0.0
154.0 0.0
147.0 0.0
148.0 0.0
123.0 0.0
201.0 0.0
156.0 0.0
255.0 0.0
156.0 0.0
0.0 0.0
169.0 0.0
156.0 0.0
151.0 0.0
151.0 0.0
255.0 0.0
145.0 0.0
144.0 0.0
99.0 0.0
140.0 0.0
150.0 0.0
149.0 0.0
154.0 0.0
168.0 0.0
146.0 0.0
107.0 66.0
108.0 71.0
116.0 77.0
152.0 83.0
92.0 87.0
114.0 89.0
112.0 91.0
102.0 101.0
110.0 102.0
102.0 103.0
106.0 103.0
108.0 109.0
111.0 109.0
110.0 110.0
141.0 110.0
107.0 110.0
0.0 112.0
120.0 113.0
114.0 114.0
112.0 114.0
116.0 116.0
131.0 118.0
122.0 119.0
0.0 119.0
113.0 120.0
118.0 121.0
127.0 121.0
130.0 121.0
0.0 122.0
130.0 122.0
135.0 122.0
125.0 123.0
127.0 123.0
0.0 124.0
0.0 124.0
113.0 124.0
138.0 124.0
126.0 124.0
121.0 124.0
128.0 125.0
133.0 125.0
150.0 125.0
125.0 126.0
125.0 126.0
140.0 128.0
130.0 131.0
134.0 131.0
129.0 132.0
128.0 132.0
134.0 133.0
133.0 133.0
131.0 134.0
134.0 135.0
141.0 135.0
142.0 135.0
0.0 136.0
149.0 136.0
137.0 136.0
134.0 137.0
0.0 139.0
255.0 140.0
151.0 143.0
0.0 143.0
0.0 144.0
142.0 144.0
0.0 144.0
255.0 144.0
142.0 145.0
0.0 145.0
136.0 146.0
145.0 146.0
147.0 146.0
168.0 147.0
0.0 147.0
146.0 147.0
0.0 148.0
0.0 148.0
140.0 149.0
0.0 149.0
0.0 150.0
155.0 150.0
0.0 150.0
0.0 150.0
0.0 151.0
148.0 151.0
152.0 152.0
0.0 152.0
154.0 154.0
0.0 155.0
0.0 156.0
156.0 157.0
0.0 159.0
0.0 159.0
160.0 162.0
167.0 162.0
0.0 165.0
157.0 166.0
166.0 168.0
0.0 168.0
0.0 169.0
174.0 193.0
135.0 255.0
