66.0 53.0
80.0 56.0
83.0 71.0
72.0 78.0
81.0 78.0
255.0 81.0
92.0 84.0
88.0 85.0
86.0 86.0
80.0 88.0
0.0 91.0
97.0 94.0
98.0 96.0
0.0 96.0
100.0 98.0
99.0 100.0
76.0 101.0
104.0 101.0
90.0 102.0
105.0 103.0
100.0 103.0
88.0 103.0
106.0 104.0
100.0 104.0
104.0 105.0
104.0 105.0
106.0 106.0
0.0 106.0
118.0 106.0
102.0 106.0
110.0 107.0
107.0 108.0
110.0 108.0
97.0 109.0
110.0 109.0
110.0 110.0
116.0 114.0
102.0 114.0
140.0 119.0
95.0 120.0
0.0 122.0
123.0 124.0
92.0 124.0
114.0 166.0
0.0 255.0
