94.0 0.0
135.0 0.0
143.0 0.0
144.0 0.0
97.0 0.0
59.0 78.0
68.0 82.0
90.0 86.0
103.0 88.0
112.0 94.0
85.0 95.0
102.0 99.0
134.0 101.0
133.0 102.0
106.0 103.0
108.0 107.0
121.0 107.0
113.0 112.0
115.0 115.0
123.0 115.0
116.0 116.0
112.0 116.0
119.0 118.0
123.0 120.0
121.0 122.0
122.0 123.0
122.0 123.0
0.0 124.0
124.0 125.0
129.0 125.0
120.0 125.0
123.0 126.0
118.0 126.0
124.0 127.0
135.0 127.0
128.0 128.0
130.0 129.0
131.0 129.0
130.0 129.0
0.0 129.0
132.0 130.0
129.0 130.0
130.0 130.0
131.0 131.0
119.0 131.0
0.0 132.0
0.0 132.0
0.0 132.0
131.0 133.0
132.0 133.0
145.0 133.0
132.0 133.0
136.0 134.0
130.0 134.0
137.0 135.0
129.0 135.0
108.0 135.0
133.0 136.0
0.0 136.0
0.0 139.0
0.0 139.0
117.0 140.0
140.0 140.0
140.0 141.0
137.0 142.0
0.0 142.0
0.0 143.0
136.0 143.0
0.0 144.0
0.0 146.0
119.0 147.0
147.0 150.0
0.0 153.0
151.0 160.0
0.0 168.0
0.0 255.0
