107.0 0.0
137.0 0.0
255.0 70.0
255.0 70.0
89.0 74.0
255.0 79.0
78.0 81.0
100.0 84.0
84.0 84.0
99.0 84.0
97.0 85.0
103.0 89.0
105.0 90.0
255.0 92.0
95.0 93.0
100.0 95.0
107.0 96.0
99.0 98.0
105.0 98.0
102.0 99.0
103.0 100.0
87.0 100.0
113.0 101.0
255.0 102.0
107.0 104.0
108.0 104.0
110.0 104.0
103.0 105.0
110.0 105.0
104.0 105.0
255.0 106.0
109.0 106.0
114.0 106.0
109.0 107.0
108.0 107.0
106.0 107.0
106.0 107.0
87.0 107.0
109.0 108.0
255.0 108.0
109.0 108.0
115.0 109.0
110.0 109.0
133.0 109.0
113.0 110.0
117.0 111.0
110.0 112.0
112.0 112.0
110.0 113.0
116.0 115.0
116.0 116.0
100.0 119.0
122.0 120.0
119.0 120.0
121.0 121.0
121.0 122.0
118.0 122.0
107.0 123.0
125.0 124.0
122.0 124.0
127.0 130.0
141.0 130.0
152.0 131.0
124.0 132.0
131.0 133.0
88.0 133.0
142.0 135.0
144.0 136.0
134.0 136.0
0.0 137.0
129.0 137.0
137.0 137.0
141.0 143.0
136.0 145.0
164.0 150.0
255.0 174.0
168.0 199.0
187.0 207.0
123.0 255.0
105.0 255.0
0.0 255.0
98.0 255.0
103.0 255.0
70.0 255.0
77.0 255.0
57.0 255.0
