135.0 0.0
131.0 0.0
132.0 0.0
155.0 0.0
139.0 0.0
144.0 0.0
0.0 0.0
134.0 0.0
140.0 0.0
97.0 0.0
138.0 0.0
100.0 52.0
255.0 57.0
70.0 62.0
255.0 63.0
108.0 71.0
137.0 73.0
59.0 78.0
68.0 82.0
149.0 82.0
152.0 83.0
90.0 86.0
112.0 94.0
85.0 95.0
110.0 96.0
113.0 98.0
99.0 100.0
103.0 103.0
115.0 103.0
111.0 104.0
102.0 104.0
110.0 105.0
112.0 105.0
109.0 109.0
106.0 109.0
0.0 110.0
110.0 110.0
120.0 114.0
119.0 114.0
140.0 115.0
119.0 117.0
110.0 118.0
101.0 122.0
111.0 123.0
0.0 124.0
128.0 125.0
150.0 125.0
0.0 126.0
135.0 127.0
120.0 128.0
124.0 128.0
0.0 129.0
0.0 130.0
0.0 130.0
149.0 136.0
132.0 139.0
0.0 139.0
0.0 142.0
151.0 143.0
136.0 143.0
0.0 144.0
0.0 146.0
0.0 147.0
0.0 149.0
135.0 151.0
0.0 168.0
164.0 171.0
159.0 190.0
