128.0 0.0
125.0 0.0
118.0 0.0
125.0 0.0
141.0 0.0
114.0 0.0
114.0 0.0
99.0 0.0
122.0 0.0
255.0 0.0
80.0 58.0
68.0 66.0
142.0 74.0
94.0 76.0
79.0 78.0
81.0 78.0
90.0 82.0
101.0 83.0
255.0 85.0
98.0 86.0
92.0 87.0
87.0 88.0
95.0 91.0
103.0 92.0
96.0 93.0
106.0 94.0
101.0 95.0
113.0 96.0
127.0 97.0
99.0 97.0
97.0 98.0
106.0 99.0
0.0 100.0
102.0 100.0
103.0 103.0
103.0 103.0
91.0 103.0
103.0 103.0
100.0 103.0
107.0 104.0
109.0 106.0
108.0 107.0
110.0 108.0
106.0 108.0
114.0 109.0
111.0 109.0
110.0 109.0
133.0 109.0
106.0 110.0
109.0 111.0
119.0 111.0
114.0 112.0
108.0 114.0
116.0 115.0
121.0 116.0
127.0 117.0
93.0 117.0
92.0 118.0
68.0 120.0
108.0 121.0
123.0 122.0
126.0 124.0
125.0 124.0
145.0 143.0
104.0 145.0
