158.0 0.0
160.0 0.0
212.0 0.0
161.0 0.0
158.0 0.0
157.0 0.0
154.0 0.0
171.0 0.0
191.0 0.0
77.0 0.0
167.0 0.0
153.0 0.0
146.0 0.0
166.0 0.0
98.0 93.0
99.0 95.0
109.0 105.0
121.0 105.0
144.0 120.0
126.0 120.0
111.0 126.0
126.0 126.0
115.0 128.0
128.0 130.0
255.0 130.0
147.0 131.0
131.0 131.0
144.0 132.0
132.0 133.0
135.0 134.0
134.0 134.0
137.0 135.0
161.0 135.0
137.0 136.0
136.0 137.0
133.0 137.0
151.0 138.0
152.0 139.0
141.0 139.0
139.0 139.0
152.0 140.0
146.0 141.0
150.0 141.0
0.0 141.0
144.0 141.0
0.0 142.0
183.0 142.0
142.0 144.0
146.0 144.0
153.0 146.0
151.0 146.0
155.0 147.0
151.0 147.0
255.0 148.0
151.0 149.0
148.0 149.0
150.0 149.0
149.0 150.0
152.0 150.0
144.0 151.0
255.0 151.0
153.0 151.0
155.0 151.0
0.0 151.0
0.0 151.0
149.0 152.0
155.0 152.0
168.0 152.0
149.0 153.0
159.0 154.0
151.0 154.0
153.0 154.0
156.0 154.0
153.0 154.0
155.0 155.0
155.0 155.0
154.0 156.0
157.0 157.0
255.0 157.0
156.0 157.0
0.0 158.0
158.0 158.0
0.0 158.0
166.0 158.0
172.0 159.0
159.0 159.0
160.0 159.0
162.0 159.0
161.0 159.0
159.0 160.0
158.0 160.0
159.0 160.0
158.0 160.0
160.0 161.0
160.0 161.0
0.0 162.0
161.0 162.0
159.0 162.0
161.0 165.0
167.0 165.0
167.0 165.0
162.0 167.0
173.0 168.0
172.0 168.0
168.0 169.0
170.0 169.0
0.0 171.0
0.0 173.0
189.0 183.0
184.0 194.0
0.0 195.0
0.0 195.0
204.0 198.0
200.0 200.0
0.0 202.0
155.0 255.0
112.0 255.0
