255.0 0.0
82.0 58.0
84.0 58.0
103.0 79.0
86.0 85.0
91.0 88.0
76.0 88.0
97.0 93.0
105.0 104.0
106.0 105.0
105.0 105.0
106.0 105.0
103.0 105.0
112.0 105.0
104.0 106.0
107.0 106.0
107.0 106.0
106.0 106.0
255.0 107.0
106.0 107.0
107.0 107.0
104.0 107.0
107.0 108.0
107.0 108.0
255.0 108.0
106.0 108.0
111.0 108.0
109.0 109.0
108.0 109.0
108.0 111.0
107.0 111.0
112.0 111.0
112.0 112.0
115.0 112.0
107.0 112.0
111.0 112.0
112.0 113.0
99.0 114.0
0.0 116.0
115.0 117.0
102.0 117.0
118.0 117.0
0.0 120.0
122.0 123.0
0.0 128.0
99.0 255.0
