0.0 53.0
97.0 87.0
126.0 89.0
97.0 90.0
105.0 101.0
255.0 104.0
125.0 106.0
255.0 106.0
106.0 107.0
255.0 108.0
255.0 115.0
122.0 121.0
99.0 123.0
123.0 124.0
130.0 128.0
129.0 129.0
133.0 130.0
134.0 133.0
187.0 136.0
149.0 137.0
141.0 141.0
152.0 145.0
145.0 147.0
151.0 151.0
157.0 152.0
152.0 154.0
255.0 158.0
125.0 160.0
161.0 161.0
170.0 166.0
183.0 176.0
190.0 180.0
0.0 184.0
174.0 189.0
208.0 199.0
196.0 203.0
200.0 206.0
131.0 255.0
133.0 255.0
141.0 255.0
116.0 255.0
118.0 255.0
112.0 255.0
