255.0 0.0
108.0 0.0
104.0 0.0
134.0 0.0
91.0 0.0
115.0 0.0
99.0 0.0
90.0 0.0
96.0 0.0
75.0 0.0
102.0 0.0
101.0 0.0
98.0 0.0
46.0 46.0
55.0 50.0
0.0 50.0
57.0 53.0
73.0 56.0
67.0 57.0
70.0 58.0
56.0 58.0
0.0 58.0
60.0 59.0
255.0 60.0
0.0 61.0
69.0 63.0
69.0 65.0
71.0 65.0
66.0 66.0
67.0 68.0
0.0 69.0
60.0 71.0
75.0 72.0
53.0 72.0
73.0 76.0
55.0 77.0
78.0 77.0
90.0 80.0
87.0 81.0
255.0 88.0
86.0 89.0
90.0 91.0
93.0 92.0
61.0 92.0
84.0 93.0
95.0 94.0
94.0 95.0
105.0 97.0
128.0 97.0
110.0 98.0
97.0 99.0
107.0 102.0
105.0 103.0
108.0 103.0
99.0 103.0
109.0 106.0
0.0 106.0
116.0 107.0
107.0 109.0
88.0 111.0
109.0 113.0
92.0 113.0
117.0 115.0
0.0 133.0
