97.0 90.0
101.0 93.0
103.0 101.0
89.0 101.0
102.0 103.0
106.0 104.0
105.0 104.0
110.0 106.0
255.0 106.0
108.0 106.0
101.0 106.0
100.0 107.0
107.0 109.0
119.0 109.0
110.0 109.0
108.0 109.0
110.0 110.0
157.0 115.0
255.0 115.0
255.0 116.0
133.0 116.0
112.0 117.0
255.0 119.0
121.0 120.0
122.0 120.0
123.0 121.0
122.0 122.0
119.0 122.0
130.0 124.0
126.0 125.0
125.0 126.0
255.0 126.0
129.0 127.0
129.0 128.0
0.0 129.0
146.0 129.0
142.0 129.0
131.0 129.0
255.0 129.0
128.0 131.0
131.0 132.0
136.0 132.0
134.0 133.0
255.0 134.0
132.0 134.0
138.0 135.0
137.0 135.0
134.0 136.0
138.0 137.0
139.0 137.0
255.0 137.0
151.0 138.0
138.0 140.0
0.0 141.0
141.0 142.0
137.0 142.0
142.0 142.0
141.0 143.0
145.0 143.0
147.0 144.0
145.0 145.0
134.0 145.0
143.0 145.0
139.0 145.0
144.0 145.0
160.0 147.0
150.0 147.0
144.0 147.0
147.0 147.0
147.0 147.0
145.0 149.0
141.0 149.0
152.0 149.0
142.0 150.0
134.0 150.0
137.0 150.0
151.0 151.0
141.0 151.0
144.0 151.0
152.0 151.0
155.0 151.0
152.0 151.0
153.0 151.0
150.0 151.0
151.0 154.0
157.0 154.0
147.0 154.0
107.0 155.0
156.0 156.0
152.0 156.0
157.0 156.0
162.0 157.0
156.0 158.0
255.0 158.0
156.0 161.0
160.0 163.0
154.0 168.0
173.0 169.0
139.0 169.0
133.0 170.0
166.0 171.0
179.0 176.0
173.0 178.0
183.0 181.0
189.0 193.0
195.0 197.0
183.0 198.0
196.0 203.0
135.0 255.0
255.0 255.0
255.0 255.0
133.0 255.0
255.0 255.0
135.0 255.0
141.0 255.0
124.0 255.0
127.0 255.0
255.0 255.0
125.0 255.0
116.0 255.0
126.0 255.0
148.0 255.0
106.0 255.0
97.0 255.0
136.0 255.0
80.0 255.0
127.0 255.0
91.0 255.0
107.0 255.0
118.0 255.0
255.0 255.0
159.0 255.0
104.0 255.0
138.0 255.0
142.0 255.0
98.0 255.0
150.0 255.0
174.0 255.0
91.0 255.0
129.0 255.0
66.0 255.0
117.0 255.0
95.0 255.0
135.0 255.0
127.0 255.0
125.0 255.0
