255.0 0.0
143.0 0.0
63.0 60.0
107.0 89.0
255.0 95.0
96.0 96.0
106.0 99.0
107.0 99.0
255.0 107.0
120.0 108.0
255.0 108.0
106.0 108.0
255.0 109.0
117.0 109.0
132.0 110.0
111.0 110.0
110.0 113.0
137.0 113.0
118.0 113.0
131.0 114.0
118.0 115.0
122.0 115.0
116.0 116.0
57.0 116.0
122.0 118.0
119.0 118.0
124.0 119.0
117.0 121.0
119.0 121.0
122.0 121.0
119.0 123.0
126.0 123.0
120.0 123.0
120.0 123.0
123.0 123.0
120.0 123.0
125.0 124.0
130.0 125.0
127.0 126.0
126.0 127.0
145.0 128.0
124.0 128.0
133.0 130.0
255.0 130.0
139.0 130.0
133.0 131.0
164.0 131.0
134.0 132.0
133.0 132.0
129.0 132.0
108.0 133.0
135.0 133.0
133.0 134.0
147.0 134.0
131.0 135.0
127.0 135.0
135.0 136.0
123.0 138.0
139.0 138.0
144.0 139.0
140.0 139.0
139.0 139.0
255.0 140.0
150.0 140.0
136.0 140.0
142.0 140.0
139.0 141.0
148.0 142.0
137.0 142.0
151.0 144.0
152.0 145.0
148.0 145.0
138.0 146.0
144.0 146.0
143.0 147.0
147.0 149.0
149.0 156.0
0.0 159.0
0.0 255.0
125.0 255.0
0.0 255.0
