77.0 0.0
146.0 0.0
163.0 0.0
176.0 0.0
109.0 102.0
133.0 102.0
106.0 104.0
108.0 106.0
101.0 107.0
0.0 112.0
143.0 113.0
133.0 116.0
255.0 119.0
134.0 119.0
117.0 121.0
123.0 121.0
132.0 123.0
134.0 128.0
132.0 130.0
129.0 130.0
132.0 131.0
135.0 131.0
136.0 134.0
132.0 134.0
119.0 134.0
141.0 134.0
138.0 137.0
138.0 139.0
140.0 140.0
141.0 142.0
134.0 142.0
137.0 142.0
143.0 142.0
0.0 143.0
146.0 143.0
141.0 143.0
147.0 144.0
145.0 145.0
134.0 145.0
139.0 145.0
142.0 146.0
141.0 147.0
0.0 148.0
147.0 149.0
144.0 151.0
151.0 151.0
153.0 153.0
157.0 154.0
0.0 154.0
153.0 155.0
107.0 155.0
155.0 255.0
0.0 255.0
0.0 255.0
128.0 255.0
106.0 255.0
133.0 255.0
