54.51360230101294 56.54511672345013
62.414538935328956 59.73682744456842
60.19821528587796 60.40469478830523
76.95386193612892 60.74514246441436
61.47504510059999 61.13060163682878
66.84245017731261 63.88724464281016
62.73386891732988 65.86977944207047
68.5106239380234 69.37574651173996
70.00791566767026 69.43383018980686
61.352342906506394 70.98178710517169
76.0466199122035 77.16946879670947
88.13278505613192 80.38511609339415
110.11820817996069 83.5329986366561
89.73346965133719 87.66004536028744
94.83748799574492 92.34161384944332
86.88984582613145 92.91294637422473
70.68177627067756 93.5895093288689
111.26446739667495 99.18482307629091
74.920422462677 101.24839437204007
102.358326208657 103.84439427769632
107.88319829604055 107.72568750178586
120.70760217736667 108.88336581086597
111.65538717003692 108.97135623541925
111.39286186573436 109.80450005988754
126.72624074781255 112.02401338846859
99.34874666482015 112.61889073201742
73.73687367850879 117.3864121161819
109.45226874148047 117.5550343647157
128.8551817417511 120.74595537766842
121.43923829926261 122.0676733803899
123.16802935557244 123.91044835075702
132.2991503382379 131.35447830383723
133.03211635717258 131.9183430701526
136.3014761606021 135.92816723013735
143.7575053471026 136.34968326824253
142.35852050158366 141.36569402779065
129.0469606901116 142.4321693691142
145.92959883758806 145.58273928389343
165.83601691380318 146.85481645491615
151.40524835954454 148.91407469926932
155.02930219488857 155.12979179898605
145.85906672937537 155.15555762807176
153.31681312830946 155.18578775399433
158.6767866756372 157.89418237995858
144.32733089035386 158.54036439422288
139.9966884198776 159.09744414171314
155.84770582147587 163.35695159536283
162.5719938834134 164.63944149562462
165.56349109130295 165.3637439319663
168.80947388762783 167.24462811755242
173.61619369288834 171.26353079853806
124.89420498668878 171.33347432834822
181.75647425382928 177.15861812404538
181.1303324851334 179.37514180236388
186.40939915181067 182.72593414180545
185.01544920935692 185.09134874552862
189.56082337861787 186.9886013302599
195.56171167290336 194.39511879229056
199.61793606462263 199.2676313373937
201.617410365441 199.2826177141489
197.97762551640886 202.98186678789028
205.0240213859435 204.31758437367327
206.6601922351385 204.8408443116112
213.39686871291738 210.58055159445362
