192.0 0.0
151.0 0.0
192.0 0.0
212.0 0.0
59.0 64.0
103.0 102.0
140.0 108.0
191.0 126.0
144.0 127.0
131.0 128.0
135.0 130.0
255.0 130.0
132.0 131.0
255.0 131.0
131.0 136.0
139.0 136.0
255.0 136.0
142.0 137.0
141.0 138.0
255.0 142.0
144.0 142.0
138.0 142.0
255.0 142.0
255.0 143.0
145.0 143.0
255.0 144.0
255.0 144.0
149.0 145.0
147.0 145.0
148.0 145.0
255.0 146.0
153.0 146.0
149.0 147.0
176.0 148.0
145.0 148.0
153.0 149.0
147.0 149.0
255.0 150.0
149.0 150.0
157.0 151.0
150.0 151.0
149.0 151.0
153.0 151.0
149.0 151.0
255.0 152.0
154.0 152.0
155.0 152.0
161.0 152.0
116.0 152.0
151.0 152.0
153.0 152.0
255.0 153.0
152.0 154.0
154.0 154.0
154.0 154.0
255.0 154.0
161.0 155.0
184.0 155.0
153.0 155.0
156.0 156.0
154.0 156.0
156.0 156.0
255.0 156.0
154.0 156.0
159.0 157.0
163.0 157.0
152.0 157.0
160.0 157.0
157.0 157.0
186.0 157.0
155.0 157.0
255.0 158.0
162.0 158.0
156.0 158.0
255.0 158.0
166.0 158.0
160.0 159.0
159.0 159.0
159.0 159.0
160.0 159.0
161.0 159.0
156.0 160.0
160.0 160.0
162.0 160.0
166.0 160.0
164.0 161.0
160.0 161.0
160.0 161.0
162.0 161.0
255.0 161.0
154.0 161.0
160.0 161.0
164.0 161.0
152.0 162.0
164.0 163.0
255.0 163.0
161.0 163.0
255.0 163.0
158.0 163.0
153.0 164.0
138.0 164.0
122.0 165.0
165.0 165.0
164.0 165.0
178.0 165.0
176.0 166.0
163.0 167.0
163.0 167.0
167.0 167.0
159.0 167.0
172.0 168.0
179.0 168.0
166.0 168.0
255.0 168.0
255.0 168.0
173.0 169.0
168.0 169.0
161.0 169.0
160.0 169.0
171.0 169.0
164.0 169.0
163.0 170.0
175.0 170.0
170.0 171.0
255.0 171.0
198.0 171.0
166.0 171.0
170.0 172.0
0.0 172.0
174.0 173.0
171.0 173.0
171.0 173.0
187.0 173.0
170.0 174.0
164.0 174.0
171.0 174.0
171.0 175.0
174.0 176.0
181.0 176.0
169.0 176.0
255.0 177.0
177.0 177.0
178.0 180.0
178.0 182.0
193.0 182.0
159.0 182.0
178.0 183.0
190.0 183.0
182.0 183.0
184.0 184.0
180.0 185.0
189.0 185.0
161.0 185.0
176.0 186.0
184.0 186.0
185.0 187.0
255.0 188.0
0.0 190.0
174.0 190.0
195.0 194.0
190.0 194.0
195.0 197.0
0.0 198.0
204.0 198.0
200.0 198.0
202.0 199.0
190.0 199.0
199.0 200.0
212.0 201.0
202.0 205.0
206.0 205.0
205.0 212.0
217.0 214.0
211.0 214.0
160.0 255.0
140.0 255.0
131.0 255.0
138.0 255.0
151.0 255.0
143.0 255.0
181.0 255.0
157.0 255.0
152.0 255.0
160.0 255.0
151.0 255.0
255.0 255.0
255.0 255.0
255.0 255.0
149.0 255.0
169.0 255.0
154.0 255.0
138.0 255.0
151.0 255.0
148.0 255.0
255.0 255.0
140.0 255.0
142.0 255.0
142.0 255.0
145.0 255.0
132.0 255.0
163.0 255.0
149.0 255.0
137.0 255.0
161.0 255.0
