0.0 0.0
112.0 111.0
255.0 114.0
255.0 115.0
126.0 123.0
116.0 124.0
136.0 127.0
255.0 129.0
133.0 130.0
131.0 131.0
133.0 131.0
255.0 132.0
131.0 132.0
134.0 132.0
255.0 133.0
136.0 134.0
134.0 134.0
134.0 134.0
138.0 134.0
255.0 136.0
135.0 137.0
142.0 137.0
255.0 139.0
139.0 139.0
153.0 141.0
139.0 143.0
145.0 143.0
255.0 144.0
143.0 144.0
142.0 144.0
255.0 145.0
147.0 145.0
143.0 145.0
145.0 145.0
255.0 146.0
255.0 146.0
141.0 147.0
149.0 147.0
146.0 148.0
145.0 148.0
151.0 149.0
255.0 150.0
152.0 151.0
152.0 151.0
152.0 152.0
150.0 152.0
152.0 152.0
147.0 152.0
151.0 152.0
157.0 152.0
146.0 153.0
152.0 154.0
154.0 154.0
139.0 154.0
149.0 154.0
149.0 155.0
154.0 155.0
154.0 156.0
154.0 156.0
151.0 156.0
152.0 157.0
160.0 157.0
156.0 157.0
255.0 158.0
160.0 160.0
160.0 161.0
150.0 161.0
161.0 163.0
153.0 164.0
159.0 167.0
171.0 168.0
172.0 168.0
160.0 169.0
162.0 170.0
162.0 179.0
182.0 183.0
184.0 184.0
185.0 184.0
161.0 185.0
195.0 197.0
190.0 199.0
131.0 255.0
131.0 255.0
138.0 255.0
154.0 255.0
139.0 255.0
156.0 255.0
152.0 255.0
112.0 255.0
138.0 255.0
150.0 255.0
142.0 255.0
132.0 255.0
142.0 255.0
