120.0 0.0
131.0 0.0
60.0 59.0
63.0 62.0
255.0 62.0
103.0 89.0
255.0 91.0
255.0 94.0
96.0 96.0
114.0 97.0
158.0 97.0
97.0 98.0
255.0 98.0
107.0 101.0
112.0 101.0
101.0 102.0
104.0 103.0
107.0 105.0
0.0 106.0
107.0 106.0
120.0 106.0
255.0 107.0
114.0 108.0
109.0 108.0
255.0 108.0
114.0 109.0
106.0 109.0
112.0 110.0
110.0 112.0
114.0 113.0
114.0 115.0
121.0 115.0
133.0 115.0
116.0 118.0
116.0 119.0
118.0 119.0
129.0 119.0
116.0 119.0
123.0 120.0
102.0 122.0
170.0 122.0
128.0 127.0
129.0 131.0
132.0 132.0
145.0 138.0
0.0 139.0
125.0 141.0
146.0 142.0
150.0 150.0
153.0 157.0
0.0 159.0
209.0 171.0
107.0 255.0
255.0 255.0
