63.0 60.0
170.0 115.0
255.0 119.0
255.0 140.0
168.0 142.0
255.0 143.0
255.0 144.0
143.0 144.0
255.0 145.0
255.0 145.0
255.0 150.0
156.0 150.0
168.0 152.0
152.0 153.0
153.0 153.0
180.0 153.0
153.0 154.0
158.0 155.0
156.0 155.0
156.0 155.0
255.0 156.0
154.0 156.0
162.0 156.0
255.0 157.0
255.0 157.0
158.0 158.0
160.0 158.0
157.0 159.0
158.0 159.0
161.0 160.0
160.0 160.0
162.0 161.0
159.0 161.0
165.0 161.0
161.0 162.0
162.0 162.0
162.0 162.0
164.0 162.0
255.0 162.0
163.0 163.0
165.0 163.0
164.0 163.0
165.0 163.0
167.0 164.0
165.0 164.0
163.0 165.0
171.0 165.0
142.0 165.0
166.0 165.0
167.0 166.0
169.0 166.0
153.0 166.0
167.0 166.0
168.0 166.0
166.0 167.0
171.0 167.0
168.0 168.0
170.0 168.0
162.0 168.0
255.0 169.0
157.0 169.0
170.0 169.0
172.0 169.0
170.0 170.0
169.0 170.0
179.0 170.0
173.0 170.0
171.0 170.0
171.0 170.0
171.0 171.0
172.0 171.0
146.0 171.0
174.0 171.0
170.0 171.0
172.0 171.0
171.0 171.0
178.0 172.0
175.0 172.0
172.0 172.0
182.0 173.0
177.0 174.0
175.0 174.0
169.0 174.0
183.0 175.0
175.0 175.0
177.0 175.0
255.0 176.0
177.0 177.0
177.0 177.0
177.0 178.0
178.0 178.0
178.0 178.0
180.0 179.0
182.0 180.0
178.0 180.0
255.0 181.0
177.0 182.0
176.0 183.0
255.0 183.0
184.0 183.0
185.0 186.0
191.0 188.0
181.0 190.0
200.0 190.0
198.0 190.0
190.0 191.0
255.0 191.0
255.0 191.0
188.0 191.0
198.0 191.0
0.0 192.0
191.0 196.0
191.0 197.0
201.0 199.0
197.0 199.0
199.0 199.0
198.0 200.0
198.0 202.0
204.0 203.0
206.0 204.0
204.0 204.0
189.0 206.0
207.0 208.0
212.0 212.0
207.0 218.0
154.0 255.0
160.0 255.0
186.0 255.0
169.0 255.0
162.0 255.0
158.0 255.0
0.0 255.0
148.0 255.0
148.0 255.0
163.0 255.0
145.0 255.0
149.0 255.0
255.0 255.0
170.0 255.0
165.0 255.0
171.0 255.0
167.0 255.0
