98.0 93.0
116.0 124.0
255.0 129.0
126.0 129.0
133.0 130.0
255.0 133.0
134.0 134.0
138.0 134.0
135.0 137.0
136.0 138.0
139.0 139.0
153.0 141.0
144.0 141.0
136.0 142.0
145.0 143.0
141.0 143.0
142.0 144.0
142.0 144.0
148.0 145.0
144.0 145.0
145.0 148.0
139.0 149.0
151.0 149.0
152.0 151.0
152.0 151.0
152.0 151.0
116.0 152.0
150.0 152.0
152.0 152.0
151.0 152.0
157.0 152.0
151.0 153.0
152.0 154.0
154.0 154.0
139.0 154.0
149.0 154.0
154.0 155.0
151.0 156.0
156.0 158.0
255.0 158.0
150.0 161.0
162.0 162.0
163.0 167.0
154.0 168.0
173.0 169.0
160.0 169.0
162.0 170.0
166.0 171.0
183.0 181.0
182.0 183.0
0.0 198.0
255.0 255.0
131.0 255.0
154.0 255.0
150.0 255.0
140.0 255.0
142.0 255.0
