255.0 0.0
84.0 0.0
53.0 53.0
52.0 53.0
255.0 56.0
89.0 58.0
66.0 59.0
255.0 61.0
61.0 61.0
61.0 61.0
58.0 64.0
78.0 64.0
61.0 65.0
255.0 65.0
62.0 66.0
255.0 66.0
255.0 66.0
255.0 69.0
255.0 71.0
0.0 73.0
81.0 75.0
67.0 76.0
113.0 76.0
110.0 78.0
90.0 80.0
59.0 80.0
88.0 82.0
83.0 83.0
255.0 83.0
75.0 84.0
255.0 85.0
94.0 88.0
69.0 88.0
0.0 90.0
98.0 90.0
75.0 91.0
71.0 93.0
255.0 96.0
96.0 96.0
119.0 97.0
95.0 98.0
104.0 98.0
105.0 100.0
100.0 101.0
103.0 101.0
86.0 101.0
255.0 102.0
103.0 102.0
100.0 103.0
84.0 103.0
105.0 103.0
96.0 103.0
103.0 104.0
99.0 105.0
102.0 106.0
91.0 106.0
107.0 107.0
92.0 107.0
95.0 109.0
94.0 109.0
93.0 109.0
59.0 109.0
116.0 110.0
135.0 110.0
91.0 111.0
110.0 112.0
113.0 113.0
106.0 113.0
110.0 117.0
255.0 117.0
109.0 119.0
121.0 119.0
96.0 119.0
121.0 120.0
94.0 120.0
100.0 121.0
255.0 124.0
111.0 124.0
112.0 124.0
90.0 124.0
133.0 126.0
83.0 128.0
124.0 129.0
86.0 130.0
128.0 131.0
123.0 131.0
133.0 132.0
129.0 132.0
113.0 133.0
0.0 134.0
82.0 136.0
63.0 137.0
123.0 137.0
123.0 139.0
107.0 139.0
107.0 139.0
139.0 140.0
124.0 142.0
101.0 142.0
49.0 147.0
142.0 147.0
147.0 149.0
146.0 156.0
103.0 161.0
132.0 163.0
180.0 164.0
85.0 166.0
0.0 179.0
138.0 185.0
0.0 255.0
66.0 255.0
68.0 255.0
91.0 255.0
98.0 255.0
255.0 255.0
60.0 255.0
100.0 255.0
63.0 255.0
94.0 255.0
83.0 255.0
69.0 255.0
51.0 255.0
51.0 255.0
132.0 255.0
0.0 255.0
67.0 255.0
66.0 255.0
80.0 255.0
98.0 255.0
86.0 255.0
