178.0 0.0
175.0 0.0
173.0 0.0
255.0 0.0
172.0 0.0
255.0 0.0
101.0 99.0
140.0 108.0
114.0 115.0
149.0 131.0
150.0 134.0
127.0 134.0
145.0 136.0
150.0 138.0
139.0 138.0
144.0 139.0
136.0 139.0
141.0 141.0
143.0 142.0
141.0 142.0
146.0 142.0
150.0 143.0
142.0 143.0
150.0 144.0
152.0 144.0
143.0 144.0
145.0 144.0
143.0 146.0
147.0 146.0
144.0 146.0
152.0 147.0
143.0 147.0
150.0 147.0
151.0 147.0
148.0 148.0
151.0 148.0
149.0 149.0
151.0 150.0
151.0 151.0
151.0 151.0
178.0 152.0
153.0 153.0
150.0 153.0
153.0 154.0
159.0 154.0
156.0 155.0
151.0 159.0
162.0 160.0
162.0 161.0
164.0 161.0
163.0 162.0
162.0 163.0
164.0 164.0
160.0 164.0
174.0 165.0
164.0 167.0
160.0 168.0
181.0 176.0
134.0 255.0
