57.0 0.0
62.0 0.0
50.0 0.0
84.0 0.0
0.0 0.0
68.0 0.0
64.0 0.0
51.0 0.0
76.0 0.0
44.0 42.0
0.0 46.0
47.0 48.0
50.0 48.0
67.0 51.0
58.0 52.0
48.0 53.0
56.0 53.0
52.0 54.0
45.0 54.0
63.0 56.0
67.0 56.0
60.0 56.0
85.0 58.0
56.0 58.0
55.0 59.0
0.0 60.0
59.0 60.0
64.0 61.0
57.0 61.0
66.0 63.0
86.0 64.0
69.0 65.0
60.0 66.0
69.0 67.0
91.0 73.0
94.0 76.0
83.0 80.0
62.0 83.0
68.0 86.0
66.0 87.0
108.0 87.0
94.0 93.0
89.0 96.0
98.0 99.0
108.0 107.0
113.0 110.0
82.0 117.0
136.0 135.0
