134.0 0.0
90.0 0.0
96.0 0.0
75.0 0.0
101.0 0.0
98.0 0.0
255.0 52.0
57.0 53.0
69.0 63.0
69.0 65.0
255.0 65.0
71.0 65.0
67.0 68.0
255.0 70.0
255.0 70.0
60.0 71.0
53.0 72.0
73.0 76.0
78.0 77.0
87.0 81.0
92.0 84.0
83.0 85.0
255.0 88.0
86.0 89.0
105.0 90.0
93.0 92.0
61.0 92.0
84.0 93.0
84.0 93.0
95.0 94.0
78.0 95.0
105.0 97.0
128.0 97.0
110.0 98.0
97.0 99.0
102.0 99.0
104.0 102.0
105.0 103.0
99.0 103.0
107.0 104.0
92.0 113.0
115.0 116.0
136.0 145.0
65.0 255.0
