124.0 0.0
120.0 0.0
125.0 0.0
132.0 0.0
118.0 0.0
131.0 0.0
125.0 0.0
141.0 0.0
255.0 0.0
123.0 0.0
111.0 0.0
95.0 0.0
139.0 0.0
129.0 0.0
114.0 0.0
114.0 0.0
99.0 0.0
255.0 0.0
100.0 52.0
60.0 59.0
93.0 59.0
60.0 59.0
76.0 60.0
61.0 61.0
255.0 62.0
68.0 66.0
90.0 71.0
94.0 76.0
79.0 78.0
123.0 79.0
78.0 81.0
90.0 82.0
101.0 83.0
94.0 84.0
255.0 85.0
98.0 86.0
102.0 86.0
255.0 86.0
105.0 88.0
95.0 91.0
168.0 91.0
92.0 91.0
255.0 91.0
103.0 92.0
96.0 93.0
95.0 93.0
255.0 93.0
255.0 94.0
101.0 95.0
96.0 96.0
113.0 96.0
114.0 96.0
100.0 96.0
127.0 97.0
158.0 97.0
97.0 98.0
255.0 98.0
95.0 99.0
106.0 99.0
91.0 101.0
107.0 101.0
112.0 101.0
135.0 101.0
101.0 102.0
104.0 103.0
103.0 103.0
110.0 103.0
115.0 103.0
91.0 103.0
92.0 104.0
110.0 105.0
107.0 105.0
104.0 105.0
113.0 105.0
112.0 105.0
0.0 106.0
112.0 106.0
107.0 106.0
109.0 106.0
115.0 106.0
119.0 106.0
132.0 106.0
107.0 106.0
255.0 107.0
108.0 107.0
116.0 107.0
109.0 108.0
114.0 108.0
115.0 108.0
109.0 108.0
255.0 108.0
120.0 109.0
114.0 109.0
114.0 109.0
106.0 109.0
111.0 109.0
110.0 109.0
255.0 109.0
133.0 109.0
112.0 110.0
113.0 110.0
105.0 110.0
126.0 110.0
110.0 111.0
91.0 111.0
109.0 111.0
118.0 111.0
111.0 112.0
112.0 112.0
114.0 113.0
118.0 113.0
0.0 113.0
121.0 115.0
116.0 115.0
121.0 116.0
127.0 117.0
119.0 117.0
93.0 117.0
122.0 119.0
116.0 119.0
129.0 119.0
116.0 119.0
126.0 120.0
123.0 120.0
68.0 120.0
108.0 121.0
157.0 121.0
125.0 121.0
123.0 122.0
102.0 122.0
170.0 122.0
255.0 123.0
125.0 124.0
124.0 126.0
137.0 127.0
128.0 127.0
129.0 127.0
0.0 129.0
129.0 129.0
0.0 130.0
132.0 130.0
0.0 130.0
131.0 130.0
0.0 130.0
152.0 131.0
129.0 131.0
132.0 132.0
0.0 133.0
132.0 133.0
130.0 134.0
135.0 135.0
134.0 136.0
135.0 138.0
0.0 139.0
132.0 139.0
140.0 141.0
125.0 141.0
146.0 142.0
144.0 145.0
104.0 145.0
139.0 147.0
147.0 148.0
148.0 150.0
151.0 150.0
150.0 150.0
150.0 151.0
160.0 156.0
153.0 157.0
0.0 159.0
209.0 171.0
107.0 255.0
255.0 255.0
66.0 255.0
