109.0 0.0
131.0 0.0
155.0 0.0
146.0 0.0
163.0 0.0
176.0 0.0
145.0 0.0
133.0 102.0
108.0 106.0
104.0 106.0
101.0 107.0
137.0 112.0
111.0 112.0
143.0 113.0
120.0 114.0
134.0 119.0
115.0 120.0
122.0 121.0
117.0 121.0
126.0 122.0
127.0 126.0
127.0 128.0
132.0 128.0
134.0 128.0
126.0 129.0
129.0 130.0
133.0 130.0
133.0 130.0
132.0 131.0
135.0 131.0
130.0 131.0
135.0 131.0
0.0 132.0
134.0 132.0
130.0 132.0
126.0 132.0
139.0 132.0
135.0 133.0
136.0 134.0
135.0 137.0
136.0 137.0
137.0 137.0
138.0 137.0
138.0 139.0
141.0 140.0
140.0 140.0
134.0 141.0
140.0 141.0
139.0 142.0
134.0 142.0
143.0 142.0
146.0 143.0
141.0 143.0
139.0 143.0
147.0 144.0
0.0 146.0
142.0 146.0
0.0 148.0
145.0 148.0
147.0 148.0
147.0 149.0
151.0 151.0
0.0 154.0
152.0 155.0
0.0 155.0
156.0 155.0
152.0 157.0
0.0 158.0
133.0 255.0
