177.0 0.0
191.0 0.0
68.0 64.0
255.0 130.0
128.0 132.0
255.0 133.0
131.0 136.0
137.0 136.0
137.0 136.0
152.0 139.0
183.0 142.0
142.0 145.0
149.0 145.0
136.0 146.0
151.0 146.0
255.0 148.0
151.0 149.0
148.0 149.0
255.0 151.0
155.0 152.0
160.0 156.0
255.0 157.0
158.0 158.0
166.0 158.0
172.0 159.0
159.0 159.0
161.0 159.0
158.0 160.0
159.0 160.0
160.0 161.0
161.0 162.0
159.0 162.0
164.0 164.0
161.0 165.0
162.0 167.0
170.0 168.0
168.0 169.0
177.0 177.0
204.0 198.0
155.0 255.0
125.0 255.0
