110.0 82.0
126.0 89.0
72.0 94.0
83.0 96.0
105.0 101.0
255.0 104.0
125.0 106.0
106.0 107.0
0.0 113.0
122.0 119.0
122.0 121.0
124.0 122.0
99.0 123.0
123.0 124.0
123.0 124.0
130.0 128.0
129.0 129.0
132.0 133.0
130.0 134.0
187.0 136.0
149.0 137.0
142.0 140.0
141.0 141.0
142.0 142.0
145.0 147.0
145.0 147.0
255.0 150.0
157.0 152.0
200.0 153.0
255.0 155.0
124.0 157.0
125.0 160.0
153.0 160.0
161.0 161.0
144.0 163.0
170.0 166.0
0.0 169.0
255.0 172.0
183.0 176.0
190.0 180.0
0.0 184.0
154.0 184.0
208.0 199.0
200.0 206.0
161.0 212.0
124.0 216.0
205.0 218.0
136.0 255.0
146.0 255.0
127.0 255.0
118.0 255.0
255.0 255.0
113.0 255.0
146.0 255.0
123.0 255.0
112.0 255.0
