120.0 0.0
255.0 0.0
178.0 0.0
175.0 0.0
212.0 0.0
161.0 0.0
156.0 0.0
173.0 0.0
255.0 0.0
145.0 0.0
255.0 0.0
153.0 0.0
172.0 0.0
255.0 0.0
99.0 95.0
141.0 110.0
114.0 115.0
130.0 122.0
127.0 123.0
124.0 123.0
133.0 125.0
125.0 126.0
128.0 127.0
115.0 128.0
140.0 128.0
128.0 130.0
131.0 131.0
132.0 133.0
127.0 133.0
135.0 134.0
141.0 135.0
142.0 135.0
145.0 136.0
133.0 137.0
150.0 138.0
141.0 139.0
139.0 139.0
144.0 141.0
142.0 143.0
143.0 147.0
150.0 147.0
151.0 147.0
153.0 150.0
144.0 151.0
153.0 151.0
152.0 152.0
154.0 154.0
156.0 157.0
156.0 157.0
159.0 158.0
167.0 162.0
166.0 168.0
160.0 168.0
255.0 177.0
189.0 183.0
255.0 255.0
