188.0 0.0
90.0 113.0
135.0 134.0
134.0 134.0
161.0 135.0
143.0 138.0
138.0 141.0
144.0 143.0
147.0 143.0
152.0 143.0
146.0 143.0
255.0 145.0
156.0 148.0
176.0 148.0
155.0 151.0
150.0 151.0
153.0 152.0
154.0 153.0
153.0 153.0
154.0 153.0
152.0 154.0
156.0 154.0
156.0 154.0
155.0 155.0
164.0 155.0
155.0 155.0
160.0 158.0
158.0 158.0
175.0 161.0
160.0 161.0
159.0 163.0
157.0 164.0
168.0 167.0
170.0 167.0
173.0 168.0
168.0 168.0
171.0 169.0
154.0 171.0
172.0 171.0
185.0 175.0
168.0 178.0
177.0 201.0
198.0 202.0
