142.0 0.0
161.0 0.0
131.0 0.0
125.0 0.0
159.0 0.0
255.0 0.0
137.0 0.0
143.0 0.0
84.0 58.0
44.0 69.0
255.0 79.0
99.0 84.0
107.0 89.0
101.0 90.0
255.0 95.0
96.0 96.0
97.0 98.0
106.0 99.0
107.0 99.0
105.0 101.0
104.0 103.0
255.0 104.0
103.0 105.0
255.0 106.0
255.0 106.0
100.0 107.0
255.0 107.0
106.0 107.0
112.0 107.0
108.0 108.0
108.0 108.0
109.0 108.0
255.0 108.0
255.0 108.0
109.0 108.0
106.0 108.0
107.0 109.0
255.0 109.0
106.0 109.0
117.0 109.0
108.0 109.0
110.0 110.0
132.0 110.0
76.0 110.0
111.0 110.0
117.0 111.0
113.0 111.0
117.0 112.0
110.0 112.0
113.0 112.0
110.0 113.0
137.0 113.0
115.0 113.0
105.0 113.0
114.0 115.0
122.0 115.0
114.0 116.0
116.0 116.0
116.0 116.0
255.0 116.0
57.0 116.0
113.0 117.0
122.0 118.0
119.0 118.0
124.0 119.0
100.0 119.0
123.0 120.0
122.0 120.0
117.0 121.0
122.0 121.0
118.0 122.0
123.0 122.0
119.0 123.0
126.0 123.0
120.0 123.0
120.0 123.0
120.0 123.0
122.0 124.0
125.0 124.0
130.0 125.0
125.0 127.0
126.0 127.0
129.0 128.0
120.0 128.0
145.0 128.0
124.0 129.0
255.0 129.0
255.0 130.0
127.0 130.0
128.0 130.0
255.0 131.0
164.0 131.0
133.0 132.0
129.0 132.0
88.0 133.0
135.0 133.0
133.0 134.0
147.0 134.0
131.0 135.0
127.0 135.0
144.0 136.0
135.0 136.0
255.0 137.0
137.0 137.0
123.0 138.0
144.0 139.0
140.0 139.0
138.0 139.0
139.0 139.0
0.0 140.0
255.0 140.0
136.0 140.0
142.0 140.0
139.0 141.0
137.0 142.0
141.0 143.0
151.0 144.0
146.0 145.0
152.0 145.0
138.0 146.0
144.0 146.0
147.0 149.0
164.0 150.0
149.0 156.0
152.0 159.0
92.0 165.0
195.0 197.0
168.0 199.0
187.0 207.0
123.0 255.0
133.0 255.0
0.0 255.0
125.0 255.0
120.0 255.0
105.0 255.0
160.0 255.0
0.0 255.0
117.0 255.0
77.0 255.0
57.0 255.0
