255.0 0.0
140.0 111.0
255.0 111.0
122.0 117.0
255.0 118.0
109.0 119.0
135.0 123.0
172.0 123.0
136.0 124.0
255.0 125.0
255.0 129.0
126.0 130.0
131.0 131.0
132.0 132.0
137.0 132.0
139.0 132.0
133.0 133.0
127.0 133.0
255.0 134.0
166.0 134.0
137.0 134.0
135.0 134.0
255.0 135.0
140.0 135.0
140.0 136.0
135.0 136.0
140.0 137.0
140.0 137.0
149.0 137.0
255.0 138.0
146.0 138.0
141.0 139.0
141.0 139.0
126.0 140.0
143.0 140.0
142.0 140.0
140.0 140.0
255.0 140.0
139.0 141.0
150.0 142.0
141.0 142.0
142.0 143.0
138.0 143.0
146.0 144.0
142.0 144.0
155.0 145.0
151.0 145.0
155.0 145.0
143.0 145.0
144.0 145.0
144.0 145.0
146.0 145.0
150.0 146.0
255.0 146.0
149.0 146.0
151.0 146.0
151.0 146.0
145.0 146.0
143.0 147.0
149.0 147.0
148.0 147.0
148.0 147.0
151.0 148.0
141.0 148.0
153.0 150.0
150.0 150.0
151.0 151.0
156.0 152.0
155.0 153.0
150.0 153.0
150.0 153.0
154.0 153.0
153.0 153.0
154.0 154.0
155.0 154.0
155.0 154.0
155.0 155.0
158.0 155.0
156.0 155.0
157.0 156.0
154.0 156.0
155.0 156.0
159.0 158.0
153.0 159.0
162.0 160.0
160.0 160.0
165.0 161.0
162.0 163.0
0.0 167.0
159.0 167.0
169.0 169.0
255.0 177.0
135.0 255.0
142.0 255.0
125.0 255.0
153.0 255.0
125.0 255.0
255.0 255.0
142.0 255.0
