57.0 56.0
140.0 108.0
124.0 126.0
151.0 127.0
131.0 130.0
131.0 136.0
149.0 145.0
145.0 145.0
143.0 146.0
255.0 146.0
152.0 146.0
153.0 146.0
150.0 149.0
149.0 151.0
147.0 151.0
152.0 152.0
153.0 152.0
154.0 153.0
155.0 153.0
255.0 154.0
162.0 155.0
154.0 156.0
154.0 156.0
155.0 157.0
154.0 157.0
156.0 157.0
146.0 157.0
158.0 157.0
152.0 157.0
157.0 157.0
159.0 158.0
158.0 159.0
164.0 161.0
154.0 161.0
160.0 161.0
255.0 163.0
153.0 164.0
156.0 164.0
165.0 165.0
164.0 165.0
171.0 168.0
172.0 168.0
255.0 168.0
0.0 169.0
161.0 169.0
171.0 170.0
163.0 170.0
175.0 170.0
170.0 171.0
255.0 171.0
0.0 172.0
171.0 175.0
177.0 177.0
162.0 179.0
174.0 190.0
200.0 198.0
140.0 255.0
138.0 255.0
154.0 255.0
148.0 255.0
132.0 255.0
137.0 255.0
142.0 255.0
