62.0 0.0
63.0 0.0
91.0 0.0
76.0 0.0
105.0 0.0
76.0 0.0
58.0 50.0
0.0 53.0
57.0 53.0
52.0 55.0
57.0 56.0
62.0 57.0
60.0 57.0
57.0 58.0
62.0 58.0
67.0 58.0
66.0 58.0
56.0 59.0
62.0 59.0
65.0 59.0
66.0 59.0
60.0 59.0
60.0 59.0
60.0 59.0
65.0 60.0
70.0 62.0
65.0 63.0
54.0 64.0
61.0 64.0
63.0 64.0
76.0 65.0
61.0 66.0
60.0 66.0
63.0 67.0
71.0 67.0
69.0 69.0
70.0 69.0
62.0 70.0
61.0 71.0
72.0 71.0
73.0 71.0
62.0 73.0
77.0 78.0
64.0 82.0
89.0 85.0
85.0 85.0
69.0 85.0
50.0 119.0
