179.0 0.0
154.0 0.0
255.0 0.0
188.0 0.0
146.0 0.0
153.0 0.0
60.0 64.0
137.0 124.0
127.0 126.0
133.0 127.0
165.0 127.0
138.0 130.0
132.0 131.0
147.0 133.0
135.0 134.0
134.0 134.0
161.0 135.0
141.0 136.0
165.0 137.0
143.0 138.0
152.0 138.0
255.0 138.0
255.0 140.0
140.0 140.0
138.0 141.0
0.0 142.0
144.0 143.0
147.0 143.0
255.0 143.0
152.0 143.0
131.0 143.0
146.0 143.0
147.0 144.0
152.0 144.0
146.0 144.0
153.0 147.0
147.0 147.0
146.0 147.0
152.0 148.0
141.0 148.0
176.0 148.0
146.0 148.0
255.0 149.0
144.0 149.0
155.0 150.0
150.0 150.0
151.0 151.0
155.0 151.0
152.0 151.0
151.0 151.0
150.0 151.0
0.0 151.0
154.0 151.0
153.0 152.0
150.0 152.0
153.0 152.0
153.0 153.0
154.0 153.0
150.0 153.0
154.0 153.0
153.0 153.0
154.0 153.0
0.0 153.0
152.0 153.0
155.0 154.0
152.0 154.0
156.0 154.0
255.0 154.0
150.0 154.0
154.0 154.0
255.0 155.0
155.0 155.0
162.0 155.0
164.0 155.0
154.0 155.0
155.0 155.0
155.0 156.0
155.0 156.0
155.0 156.0
154.0 156.0
156.0 156.0
154.0 156.0
158.0 157.0
154.0 157.0
156.0 157.0
154.0 157.0
158.0 157.0
154.0 157.0
158.0 157.0
157.0 157.0
156.0 157.0
154.0 157.0
158.0 158.0
158.0 158.0
157.0 158.0
160.0 158.0
165.0 158.0
153.0 159.0
161.0 159.0
158.0 159.0
160.0 159.0
161.0 159.0
160.0 160.0
159.0 160.0
196.0 160.0
158.0 160.0
255.0 161.0
167.0 161.0
160.0 161.0
163.0 162.0
164.0 163.0
163.0 163.0
169.0 163.0
163.0 163.0
171.0 163.0
159.0 163.0
164.0 164.0
155.0 164.0
164.0 164.0
157.0 164.0
164.0 164.0
255.0 166.0
166.0 166.0
166.0 167.0
168.0 167.0
170.0 167.0
173.0 168.0
168.0 168.0
166.0 168.0
167.0 168.0
171.0 169.0
170.0 169.0
169.0 169.0
169.0 170.0
170.0 170.0
0.0 171.0
170.0 171.0
154.0 171.0
174.0 172.0
173.0 172.0
172.0 172.0
0.0 173.0
0.0 173.0
171.0 174.0
176.0 174.0
185.0 175.0
0.0 175.0
174.0 175.0
147.0 177.0
168.0 178.0
255.0 181.0
189.0 183.0
188.0 183.0
186.0 184.0
188.0 184.0
0.0 187.0
146.0 189.0
0.0 195.0
0.0 195.0
197.0 196.0
204.0 198.0
177.0 201.0
150.0 255.0
158.0 255.0
159.0 255.0
119.0 255.0
159.0 255.0
112.0 255.0
148.0 255.0
146.0 255.0
