59.0 61.0
66.0 66.0
65.0 66.0
255.0 70.0
76.0 75.0
110.0 78.0
78.0 79.0
90.0 80.0
53.0 80.0
83.0 83.0
75.0 84.0
81.0 85.0
88.0 85.0
98.0 86.0
0.0 90.0
98.0 90.0
71.0 93.0
116.0 93.0
101.0 95.0
113.0 95.0
255.0 96.0
96.0 96.0
103.0 97.0
119.0 97.0
97.0 100.0
99.0 101.0
102.0 103.0
100.0 103.0
84.0 103.0
105.0 103.0
96.0 103.0
110.0 105.0
100.0 105.0
116.0 110.0
112.0 110.0
104.0 110.0
135.0 110.0
113.0 113.0
0.0 113.0
0.0 119.0
125.0 124.0
133.0 126.0
0.0 127.0
131.0 132.0
131.0 132.0
88.0 133.0
139.0 140.0
