177.0 0.0
188.0 0.0
100.0 108.0
137.0 124.0
165.0 127.0
147.0 133.0
143.0 138.0
255.0 138.0
138.0 141.0
142.0 142.0
143.0 142.0
144.0 143.0
255.0 143.0
152.0 143.0
131.0 143.0
146.0 143.0
143.0 144.0
156.0 145.0
141.0 148.0
176.0 148.0
150.0 151.0
151.0 151.0
152.0 151.0
154.0 151.0
153.0 152.0
154.0 153.0
153.0 153.0
154.0 153.0
153.0 153.0
0.0 153.0
152.0 153.0
156.0 154.0
150.0 154.0
157.0 154.0
154.0 154.0
164.0 155.0
155.0 156.0
157.0 157.0
158.0 158.0
158.0 158.0
161.0 159.0
161.0 159.0
160.0 160.0
156.0 161.0
163.0 163.0
169.0 163.0
163.0 163.0
159.0 163.0
157.0 164.0
170.0 167.0
168.0 168.0
0.0 187.0
177.0 201.0
