109.0 0.0
160.0 0.0
158.0 0.0
157.0 0.0
154.0 0.0
77.0 0.0
167.0 0.0
146.0 0.0
53.0 68.0
109.0 105.0
121.0 105.0
144.0 120.0
126.0 120.0
126.0 126.0
147.0 131.0
144.0 132.0
128.0 133.0
137.0 135.0
0.0 136.0
136.0 137.0
125.0 138.0
151.0 138.0
152.0 140.0
0.0 141.0
0.0 142.0
142.0 144.0
155.0 147.0
151.0 147.0
0.0 148.0
0.0 149.0
152.0 150.0
0.0 151.0
144.0 151.0
0.0 151.0
0.0 151.0
0.0 151.0
149.0 152.0
0.0 152.0
151.0 154.0
153.0 154.0
155.0 155.0
0.0 156.0
154.0 156.0
157.0 157.0
0.0 158.0
0.0 158.0
0.0 159.0
158.0 159.0
160.0 159.0
158.0 160.0
0.0 162.0
169.0 164.0
167.0 165.0
167.0 165.0
157.0 166.0
172.0 168.0
170.0 169.0
0.0 169.0
0.0 171.0
0.0 173.0
0.0 183.0
0.0 188.0
184.0 194.0
0.0 195.0
0.0 195.0
155.0 195.0
0.0 202.0
112.0 255.0
190.0 255.0
