118.0 82.0
103.0 89.0
107.0 102.0
255.0 109.0
118.0 109.0
106.0 111.0
112.0 116.0
122.0 117.0
122.0 119.0
255.0 119.0
125.0 120.0
124.0 120.0
127.0 123.0
133.0 124.0
128.0 127.0
132.0 127.0
133.0 128.0
134.0 128.0
131.0 129.0
131.0 129.0
130.0 130.0
130.0 130.0
129.0 130.0
131.0 130.0
134.0 131.0
134.0 132.0
131.0 132.0
132.0 132.0
133.0 133.0
128.0 133.0
136.0 133.0
133.0 133.0
135.0 134.0
136.0 134.0
137.0 134.0
136.0 134.0
132.0 134.0
133.0 134.0
133.0 134.0
255.0 135.0
82.0 135.0
137.0 136.0
135.0 136.0
129.0 136.0
255.0 136.0
255.0 138.0
141.0 138.0
144.0 139.0
144.0 139.0
136.0 141.0
136.0 141.0
141.0 141.0
143.0 141.0
141.0 141.0
142.0 142.0
144.0 142.0
143.0 142.0
255.0 142.0
255.0 143.0
139.0 143.0
142.0 144.0
146.0 145.0
145.0 145.0
150.0 146.0
148.0 146.0
141.0 146.0
255.0 147.0
153.0 147.0
147.0 147.0
148.0 150.0
153.0 154.0
155.0 156.0
157.0 156.0
156.0 157.0
160.0 162.0
0.0 168.0
183.0 179.0
159.0 190.0
177.0 194.0
137.0 255.0
130.0 255.0
174.0 255.0
119.0 255.0
