150.0 0.0
137.0 0.0
0.0 0.0
153.0 0.0
158.0 0.0
0.0 0.0
166.0 0.0
133.0 0.0
0.0 0.0
166.0 0.0
149.0 0.0
140.0 0.0
160.0 0.0
155.0 62.0
53.0 68.0
255.0 75.0
53.0 78.0
88.0 84.0
132.0 90.0
255.0 91.0
130.0 91.0
95.0 94.0
255.0 101.0
103.0 101.0
188.0 103.0
105.0 104.0
136.0 104.0
133.0 104.0
106.0 106.0
0.0 107.0
110.0 112.0
255.0 115.0
133.0 115.0
115.0 115.0
0.0 116.0
98.0 119.0
124.0 122.0
123.0 125.0
123.0 126.0
128.0 126.0
128.0 126.0
128.0 127.0
120.0 127.0
132.0 128.0
134.0 129.0
150.0 129.0
129.0 130.0
130.0 130.0
133.0 132.0
131.0 132.0
130.0 133.0
128.0 133.0
129.0 133.0
151.0 134.0
143.0 134.0
0.0 135.0
157.0 135.0
138.0 135.0
134.0 136.0
131.0 136.0
136.0 136.0
137.0 137.0
137.0 137.0
143.0 138.0
141.0 141.0
152.0 142.0
144.0 142.0
136.0 143.0
0.0 143.0
151.0 143.0
147.0 144.0
153.0 144.0
139.0 144.0
141.0 145.0
147.0 146.0
151.0 147.0
146.0 148.0
0.0 149.0
141.0 150.0
152.0 151.0
0.0 151.0
144.0 151.0
153.0 151.0
158.0 151.0
152.0 153.0
153.0 153.0
152.0 154.0
148.0 154.0
154.0 155.0
155.0 156.0
158.0 159.0
162.0 159.0
169.0 164.0
165.0 165.0
171.0 168.0
0.0 171.0
0.0 183.0
184.0 183.0
0.0 187.0
0.0 188.0
188.0 190.0
155.0 195.0
193.0 198.0
0.0 209.0
