173.0 0.0
0.0 107.0
255.0 117.0
255.0 130.0
143.0 144.0
255.0 150.0
156.0 150.0
255.0 157.0
167.0 160.0
166.0 162.0
162.0 163.0
167.0 164.0
165.0 164.0
173.0 164.0
171.0 165.0
167.0 166.0
167.0 166.0
171.0 166.0
166.0 167.0
170.0 169.0
172.0 169.0
173.0 170.0
171.0 170.0
170.0 170.0
171.0 170.0
172.0 171.0
171.0 171.0
178.0 172.0
175.0 172.0
172.0 172.0
183.0 175.0
175.0 175.0
177.0 176.0
177.0 177.0
177.0 178.0
178.0 180.0
177.0 182.0
255.0 183.0
184.0 183.0
0.0 187.0
201.0 189.0
198.0 190.0
191.0 196.0
191.0 197.0
201.0 199.0
199.0 200.0
207.0 208.0
169.0 255.0
163.0 255.0
145.0 255.0
170.0 255.0
