98.0 0.0
128.0 0.0
118.0 0.0
125.0 0.0
109.0 0.0
131.0 0.0
123.0 0.0
125.0 0.0
97.0 0.0
159.0 0.0
114.0 0.0
99.0 0.0
122.0 0.0
255.0 0.0
82.0 0.0
80.0 58.0
44.0 69.0
142.0 74.0
78.0 74.0
79.0 78.0
102.0 81.0
101.0 88.0
101.0 90.0
95.0 91.0
137.0 91.0
95.0 91.0
94.0 92.0
106.0 94.0
113.0 96.0
127.0 97.0
87.0 98.0
97.0 98.0
106.0 99.0
0.0 100.0
102.0 100.0
105.0 103.0
103.0 103.0
103.0 103.0
100.0 103.0
107.0 104.0
255.0 104.0
109.0 105.0
106.0 106.0
108.0 108.0
108.0 108.0
109.0 108.0
110.0 108.0
106.0 108.0
0.0 108.0
112.0 109.0
104.0 110.0
82.0 110.0
106.0 110.0
101.0 111.0
117.0 111.0
119.0 111.0
113.0 111.0
114.0 112.0
117.0 112.0
113.0 112.0
115.0 113.0
105.0 113.0
119.0 114.0
108.0 114.0
113.0 116.0
127.0 117.0
113.0 117.0
127.0 117.0
93.0 117.0
114.0 118.0
92.0 118.0
119.0 119.0
123.0 120.0
68.0 120.0
123.0 122.0
110.0 123.0
126.0 124.0
128.0 125.0
120.0 128.0
135.0 129.0
128.0 130.0
138.0 139.0
145.0 143.0
