158.0 0.0
150.0 0.0
137.0 0.0
150.0 0.0
161.0 0.0
137.0 0.0
124.0 0.0
152.0 0.0
143.0 0.0
152.0 0.0
142.0 0.0
142.0 0.0
0.0 0.0
153.0 0.0
154.0 0.0
147.0 0.0
148.0 0.0
123.0 0.0
156.0 0.0
133.0 0.0
0.0 0.0
0.0 0.0
171.0 0.0
156.0 0.0
151.0 0.0
151.0 0.0
144.0 0.0
149.0 0.0
99.0 0.0
150.0 0.0
149.0 0.0
154.0 0.0
168.0 0.0
140.0 0.0
107.0 66.0
88.0 74.0
116.0 77.0
53.0 78.0
88.0 84.0
114.0 89.0
112.0 91.0
102.0 101.0
106.0 103.0
106.0 106.0
0.0 107.0
108.0 109.0
111.0 109.0
107.0 110.0
120.0 113.0
114.0 114.0
115.0 115.0
116.0 116.0
131.0 118.0
98.0 119.0
122.0 119.0
113.0 120.0
118.0 121.0
0.0 124.0
113.0 124.0
126.0 124.0
121.0 124.0
123.0 125.0
123.0 126.0
132.0 128.0
129.0 132.0
134.0 133.0
129.0 133.0
131.0 134.0
134.0 135.0
0.0 135.0
134.0 136.0
135.0 140.0
144.0 142.0
0.0 143.0
0.0 143.0
147.0 144.0
0.0 144.0
142.0 144.0
0.0 144.0
0.0 145.0
141.0 145.0
147.0 146.0
0.0 147.0
0.0 148.0
0.0 149.0
0.0 150.0
0.0 150.0
0.0 150.0
141.0 150.0
0.0 159.0
160.0 162.0
0.0 165.0
0.0 187.0
