189.0 0.0
193.0 0.0
100.0 95.0
255.0 117.0
161.0 130.0
255.0 137.0
156.0 148.0
165.0 155.0
207.0 156.0
255.0 157.0
175.0 159.0
167.0 163.0
167.0 163.0
255.0 163.0
255.0 164.0
169.0 165.0
167.0 165.0
166.0 168.0
193.0 169.0
171.0 169.0
170.0 169.0
170.0 170.0
176.0 171.0
177.0 172.0
255.0 172.0
178.0 174.0
183.0 180.0
185.0 180.0
195.0 182.0
255.0 187.0
255.0 187.0
201.0 189.0
191.0 192.0
194.0 193.0
193.0 195.0
197.0 195.0
197.0 196.0
195.0 196.0
201.0 197.0
200.0 198.0
203.0 200.0
197.0 200.0
199.0 201.0
205.0 202.0
206.0 203.0
200.0 204.0
201.0 204.0
199.0 205.0
202.0 209.0
212.0 211.0
220.0 214.0
218.0 214.0
182.0 255.0
