131.0 93.0
93.0 99.0
255.0 99.0
102.0 104.0
107.0 107.0
143.0 110.0
116.0 113.0
92.0 120.0
127.0 121.0
119.0 122.0
125.0 125.0
122.0 125.0
120.0 127.0
129.0 128.0
129.0 129.0
138.0 129.0
133.0 129.0
126.0 129.0
134.0 130.0
132.0 131.0
131.0 131.0
139.0 131.0
122.0 131.0
132.0 132.0
132.0 132.0
133.0 133.0
136.0 134.0
138.0 134.0
131.0 134.0
132.0 134.0
140.0 134.0
119.0 134.0
137.0 135.0
136.0 135.0
137.0 135.0
133.0 138.0
141.0 138.0
135.0 138.0
149.0 139.0
139.0 140.0
139.0 140.0
148.0 141.0
141.0 141.0
142.0 142.0
139.0 142.0
145.0 143.0
142.0 144.0
144.0 144.0
146.0 146.0
123.0 146.0
138.0 147.0
149.0 149.0
135.0 151.0
150.0 151.0
153.0 152.0
153.0 153.0
149.0 154.0
155.0 155.0
156.0 156.0
164.0 171.0
