53.51893160952053 56.12612527974758
55.660459870860876 57.07683256326328
64.12560587470891 59.61518557721821
74.5555668707525 60.35080405078418
60.75589848765432 60.3926323828988
61.11772788856428 60.62289416585159
60.80463659928568 61.09929106667993
60.5732068412518 61.407604426409826
65.98790864975258 62.21894687916188
64.23819633412184 63.70398957911115
60.143984982313064 64.51082363758705
65.93040776532847 64.52217493809125
62.59703501378643 65.4091144135313
67.79065129962885 65.6286474436906
63.77963531548892 66.32558760505063
72.20440634807807 66.63556705448579
64.14033116252403 67.51898361198553
91.86891385701462 67.57173897835274
73.0638753072911 71.35904857155316
75.61632654338743 74.0339269957076
80.50107445907304 76.00285634334529
66.98077332816376 80.2484279899164
86.39291153601276 80.4507111064908
82.68997741078886 81.54778889004828
62.93015722602339 81.75627628457484
116.15217051050205 85.07382944953002
75.69986060940894 85.49225281229286
96.69540974835395 86.43922955981907
89.942882432283 89.85424813542963
96.7059914950682 91.27749924329093
93.79329303367719 94.71807219058736
94.39836292983708 94.73566155211496
71.39916482245044 95.51077975807497
111.49375935569778 97.68966898854168
70.09723002228365 97.7673013623431
109.22748467719319 98.22246639827293
86.62960811540212 101.74648965603048
115.2980691874603 101.78649999479715
101.53804774084405 102.93284461910801
113.94118913954864 103.16708726874673
106.53990771820776 106.03571177239698
118.20186558987858 106.08786902623203
117.05299075370863 106.64908088518789
107.74592530245425 106.92908577517402
108.6550188422427 108.33647573954988
99.5388754435286 108.76528661832778
112.78980036251164 110.99203688222151
104.4018391913309 111.27622699142451
97.08157295839356 113.3444872078109
115.68143136311828 114.09958319039563
131.40162171197497 114.2079890513287
89.85921187785563 114.21787633909786
111.97034096423249 114.28634708891752
118.6722896637213 116.68508274020928
117.7026923371883 117.67788182842973
119.4389449119597 118.97924825572873
77.54117936586032 120.10547950016131
127.25798601823527 125.78738342743729
73.34927879582396 126.12181583588028
127.12025584247378 127.3425092322055
128.70858962001427 128.52015587688814
132.18620856810637 129.0870721765235
142.3367725943046 129.32928108453774
116.18505381406436 129.33832639126223
130.8146386897118 131.26561571916366
131.1951726605669 131.52775113281564
135.86318968883685 131.90087939371713
136.63734374130982 134.90763982235515
136.91423126596868 137.22225075785485
153.41318763126873 137.38845904539488
149.1795282516809 137.41365761248858
141.5755096431055 141.79651146793177
143.5268569602631 143.62149961896245
138.06839409631755 143.9477321333475
124.44511448526463 145.52373987109326
137.6905396887375 146.1479347911154
147.76433753294035 146.81332895522857
147.32490616577908 147.65137458170997
151.77267099140036 147.863632816664
157.39200657757604 149.91905014217224
150.3492974521992 149.92745175718045
142.81918857624632 150.2652868664288
153.4327144477071 153.21873858760557
145.1464942934446 154.7157352019666
154.89046966260983 154.96567628528442
157.54742430762644 156.42879893247337
151.20493562997444 156.79848703811479
175.831330137549 158.1114536920563
157.761595970842 158.5574899791806
160.14127865174245 159.68844216548223
156.7183545474051 161.66711342846034
162.6035657266474 161.97182455981755
138.910438961383 162.11292388666294
160.03602128732652 163.11781386372712
169.94950603935106 163.3063073342917
123.95519029457886 163.89978734727913
156.95240897026522 163.95333452634176
166.9494264229589 164.41205413864276
165.49983718094282 164.62893226175729
176.52642328577375 168.33522653765607
150.6057776201091 168.36123917953248
138.68555180529805 170.9068835726758
173.41585049310422 171.0954722250606
170.97267844922985 171.3914427510028
118.72275694350287 172.44429906743292
174.18217291198383 173.41888184770937
173.93005415850638 176.8279311060026
180.21651631990343 177.28620158861148
180.1662720667134 182.6824649407541
184.2412977684111 183.52971992523842
185.25513948464254 184.3751726984212
191.15593679879922 184.78657586891498
187.321548051502 184.96923760167306
194.14791914747096 191.01060529349922
193.49465653339325 192.93225359126214
194.51806887645478 195.46246122211133
196.73365048498417 196.62924587959841
201.0470006829247 196.74671018479148
198.0153703737091 197.340617837641
195.04549885650542 197.82956712808215
201.17422664076543 200.6615009761491
202.00688765482303 201.36101052768544
205.42354506634268 203.9477828079703
204.41939852075322 204.27622247022828
202.77125904227006 205.99841731280918
208.35535688965814 206.3166099976749
212.16093555900545 209.86607882387298
214.15389915461466 210.9922002517738
