172.0 0.0
179.0 0.0
151.0 0.0
255.0 0.0
146.0 0.0
212.0 0.0
59.0 56.0
103.0 102.0
127.0 126.0
133.0 127.0
144.0 127.0
138.0 130.0
132.0 131.0
147.0 133.0
165.0 137.0
140.0 140.0
168.0 142.0
147.0 144.0
153.0 147.0
146.0 147.0
0.0 147.0
152.0 148.0
146.0 148.0
144.0 149.0
150.0 150.0
153.0 151.0
153.0 152.0
155.0 152.0
150.0 152.0
153.0 153.0
150.0 153.0
255.0 153.0
0.0 153.0
155.0 154.0
156.0 155.0
161.0 155.0
154.0 155.0
153.0 155.0
156.0 156.0
155.0 156.0
155.0 156.0
0.0 156.0
154.0 156.0
156.0 156.0
154.0 156.0
158.0 157.0
154.0 157.0
154.0 157.0
158.0 157.0
154.0 157.0
156.0 157.0
154.0 157.0
160.0 158.0
165.0 158.0
153.0 159.0
158.0 159.0
161.0 159.0
158.0 160.0
255.0 161.0
162.0 162.0
164.0 163.0
164.0 163.0
171.0 163.0
164.0 164.0
155.0 164.0
255.0 166.0
166.0 166.0
163.0 167.0
171.0 168.0
162.0 168.0
164.0 169.0
169.0 170.0
170.0 170.0
170.0 171.0
171.0 171.0
173.0 172.0
172.0 172.0
0.0 173.0
171.0 173.0
176.0 174.0
0.0 175.0
147.0 177.0
183.0 180.0
190.0 183.0
188.0 183.0
186.0 184.0
188.0 191.0
0.0 192.0
197.0 196.0
150.0 255.0
158.0 255.0
255.0 255.0
149.0 255.0
119.0 255.0
0.0 255.0
151.0 255.0
149.0 255.0
163.0 255.0
146.0 255.0
161.0 255.0
