99.0 84.0
98.0 88.0
107.0 89.0
255.0 95.0
96.0 96.0
255.0 104.0
0.0 106.0
255.0 107.0
255.0 107.0
255.0 108.0
255.0 109.0
108.0 109.0
110.0 110.0
110.0 111.0
106.0 111.0
255.0 113.0
255.0 116.0
122.0 117.0
119.0 118.0
121.0 120.0
122.0 120.0
122.0 120.0
122.0 122.0
126.0 123.0
120.0 123.0
133.0 124.0
255.0 125.0
130.0 125.0
255.0 126.0
133.0 129.0
255.0 129.0
255.0 130.0
139.0 130.0
133.0 131.0
255.0 131.0
164.0 131.0
134.0 132.0
124.0 132.0
135.0 134.0
133.0 134.0
147.0 134.0
82.0 135.0
255.0 136.0
135.0 136.0
139.0 137.0
255.0 137.0
137.0 137.0
255.0 138.0
123.0 138.0
139.0 138.0
144.0 139.0
255.0 140.0
150.0 140.0
142.0 140.0
136.0 141.0
139.0 141.0
143.0 141.0
148.0 142.0
142.0 142.0
137.0 142.0
255.0 142.0
255.0 143.0
255.0 144.0
147.0 144.0
151.0 144.0
148.0 145.0
144.0 146.0
150.0 146.0
255.0 147.0
147.0 147.0
153.0 147.0
143.0 147.0
141.0 149.0
147.0 149.0
147.0 150.0
164.0 150.0
152.0 151.0
153.0 151.0
153.0 154.0
155.0 156.0
149.0 156.0
156.0 156.0
157.0 156.0
128.0 161.0
156.0 161.0
160.0 162.0
160.0 163.0
133.0 170.0
173.0 178.0
177.0 194.0
195.0 197.0
183.0 198.0
168.0 199.0
187.0 207.0
135.0 255.0
255.0 255.0
123.0 255.0
133.0 255.0
255.0 255.0
130.0 255.0
124.0 255.0
127.0 255.0
0.0 255.0
125.0 255.0
99.0 255.0
120.0 255.0
126.0 255.0
148.0 255.0
136.0 255.0
126.0 255.0
105.0 255.0
104.0 255.0
127.0 255.0
107.0 255.0
118.0 255.0
160.0 255.0
119.0 255.0
159.0 255.0
142.0 255.0
98.0 255.0
103.0 255.0
174.0 255.0
121.0 255.0
117.0 255.0
77.0 255.0
95.0 255.0
135.0 255.0
127.0 255.0
