192.0 0.0
255.0 0.0
213.0 0.0
96.0 60.0
191.0 126.0
131.0 128.0
175.0 132.0
154.0 152.0
180.0 153.0
155.0 158.0
166.0 158.0
159.0 163.0
163.0 165.0
178.0 165.0
166.0 165.0
176.0 166.0
160.0 167.0
167.0 167.0
169.0 167.0
255.0 168.0
171.0 170.0
174.0 171.0
170.0 172.0
178.0 174.0
174.0 175.0
174.0 176.0
194.0 176.0
178.0 178.0
178.0 182.0
176.0 183.0
184.0 183.0
180.0 185.0
184.0 186.0
185.0 187.0
200.0 190.0
0.0 190.0
193.0 190.0
189.0 191.0
194.0 191.0
194.0 192.0
195.0 194.0
0.0 197.0
200.0 197.0
191.0 198.0
204.0 198.0
197.0 199.0
200.0 199.0
202.0 199.0
199.0 200.0
200.0 200.0
205.0 201.0
212.0 201.0
255.0 202.0
198.0 203.0
204.0 203.0
211.0 203.0
205.0 203.0
205.0 204.0
202.0 205.0
206.0 205.0
189.0 206.0
209.0 208.0
208.0 208.0
216.0 210.0
217.0 214.0
183.0 255.0
142.0 255.0
149.0 255.0
