107.0 0.0
116.0 117.0
124.0 123.0
135.0 133.0
145.0 135.0
130.0 136.0
138.0 137.0
142.0 140.0
149.0 141.0
147.0 142.0
150.0 142.0
143.0 142.0
155.0 143.0
143.0 144.0
137.0 144.0
143.0 144.0
0.0 144.0
145.0 145.0
149.0 145.0
144.0 145.0
146.0 146.0
145.0 146.0
146.0 147.0
146.0 147.0
151.0 148.0
140.0 148.0
155.0 148.0
149.0 149.0
148.0 149.0
145.0 149.0
153.0 152.0
155.0 153.0
155.0 154.0
160.0 156.0
156.0 157.0
159.0 160.0
161.0 160.0
165.0 163.0
162.0 163.0
168.0 168.0
127.0 255.0
