51.0 64.0
90.0 80.0
96.0 100.0
0.0 106.0
112.0 110.0
135.0 110.0
255.0 111.0
110.0 111.0
110.0 117.0
128.0 128.0
132.0 130.0
141.0 132.0
129.0 132.0
133.0 133.0
82.0 136.0
107.0 139.0
139.0 140.0
127.0 140.0
255.0 144.0
153.0 144.0
140.0 146.0
255.0 149.0
147.0 149.0
152.0 154.0
159.0 156.0
103.0 161.0
132.0 163.0
255.0 169.0
165.0 181.0
93.0 188.0
174.0 189.0
160.0 191.0
198.0 193.0
206.0 195.0
131.0 255.0
110.0 255.0
133.0 255.0
101.0 255.0
196.0 255.0
83.0 255.0
141.0 255.0
51.0 255.0
68.0 255.0
