142.0 0.0
120.0 0.0
177.0 0.0
102.0 81.0
121.0 82.0
100.0 82.0
85.0 85.0
97.0 93.0
94.0 93.0
110.0 97.0
134.0 101.0
104.0 102.0
104.0 103.0
104.0 103.0
90.0 105.0
99.0 105.0
96.0 105.0
102.0 106.0
107.0 106.0
255.0 106.0
106.0 106.0
111.0 107.0
100.0 107.0
107.0 107.0
112.0 107.0
106.0 109.0
111.0 111.0
110.0 111.0
111.0 111.0
0.0 111.0
113.0 111.0
111.0 112.0
110.0 112.0
114.0 115.0
114.0 116.0
112.0 117.0
118.0 119.0
102.0 120.0
122.0 121.0
113.0 121.0
162.0 122.0
114.0 123.0
111.0 124.0
118.0 126.0
126.0 127.0
0.0 127.0
119.0 128.0
85.0 128.0
117.0 128.0
124.0 129.0
130.0 129.0
129.0 129.0
131.0 129.0
131.0 131.0
123.0 131.0
133.0 132.0
0.0 132.0
134.0 133.0
113.0 133.0
124.0 133.0
136.0 134.0
137.0 135.0
119.0 136.0
109.0 136.0
151.0 138.0
123.0 139.0
0.0 140.0
125.0 140.0
141.0 151.0
152.0 159.0
92.0 165.0
93.0 188.0
160.0 191.0
67.0 255.0
91.0 255.0
104.0 255.0
0.0 255.0
51.0 255.0
91.0 255.0
66.0 255.0
