255.0 0.0
255.0 0.0
199.0 0.0
182.0 95.0
102.0 97.0
255.0 97.0
107.0 102.0
105.0 104.0
255.0 109.0
119.0 109.0
140.0 111.0
255.0 114.0
255.0 115.0
255.0 118.0
255.0 119.0
124.0 120.0
126.0 123.0
135.0 123.0
136.0 124.0
255.0 125.0
127.0 126.0
136.0 127.0
129.0 130.0
133.0 130.0
126.0 130.0
134.0 131.0
131.0 131.0
149.0 131.0
134.0 132.0
255.0 132.0
131.0 132.0
132.0 132.0
137.0 132.0
134.0 132.0
133.0 133.0
133.0 133.0
255.0 134.0
166.0 134.0
132.0 134.0
255.0 134.0
134.0 134.0
131.0 135.0
255.0 135.0
255.0 135.0
140.0 135.0
137.0 136.0
140.0 136.0
255.0 136.0
255.0 136.0
149.0 137.0
255.0 138.0
146.0 138.0
141.0 138.0
255.0 139.0
140.0 139.0
138.0 140.0
140.0 140.0
142.0 140.0
255.0 140.0
141.0 141.0
143.0 142.0
150.0 142.0
141.0 142.0
142.0 142.0
144.0 142.0
143.0 142.0
150.0 143.0
142.0 143.0
139.0 143.0
146.0 144.0
143.0 144.0
142.0 144.0
142.0 144.0
146.0 145.0
155.0 145.0
151.0 145.0
155.0 145.0
255.0 146.0
149.0 146.0
151.0 146.0
148.0 146.0
151.0 146.0
149.0 147.0
143.0 147.0
160.0 147.0
144.0 147.0
149.0 147.0
148.0 147.0
147.0 147.0
151.0 148.0
141.0 148.0
146.0 148.0
150.0 150.0
255.0 150.0
157.0 151.0
155.0 151.0
151.0 151.0
156.0 152.0
178.0 152.0
155.0 153.0
150.0 153.0
154.0 153.0
153.0 153.0
146.0 153.0
151.0 154.0
154.0 154.0
159.0 154.0
155.0 154.0
155.0 155.0
158.0 155.0
156.0 155.0
157.0 156.0
155.0 156.0
160.0 157.0
186.0 157.0
156.0 157.0
153.0 159.0
162.0 160.0
160.0 160.0
165.0 161.0
162.0 161.0
162.0 163.0
162.0 163.0
160.0 164.0
165.0 165.0
0.0 167.0
159.0 167.0
164.0 167.0
168.0 169.0
169.0 169.0
174.0 171.0
179.0 176.0
183.0 179.0
178.0 180.0
179.0 181.0
184.0 184.0
185.0 184.0
161.0 185.0
202.0 203.0
135.0 255.0
137.0 255.0
159.0 255.0
134.0 255.0
131.0 255.0
135.0 255.0
255.0 255.0
148.0 255.0
139.0 255.0
156.0 255.0
158.0 255.0
174.0 255.0
255.0 255.0
162.0 255.0
112.0 255.0
255.0 255.0
169.0 255.0
156.0 255.0
138.0 255.0
153.0 255.0
150.0 255.0
142.0 255.0
