255.0 0.0
213.0 0.0
110.0 104.0
175.0 132.0
255.0 140.0
151.0 151.0
180.0 153.0
255.0 154.0
156.0 155.0
155.0 158.0
255.0 159.0
0.0 162.0
164.0 163.0
164.0 163.0
163.0 165.0
178.0 165.0
166.0 165.0
167.0 168.0
171.0 170.0
255.0 171.0
178.0 175.0
179.0 175.0
177.0 175.0
194.0 176.0
182.0 176.0
188.0 178.0
182.0 180.0
255.0 181.0
174.0 181.0
184.0 183.0
180.0 185.0
200.0 190.0
193.0 190.0
194.0 191.0
194.0 192.0
197.0 194.0
0.0 197.0
200.0 197.0
191.0 198.0
197.0 199.0
199.0 199.0
200.0 199.0
199.0 199.0
198.0 200.0
200.0 200.0
205.0 201.0
255.0 202.0
198.0 203.0
205.0 203.0
205.0 204.0
199.0 205.0
189.0 206.0
207.0 207.0
209.0 208.0
188.0 208.0
208.0 208.0
183.0 255.0
159.0 255.0
0.0 255.0
146.0 255.0
