1.0 102.46850105073875
2.0 96.7295188544576
3.0 88.68537203431916
4.0 81.029109195076
5.0 74.49292852264112
6.0 67.79969207996534
7.0 61.635736288101626
8.0 55.82387447328905
9.0 50.98871160863695
10.0 46.996609952319496
11.0 44.00759687151573
12.0 41.76101411878378
13.0 40.18383279195491
14.0 38.85424805164354
15.0 37.96987567738194
16.0 37.221917053924386
17.0 36.2232007775572
18.0 35.60410390279294
19.0 35.30131699270669
20.0 35.02243628192876
21.0 34.68515780330363
22.0 34.30095805188382
23.0 33.9195832971316
24.0 33.62920148288793
25.0 33.44908346371612
26.0 33.34570399139366
27.0 33.29281247313777
28.0 33.247863728048216
29.0 33.22670152788027
30.0 33.17981333813146
31.0 33.166469044149956
32.0 33.153355367140044
33.0 33.14675577626431
34.0 33.13971992225658
35.0 33.13301598126004
36.0 33.12792956641083
37.0 33.12044575918108
38.0 33.115245457622606
39.0 33.113000199062206
40.0 33.10929476562103
41.0 33.10650571648075
42.0 33.10239017124123
43.0 33.100689399152955
44.0 33.09890958178787
45.0 33.09763165301548
46.0 33.096409192882646
47.0 33.09474480875586
48.0 33.0939440440143
49.0 33.093460393590256
50.0 33.09304809113107
