148.0 76.0
109.0 98.0
136.0 105.0
114.0 108.0
129.0 114.0
127.0 121.0
135.0 123.0
161.0 124.0
146.0 124.0
148.0 125.0
163.0 126.0
134.0 127.0
147.0 130.0
165.0 131.0
125.0 132.0
156.0 135.0
150.0 135.0
140.0 136.0
158.0 136.0
156.0 141.0
102.0 142.0
151.0 142.0
154.0 143.0
167.0 144.0
131.0 144.0
112.0 145.0
160.0 145.0
175.0 147.0
172.0 147.0
156.0 149.0
139.0 152.0
163.0 152.0
116.0 153.0
111.0 156.0
139.0 156.0
143.0 170.0
184.0 173.0
157.0 174.0
170.0 176.0
147.0 179.0
