-3858.0 0.0
-8997.0 0.0
18612.0 0.0
-6098.0 0.0
-9755.0 0.0
-15182.0 0.0
19670.0 0.0
9721.0 0.0
5034.0 0.0
-10653.0 0.0
-17033.0 0.0
-21355.0 0.0
8508.0 0.0
2404.0 0.0
-7359.0 0.0
2639.0 0.0
6417.0 0.0
6885.0 0.0
12094.0 0.0
-13784.0 0.0
2925.0 0.0
-10054.0 0.0
15957.0 0.0
-3191.0 0.0
-12957.0 0.0
-4668.0 0.0
2676.0 0.0
-12427.0 0.0
2668.0 0.0
8369.0 0.0
-4053.0 0.0
-21231.0 0.0
-5462.0 0.0
-16883.0 0.0
-17944.0 0.0
-15289.0 0.0
2898.0 0.0
17191.0 0.0
-9158.0 0.0
16877.0 0.0
-6176.0 0.0
1270.0 0.0
2925.0 0.0
2639.0 0.0
2799.0 0.0
9041.0 0.0
-11358.0 0.0
13346.0 0.0
-13256.0 0.0
7195.0 0.0
8782.0 0.0
-21065.0 0.0
-10054.0 0.0
7833.0 0.0
12801.0 0.0
591.0 0.0
