54.69842844328938 59.26387475641079
84.55037043039447 73.5946554660256
75.28071043000081 73.82477655226874
68.84265572110121 74.31411787907672
92.04505464252799 97.11975198103315
104.15628918646316 107.06241852480333
114.6649736704278 113.73774697556806
109.40336377718043 116.23549271792446
133.07986264213602 119.66966048078714
122.57701603109389 125.53905400971658
137.66218423915208 134.93848106604858
142.68022753636998 142.69268080293267
150.8362369275209 149.83920195778498
166.6669779212208 171.58040015109205
174.54858236003156 172.14928675677797
190.63930216585112 189.41620894221643
