158.0 97.0
133.0 119.0
149.0 120.0
125.0 124.0
101.0 126.0
105.0 126.0
167.0 127.0
176.0 128.0
129.0 129.0
152.0 131.0
128.0 132.0
120.0 132.0
143.0 133.0
114.0 136.0
124.0 137.0
137.0 137.0
131.0 137.0
115.0 137.0
139.0 138.0
137.0 140.0
109.0 141.0
146.0 142.0
134.0 142.0
105.0 147.0
115.0 147.0
136.0 147.0
145.0 150.0
153.0 151.0
115.0 152.0
133.0 152.0
160.0 153.0
151.0 153.0
153.0 154.0
124.0 156.0
154.0 159.0
109.0 159.0
129.0 160.0
130.0 160.0
136.0 161.0
132.0 162.0
113.0 166.0
126.0 167.0
106.0 168.0
159.0 170.0
161.0 174.0
109.0 183.0
155.0 185.0
177.0 185.0
