180.0 127.0
167.0 133.0
183.0 150.0
184.0 152.0
159.0 155.0
179.0 155.0
158.0 156.0
160.0 156.0
165.0 158.0
169.0 158.0
157.0 159.0
184.0 159.0
168.0 162.0
170.0 163.0
163.0 163.0
159.0 163.0
166.0 164.0
173.0 164.0
109.0 165.0
164.0 165.0
169.0 166.0
161.0 166.0
158.0 168.0
164.0 168.0
162.0 169.0
169.0 172.0
174.0 173.0
159.0 174.0
153.0 175.0
166.0 175.0
172.0 175.0
186.0 175.0
179.0 176.0
167.0 176.0
194.0 176.0
198.0 177.0
131.0 178.0
173.0 180.0
139.0 180.0
160.0 181.0
183.0 182.0
174.0 183.0
200.0 184.0
182.0 184.0
174.0 185.0
173.0 186.0
167.0 187.0
142.0 190.0
185.0 191.0
184.0 192.0
189.0 192.0
188.0 193.0
172.0 196.0
158.0 202.0
