154.0 143.0
199.0 183.0
203.0 185.0
193.0 192.0
196.0 193.0
206.0 194.0
194.0 195.0
196.0 196.0
190.0 196.0
201.0 196.0
195.0 197.0
188.0 197.0
188.0 197.0
199.0 197.0
197.0 197.0
200.0 198.0
202.0 198.0
182.0 198.0
200.0 199.0
195.0 200.0
194.0 202.0
199.0 202.0
195.0 202.0
195.0 202.0
203.0 202.0
205.0 202.0
196.0 203.0
201.0 203.0
203.0 203.0
207.0 204.0
202.0 204.0
199.0 204.0
196.0 204.0
208.0 205.0
193.0 205.0
206.0 206.0
202.0 206.0
200.0 206.0
196.0 206.0
204.0 207.0
206.0 208.0
202.0 208.0
