49.472388947579546 52.40075419900285
53.03728714534861 59.05918106233116
71.32774325639447 61.057205964300266
61.37004787470769 63.821617764472315
64.02118172162135 64.54118896380268
87.4233265206464 68.00353986679495
68.04035862260251 73.3439091200433
79.8533486913762 81.3887245166871
87.19496594079875 83.24013513025888
82.59336712000332 85.89588844948136
79.00482447194294 89.05883873594746
88.93624246567478 89.80178885978349
93.22140805617177 92.9039088901903
102.33517736434816 98.02988807358366
91.83013042316341 98.1939003637695
107.3950792684363 98.52421516624251
111.53262800992756 101.56228039844434
102.12160461990435 104.57720133268103
105.1264147758066 105.9614406452241
103.56220947594906 106.56905747214151
110.61295510443462 107.38390615013158
117.72013011386923 110.04409292565859
110.49395143209755 112.99219903960991
113.80211649920587 114.8070229413868
132.04665979410146 114.9559367347796
123.9536580387251 116.26699181429821
121.3512192884914 119.87576218613047
119.26111837562843 120.48994310323712
101.56094914571835 120.68549917840714
103.25255234333909 121.05167071903782
116.13079646898541 121.64990857206708
122.45589645587722 125.11721321923888
123.31420268517279 125.58948151969892
135.8696148939057 129.26080133877343
163.44544327827882 129.93214513730317
117.33385964778923 130.29129752831705
120.11213584994113 130.50176806062154
134.4369582696304 130.91860360971742
119.43067673155976 132.45019493884317
135.1871352810301 132.69745031004487
139.11459234242463 136.46261853177847
144.5361018645918 138.0694042006023
154.21029364896486 139.9531505306348
126.77353999402183 140.4681713850622
132.0804300358834 140.6564113322901
140.6863861338745 144.22663686827934
149.68570921169288 145.41468114281864
146.44887842094366 146.22787373482106
134.4356626799666 146.381942799395
147.24516015815763 147.2467341657997
150.76672836969828 148.2318383244042
161.4680910452868 152.0932621057604
164.46848273446463 155.4772993811754
158.56739746285902 157.87736003133745
142.29659381331288 160.06652885795134
157.96317408817862 160.22241664875128
160.67915486562575 167.82768922174614
171.7520464375439 168.5975533981006
169.0054941909763 169.4533839563943
160.3925577643294 169.8209329639606
183.95610171977248 183.04547121559474
180.1432023926664 184.58399138457034
186.39105633814214 185.69373837555096
197.02831372377096 194.79564341560283
