40.97504884285016 45.75193751755236
39.93352083395476 48.804927192017466
51.87728551723109 52.00282624982544
49.105146395490095 53.01265894426413
67.75270211366686 56.194241683164186
61.27058709756769 56.467655091687526
56.985285097973495 57.46315659583623
58.587011374588634 58.082326524881566
70.04778770094846 58.87818677254818
62.715122937747104 59.263927980173804
69.10846535875265 63.145880779490724
69.18830889926363 67.98402803449801
68.6425120308707 69.29636886570303
69.5111368972708 75.16868626543281
74.86646782611393 75.22654652277515
87.98125514439204 75.87077603608566
71.48535959012645 77.18506212376217
98.26533723341348 80.75486958098146
79.13452642308418 80.86352148364561
74.49893475246192 81.27373632843769
61.931228037854055 81.5139931775762
91.32546496114382 82.06294120462123
99.96985513034869 83.83190829276799
84.09653549062914 84.15573259216337
104.28733310589185 84.81537584640512
85.53945375335721 85.12549745441147
128.81910067909837 85.13495182962838
102.38650136009424 87.54045435387565
84.81907373231083 88.68994299006923
107.84323831979725 89.52302670484887
91.74847230360339 90.32266426041433
100.86199324574153 91.17574024493848
82.20435976021365 91.25189184223312
117.31341922717655 92.34693557761011
82.07007372772851 93.81901252946886
97.20521241835456 94.857679134765
96.49103874380734 95.20661192269233
104.96733084034794 96.38575469905547
87.01828100059657 96.85688753619617
78.28695087492802 97.04457290428468
106.37291555611482 97.1869473283908
106.55968633648621 100.02727981144989
80.12162834953864 100.17594605399461
98.74592484630055 102.87009740269679
103.91589057772326 104.28070161138115
98.18415113861417 106.99659099047578
101.84895601322431 108.13749310237208
109.15749245103771 109.13540867757669
113.42562426040212 110.09846831671864
113.62642309978499 112.08688363510574
115.52390410381575 112.11831406528415
124.63966097360314 112.83288762903135
117.93434770255924 113.14248737293501
97.4537185640281 113.48200780133308
98.22737232823654 113.68162587846534
122.8095286745498 114.69304835911852
116.51025285318623 117.03809702973683
110.84908460645778 117.06176415498801
116.76356827955107 117.69020660118473
104.44190083271174 119.19279827411604
124.38062629034289 119.82314602063875
118.98543703656122 120.18643996676323
132.4415239614596 120.93254928166128
114.20687632770719 120.99786785444691
102.83005582851735 122.19442071879169
121.99818429266917 124.2425459617658
120.43970594727254 124.3792629524028
129.55167424810423 124.93933467399023
160.83713613028965 126.52913920307633
134.59665592051437 126.52992773041476
126.83768723911858 127.89087799043092
104.18700938222749 128.74473780073527
143.78235272754134 128.80006622042205
117.03927338849205 129.29652072394842
148.05836038715603 130.02695801242308
118.08752844023664 130.15160033450422
124.78653209880294 131.65616984301815
137.64214233422953 131.78727035323115
130.7625125617379 132.15728573780842
132.81933913280747 133.14947939163082
129.16560638786447 133.288270066938
128.67340703321463 133.40427690947098
135.6147967502604 134.16630117545577
125.40633043598422 135.10989738612972
127.27735934924492 135.25702735411744
135.91542514782836 135.95307879503866
130.8471213691684 136.3356320512693
134.94939092199445 137.14428777415685
133.0933846830584 137.70145403616067
106.35767104191889 141.55128374664542
153.34851880426902 141.56312523610578
164.17644928696512 142.2446355686971
141.52914433378527 142.30132506769473
151.64848020190115 142.31833573342092
136.84416001218977 142.93532509380574
116.4968683739267 143.11728593916368
142.01499399132402 143.31528122013646
141.36113190506572 144.11610946034506
136.2384636772829 145.8705564986954
150.06160274181983 148.4584682618513
150.4393911864835 148.87453975348143
141.55816907955747 149.24604313588867
127.17647616951152 150.33797738730283
157.46351649202202 153.59443921306405
152.02667810554925 154.38360378705912
158.5070565418873 154.38966085756178
169.12280299003035 155.44750148868047
171.5729687099616 155.93868755826378
155.331291462269 158.01005061658176
160.38126696635433 159.747729442628
167.56637143363974 161.6490010273825
173.2873994125711 162.63343663717447
156.83041889484338 165.81730594095228
156.7081973923906 166.27279688705917
170.32744299198336 170.46255020762314
174.4316726457897 170.77545941350817
166.89002941732758 172.33575920056293
170.0104707376209 175.66207057168853
172.02221586047094 176.85333982018318
175.85240248921764 178.11929432397514
187.22424392744793 180.38348859327039
180.31594803352837 180.76717223852728
176.64037763834432 184.71084172225477
187.50986133784855 186.73566515387807
191.0181528779077 188.90278531465893
195.52942760059008 191.61984547567974
189.8928232066847 192.007665438935
201.04116245438834 200.29354059287618
