90.0 83.0
143.0 88.0
162.0 92.0
124.0 95.0
131.0 96.0
144.0 96.0
144.0 98.0
114.0 98.0
147.0 99.0
131.0 99.0
94.0 99.0
101.0 99.0
122.0 100.0
114.0 101.0
147.0 103.0
105.0 104.0
111.0 105.0
113.0 107.0
112.0 108.0
70.0 109.0
110.0 109.0
121.0 110.0
141.0 110.0
123.0 110.0
133.0 110.0
136.0 110.0
112.0 111.0
168.0 111.0
113.0 111.0
117.0 112.0
117.0 112.0
97.0 112.0
122.0 113.0
120.0 113.0
125.0 113.0
114.0 114.0
103.0 114.0
114.0 114.0
110.0 114.0
120.0 114.0
123.0 114.0
120.0 114.0
129.0 115.0
128.0 115.0
120.0 115.0
121.0 115.0
132.0 115.0
103.0 116.0
118.0 116.0
121.0 116.0
145.0 117.0
124.0 117.0
119.0 117.0
123.0 117.0
119.0 117.0
122.0 117.0
113.0 117.0
127.0 117.0
133.0 117.0
136.0 118.0
124.0 118.0
113.0 118.0
129.0 118.0
120.0 118.0
117.0 119.0
115.0 119.0
119.0 119.0
122.0 119.0
117.0 119.0
125.0 119.0
123.0 119.0
154.0 119.0
118.0 119.0
133.0 119.0
128.0 119.0
125.0 119.0
127.0 119.0
136.0 120.0
116.0 120.0
123.0 120.0
117.0 120.0
117.0 120.0
130.0 120.0
131.0 120.0
123.0 120.0
126.0 121.0
131.0 121.0
123.0 121.0
136.0 121.0
132.0 121.0
115.0 121.0
126.0 121.0
125.0 121.0
117.0 121.0
121.0 121.0
121.0 121.0
129.0 121.0
133.0 121.0
142.0 122.0
117.0 122.0
138.0 122.0
116.0 122.0
124.0 122.0
129.0 122.0
121.0 122.0
132.0 122.0
130.0 122.0
131.0 122.0
131.0 122.0
121.0 122.0
130.0 123.0
127.0 123.0
130.0 123.0
126.0 123.0
135.0 123.0
129.0 123.0
130.0 124.0
121.0 124.0
124.0 124.0
127.0 124.0
130.0 124.0
126.0 124.0
124.0 124.0
123.0 124.0
124.0 124.0
140.0 124.0
122.0 124.0
124.0 125.0
135.0 125.0
122.0 125.0
125.0 125.0
121.0 125.0
125.0 126.0
129.0 126.0
131.0 126.0
118.0 126.0
123.0 126.0
123.0 126.0
121.0 126.0
174.0 126.0
127.0 126.0
120.0 126.0
130.0 127.0
116.0 127.0
117.0 127.0
122.0 127.0
139.0 127.0
124.0 127.0
124.0 127.0
128.0 127.0
126.0 127.0
128.0 127.0
117.0 127.0
125.0 127.0
139.0 127.0
121.0 128.0
127.0 128.0
127.0 128.0
129.0 128.0
137.0 128.0
127.0 128.0
139.0 128.0
128.0 128.0
124.0 128.0
105.0 128.0
129.0 128.0
135.0 128.0
128.0 128.0
131.0 129.0
110.0 129.0
137.0 129.0
130.0 129.0
124.0 129.0
136.0 129.0
116.0 129.0
128.0 129.0
130.0 129.0
139.0 130.0
130.0 130.0
131.0 130.0
125.0 130.0
121.0 130.0
128.0 130.0
114.0 130.0
96.0 131.0
107.0 131.0
124.0 131.0
151.0 131.0
141.0 131.0
136.0 131.0
130.0 132.0
137.0 132.0
135.0 132.0
130.0 132.0
117.0 132.0
119.0 132.0
100.0 133.0
137.0 133.0
131.0 133.0
136.0 133.0
128.0 133.0
125.0 133.0
136.0 133.0
130.0 133.0
138.0 133.0
153.0 134.0
138.0 134.0
121.0 134.0
124.0 134.0
118.0 134.0
125.0 134.0
125.0 134.0
147.0 134.0
133.0 134.0
134.0 134.0
133.0 134.0
89.0 135.0
137.0 135.0
126.0 135.0
141.0 135.0
120.0 135.0
125.0 135.0
128.0 135.0
105.0 136.0
124.0 136.0
152.0 136.0
122.0 136.0
138.0 136.0
126.0 137.0
111.0 137.0
138.0 137.0
132.0 137.0
119.0 138.0
141.0 138.0
126.0 138.0
112.0 139.0
138.0 139.0
130.0 139.0
148.0 139.0
120.0 139.0
141.0 139.0
118.0 140.0
130.0 140.0
138.0 140.0
92.0 141.0
128.0 141.0
133.0 141.0
127.0 141.0
143.0 142.0
139.0 142.0
126.0 142.0
111.0 143.0
120.0 143.0
130.0 143.0
140.0 144.0
126.0 144.0
140.0 144.0
119.0 144.0
106.0 144.0
169.0 145.0
142.0 145.0
143.0 146.0
135.0 146.0
150.0 147.0
138.0 147.0
125.0 147.0
122.0 148.0
127.0 148.0
159.0 149.0
127.0 149.0
145.0 150.0
151.0 153.0
157.0 153.0
130.0 153.0
106.0 154.0
129.0 154.0
147.0 155.0
137.0 156.0
158.0 157.0
123.0 159.0
117.0 159.0
122.0 162.0
122.0 166.0
157.0 167.0
140.0 173.0
133.0 175.0
94.0 183.0
140.0 184.0
113.0 190.0
