128.0 67.0
101.0 68.0
141.0 75.0
81.0 78.0
78.0 80.0
94.0 80.0
89.0 82.0
70.0 85.0
101.0 88.0
113.0 93.0
124.0 95.0
110.0 97.0
79.0 98.0
94.0 99.0
82.0 100.0
130.0 101.0
164.0 103.0
101.0 104.0
112.0 106.0
96.0 111.0
120.0 111.0
135.0 111.0
128.0 113.0
107.0 113.0
106.0 113.0
113.0 113.0
118.0 115.0
103.0 116.0
110.0 116.0
105.0 116.0
105.0 121.0
126.0 123.0
85.0 124.0
121.0 124.0
129.0 127.0
115.0 128.0
131.0 133.0
126.0 140.0
98.0 142.0
103.0 143.0
144.0 148.0
