89.0 45.0
109.0 46.0
113.0 57.0
129.0 60.0
114.0 61.0
83.0 63.0
149.0 63.0
113.0 63.0
129.0 65.0
122.0 66.0
71.0 70.0
107.0 73.0
94.0 73.0
89.0 74.0
92.0 76.0
115.0 78.0
104.0 78.0
80.0 79.0
95.0 80.0
102.0 81.0
99.0 81.0
96.0 82.0
118.0 82.0
96.0 82.0
103.0 84.0
80.0 85.0
98.0 85.0
113.0 86.0
95.0 87.0
105.0 88.0
139.0 91.0
131.0 92.0
82.0 92.0
103.0 92.0
159.0 93.0
100.0 93.0
88.0 93.0
149.0 93.0
93.0 94.0
100.0 95.0
92.0 95.0
102.0 96.0
125.0 96.0
97.0 96.0
123.0 96.0
115.0 97.0
90.0 97.0
95.0 97.0
109.0 97.0
104.0 97.0
88.0 98.0
123.0 99.0
97.0 99.0
86.0 100.0
90.0 100.0
105.0 100.0
107.0 100.0
149.0 101.0
140.0 101.0
99.0 101.0
102.0 101.0
112.0 101.0
103.0 103.0
107.0 104.0
95.0 104.0
115.0 104.0
100.0 104.0
115.0 104.0
104.0 105.0
106.0 105.0
108.0 106.0
100.0 106.0
107.0 107.0
116.0 107.0
115.0 108.0
95.0 108.0
94.0 108.0
113.0 108.0
114.0 108.0
108.0 108.0
126.0 109.0
109.0 109.0
110.0 110.0
153.0 110.0
120.0 110.0
107.0 110.0
108.0 110.0
110.0 111.0
86.0 113.0
123.0 113.0
104.0 114.0
119.0 114.0
105.0 116.0
119.0 117.0
93.0 117.0
109.0 118.0
104.0 118.0
104.0 118.0
136.0 119.0
125.0 119.0
116.0 120.0
110.0 121.0
93.0 125.0
129.0 129.0
76.0 131.0
108.0 135.0
98.0 135.0
110.0 136.0
104.0 142.0
100.0 144.0
117.0 147.0
