-17291.0 0.0
13281.0 0.0
7195.0 0.0
-13256.0 0.0
8782.0 0.0
17191.0 0.0
-17944.0 0.0
15957.0 0.0
2668.0 0.0
591.0 0.0
-8884.0 0.0
-21231.0 0.0
-10054.0 0.0
-7010.0 0.0
-3858.0 0.0
-6098.0 0.0
-6176.0 0.0
-7359.0 0.0
-21355.0 0.0
6417.0 0.0
-10054.0 0.0
-9755.0 0.0
-4668.0 0.0
8369.0 0.0
-17397.0 0.0
6158.0 0.0
5034.0 0.0
2639.0 0.0
-15289.0 0.0
-4053.0 0.0
18612.0 0.0
-1757.0 0.0
7451.0 0.0
-7562.0 0.0
-12957.0 0.0
12209.0 0.0
-13784.0 0.0
13346.0 0.0
-15182.0 0.0
16877.0 0.0
2898.0 0.0
2639.0 0.0
