48.0 38.0
62.0 38.0
53.0 40.0
62.0 40.0
60.0 40.0
51.0 41.0
59.0 45.0
59.0 45.0
73.0 50.0
56.0 50.0
101.0 51.0
161.0 53.0
61.0 53.0
49.0 56.0
77.0 56.0
81.0 59.0
111.0 60.0
60.0 60.0
58.0 60.0
55.0 61.0
81.0 62.0
88.0 62.0
94.0 63.0
53.0 64.0
59.0 65.0
73.0 66.0
70.0 66.0
80.0 66.0
78.0 67.0
108.0 67.0
55.0 68.0
76.0 69.0
65.0 70.0
99.0 71.0
72.0 72.0
75.0 73.0
78.0 73.0
75.0 75.0
106.0 76.0
80.0 76.0
75.0 78.0
61.0 79.0
76.0 79.0
68.0 82.0
94.0 83.0
125.0 84.0
138.0 84.0
118.0 84.0
110.0 84.0
115.0 86.0
76.0 86.0
64.0 87.0
70.0 88.0
172.0 90.0
89.0 91.0
143.0 91.0
117.0 92.0
100.0 92.0
83.0 92.0
71.0 94.0
86.0 94.0
101.0 94.0
98.0 95.0
105.0 103.0
79.0 103.0
93.0 104.0
68.0 106.0
63.0 107.0
108.0 107.0
119.0 109.0
107.0 109.0
121.0 113.0
99.0 114.0
114.0 116.0
91.0 116.0
114.0 120.0
102.0 122.0
130.0 123.0
98.0 129.0
91.0 131.0
91.0 134.0
86.0 137.0
153.0 145.0
88.0 146.0
