32.0 23.0
85.0 33.0
51.0 34.0
64.0 35.0
49.0 42.0
38.0 42.0
49.0 45.0
51.0 46.0
59.0 48.0
59.0 49.0
58.0 49.0
74.0 49.0
49.0 50.0
58.0 50.0
75.0 53.0
133.0 54.0
86.0 56.0
63.0 59.0
93.0 61.0
67.0 61.0
114.0 62.0
79.0 62.0
83.0 63.0
59.0 63.0
55.0 63.0
64.0 63.0
109.0 64.0
77.0 64.0
117.0 64.0
70.0 65.0
99.0 65.0
65.0 65.0
135.0 66.0
77.0 66.0
93.0 67.0
108.0 67.0
104.0 68.0
92.0 68.0
71.0 69.0
88.0 71.0
96.0 71.0
74.0 71.0
88.0 72.0
59.0 73.0
136.0 73.0
82.0 74.0
84.0 74.0
103.0 75.0
110.0 75.0
93.0 75.0
75.0 76.0
92.0 76.0
98.0 76.0
94.0 76.0
55.0 77.0
80.0 78.0
94.0 78.0
70.0 79.0
82.0 79.0
131.0 80.0
84.0 80.0
77.0 81.0
99.0 81.0
59.0 82.0
118.0 82.0
84.0 82.0
96.0 82.0
87.0 83.0
91.0 83.0
103.0 84.0
107.0 84.0
57.0 84.0
103.0 85.0
80.0 85.0
98.0 85.0
72.0 88.0
70.0 89.0
83.0 90.0
92.0 92.0
61.0 94.0
94.0 94.0
98.0 97.0
100.0 97.0
104.0 97.0
95.0 98.0
82.0 100.0
72.0 100.0
115.0 101.0
102.0 101.0
97.0 104.0
103.0 105.0
66.0 111.0
123.0 112.0
89.0 115.0
103.0 127.0
