145.0 109.0
152.0 122.0
180.0 127.0
142.0 128.0
165.0 130.0
124.0 130.0
133.0 132.0
134.0 134.0
153.0 134.0
152.0 135.0
174.0 136.0
131.0 138.0
163.0 138.0
148.0 140.0
143.0 141.0
128.0 141.0
146.0 142.0
159.0 142.0
163.0 146.0
140.0 147.0
152.0 147.0
154.0 147.0
145.0 147.0
137.0 148.0
149.0 149.0
141.0 150.0
148.0 150.0
146.0 150.0
158.0 150.0
154.0 150.0
137.0 151.0
162.0 152.0
160.0 152.0
153.0 153.0
139.0 153.0
138.0 153.0
153.0 153.0
163.0 154.0
159.0 155.0
162.0 156.0
157.0 156.0
161.0 156.0
152.0 156.0
155.0 156.0
158.0 156.0
160.0 156.0
148.0 156.0
160.0 157.0
139.0 157.0
160.0 157.0
161.0 157.0
143.0 157.0
165.0 158.0
157.0 158.0
159.0 158.0
157.0 159.0
161.0 159.0
163.0 159.0
156.0 159.0
152.0 159.0
154.0 159.0
132.0 159.0
158.0 161.0
162.0 161.0
156.0 161.0
158.0 161.0
160.0 161.0
159.0 162.0
160.0 162.0
108.0 162.0
163.0 163.0
157.0 163.0
159.0 163.0
163.0 164.0
156.0 164.0
133.0 164.0
132.0 164.0
164.0 165.0
164.0 165.0
157.0 165.0
161.0 166.0
170.0 166.0
154.0 166.0
162.0 167.0
162.0 167.0
131.0 168.0
141.0 169.0
151.0 170.0
158.0 171.0
169.0 172.0
162.0 173.0
156.0 173.0
131.0 178.0
139.0 180.0
