61.0 41.0
56.0 45.0
57.0 51.0
53.0 58.0
147.0 63.0
75.0 63.0
65.0 66.0
51.0 70.0
76.0 71.0
74.0 72.0
59.0 73.0
85.0 74.0
82.0 75.0
79.0 76.0
80.0 76.0
76.0 76.0
84.0 76.0
62.0 79.0
70.0 79.0
80.0 79.0
90.0 81.0
88.0 84.0
70.0 84.0
63.0 84.0
83.0 86.0
48.0 87.0
78.0 89.0
79.0 90.0
58.0 92.0
79.0 92.0
73.0 92.0
61.0 93.0
76.0 94.0
62.0 94.0
92.0 95.0
82.0 99.0
69.0 100.0
87.0 103.0
112.0 104.0
89.0 109.0
118.0 111.0
75.0 111.0
82.0 114.0
101.0 114.0
90.0 115.0
89.0 118.0
66.0 119.0
75.0 121.0
133.0 125.0
96.0 128.0
96.0 129.0
84.0 135.0
