20511.0 0.0
17620.0 0.0
14622.0 0.0
-14626.0 0.0
-10286.0 0.0
11817.0 0.0
-13366.0 0.0
14484.0 0.0
-19799.0 0.0
2671.0 0.0
6575.0 0.0
2201.0 0.0
-16350.0 0.0
4261.0 0.0
3353.0 0.0
3642.0 0.0
-15377.0 0.0
10036.0 0.0
-5565.0 0.0
20497.0 0.0
2338.0 0.0
11093.0 0.0
18264.0 0.0
20873.0 0.0
21222.0 0.0
-7255.0 0.0
2373.0 0.0
308.0 0.0
18850.0 0.0
-5725.0 0.0
-10113.0 0.0
14579.0 0.0
-10300.0 0.0
2897.0 0.0
-4450.0 0.0
7671.0 0.0
-13804.0 0.0
12534.0 0.0
12910.0 0.0
2889.0 0.0
19703.0 0.0
-5409.0 0.0
-13.0 0.0
-17052.0 0.0
11751.0 0.0
14694.0 0.0
3373.0 0.0
-18383.0 0.0
7523.0 0.0
2752.0 0.0
-7303.0 0.0
-18791.0 0.0
-14641.0 0.0
-4466.0 0.0
18577.0 0.0
7860.0 0.0
-5905.0 0.0
-5565.0 0.0
-2788.0 0.0
-11133.0 0.0
3346.0 0.0
-6398.0 0.0
20982.0 0.0
-2513.0 0.0
4929.0 0.0
2916.0 0.0
2649.0 0.0
3642.0 0.0
20982.0 0.0
-8583.0 0.0
-13623.0 0.0
8926.0 0.0
12946.0 0.0
