18647.0 0.0
-2519.0 0.0
18577.0 0.0
12209.0 0.0
4305.0 0.0
20447.0 0.0
20706.0 0.0
6158.0 0.0
17620.0 0.0
834.0 0.0
-2590.0 0.0
-7010.0 0.0
6941.0 0.0
-21066.0 0.0
-17397.0 0.0
14416.0 0.0
-7040.0 0.0
7860.0 0.0
13281.0 0.0
20982.0 0.0
-6882.0 0.0
-3856.0 0.0
11770.0 0.0
20706.0 0.0
20982.0 0.0
7451.0 0.0
-2519.0 0.0
3098.0 0.0
-1757.0 0.0
19196.0 0.0
308.0 0.0
3643.0 0.0
11751.0 0.0
13679.0 0.0
4088.0 0.0
12753.0 0.0
20511.0 0.0
21321.0 0.0
14123.0 0.0
19670.0 0.0
2671.0 0.0
-627.0 0.0
20946.0 0.0
4020.0 0.0
21116.0 0.0
