111.0 60.0
108.0 72.0
78.0 73.0
103.0 73.0
125.0 84.0
138.0 84.0
98.0 87.0
105.0 89.0
134.0 91.0
129.0 100.0
71.0 101.0
143.0 106.0
108.0 107.0
119.0 109.0
107.0 109.0
123.0 112.0
121.0 113.0
106.0 114.0
151.0 114.0
114.0 116.0
106.0 117.0
121.0 118.0
113.0 121.0
100.0 122.0
130.0 123.0
99.0 128.0
104.0 128.0
98.0 129.0
156.0 130.0
91.0 131.0
105.0 132.0
125.0 135.0
124.0 137.0
86.0 137.0
103.0 137.0
135.0 137.0
144.0 141.0
139.0 144.0
153.0 145.0
129.0 146.0
154.0 147.0
130.0 147.0
142.0 148.0
145.0 152.0
175.0 166.0
136.0 178.0
