38.55073414155352 47.2124571147093
48.830370859334074 49.82458319752645
46.477056961894704 53.5777324975672
58.20911177409562 55.26106305911752
50.627961882267904 55.37811160657197
65.59922201676719 56.76096694298574
58.582558880366996 56.928225389996854
62.75466089938536 58.57170494776038
60.15796315116106 62.401867624939705
62.44835459632218 63.34627191531594
67.28170985447686 64.16367505880703
64.55049873804893 64.60091611404823
60.54888469112077 65.6298044369993
68.97308324662768 66.81600135625295
87.33420071081565 73.66058626566092
91.9806668371119 74.00759986931988
81.56384441537962 74.67483139704454
71.15960780977156 74.7311875608526
72.8617234319536 75.30133371210086
103.96422148190047 76.06177223047261
73.87147851842043 76.44035551597571
77.02840247803016 76.53808367201974
81.41959378434355 76.92972903875608
73.05048029552073 77.92510622719986
95.51475989949027 79.82806944478972
82.91869618821107 80.35518254365812
80.94086496776659 81.33598163567335
88.09720467382971 81.4830167158907
85.29806947895729 81.55732501712001
89.79667408599674 81.8724568166885
97.92986423104986 82.3916829723166
75.6997055339111 82.50433205100664
80.71802597510181 82.77535101999769
97.18807208506065 85.24453763645124
72.60894590884675 85.43227096171337
96.49616791271207 85.96505993385463
106.67945131998766 86.61567142764143
81.41349425706895 86.70311749151571
87.0018918533161 86.95108649944652
97.76586698388937 87.09636304005335
87.40286599602823 87.86955775136093
82.51426809798694 87.8809226197969
100.16582520071275 87.92430677419797
85.89933283485934 89.23881396216896
80.10392779813493 89.52795712177242
96.42646496860796 90.3128910597509
85.61516543509521 91.19458732298853
85.32806204670128 91.93240356154726
94.61347622600124 92.28167843526086
106.85591100355396 92.72617512177881
95.06883195872364 92.82927735072387
77.00693567119316 94.10027339235747
79.46001247436939 96.05351495816485
97.10348759681948 97.48516280980324
95.8716973897476 98.67274293708174
104.1386423398777 99.76321663060753
111.78354249880728 100.53084793689597
140.35751952836935 101.03193087045119
82.11321288471702 101.90876449806065
104.88226361443935 102.70796337298182
90.60631526348165 102.9753298340665
101.93395145810469 103.05041718694254
109.99988178751872 103.4926045520145
107.6817932573483 103.95316915177422
110.31919431571215 104.24044227088093
108.45916177831418 105.34978819432729
90.09624750172523 105.70101143957547
115.57969865386276 107.07054842835382
90.10071043987402 107.70536273197271
108.0042742456018 107.80126242388023
102.91390187429782 107.8134495227264
127.63840789111251 108.38307492516886
100.01442806573432 108.51191877369656
103.4122060086647 109.06404067627015
94.8541466295891 109.53540843279974
96.12735512894933 110.96601405557493
109.08764660460152 111.17053109072769
114.46144422374026 112.12149516122682
107.52790028582875 112.42788412180464
98.52949623561075 112.52087772950084
113.77785275732249 112.65512774538452
116.70473340492968 112.82424457715369
108.09831171566088 112.85396014667302
112.16954891056703 113.01421473817432
92.0330273514966 113.195691090646
125.0088524464699 113.29055932851395
112.656538142217 113.29455739817622
126.37983837197174 113.53353347064476
102.70643084682516 113.70514014277619
116.61816698437158 113.9221695982395
114.93710495411476 113.99318949863863
116.01263283048719 114.1429778286906
124.19357607578581 114.3218503395045
106.765049930837 114.58721104687032
113.52225505945285 115.3149064390819
121.9588943552202 115.51938009774145
112.73987054440094 115.89060526747771
128.0860086196395 116.59614241669269
121.33871519994429 117.5779366012696
108.3682253715119 117.74205014399712
120.29005379373704 117.7917551995668
138.91416579737367 117.91593776170322
107.61833049167555 118.34935962245397
114.50145366175465 118.71128302940927
105.19509294735943 119.06894624584741
111.88605383042366 119.37471758950694
116.8418841780403 119.5884907886276
125.01193062218383 119.74403349193636
123.52239499665461 120.45080128170991
118.88932933930536 120.57753490532379
132.7134963308618 121.02218110782886
122.21219697788685 121.29844176770304
123.69691449674397 121.57414371866672
120.32869185146308 121.75308422475135
123.05080072884188 121.7786928524336
107.49934474667275 122.3592763906561
104.91944653207533 123.57645024634364
115.65584384024741 123.6570298345856
119.90835834979806 123.87258249714853
119.46296895305362 124.44133496873854
121.22424528162634 124.73078224628365
134.6215802584696 124.87080106001673
129.57255332798317 125.0474215695153
128.51872671529202 125.69116380236798
129.81459504036695 125.70239241948074
123.07942435041767 125.70642317961125
141.3524040117399 125.77568646453474
127.555043185524 125.85684805729461
125.81208766574346 126.667526424556
135.69053443909394 127.25079195143323
121.47224384036294 127.40848453964306
130.06775988330983 127.74747842973979
161.52034192849962 127.94158705113273
131.66514704410216 128.17168621367983
128.97244808886774 128.52575687853167
110.49953088199635 128.8088607490013
133.57602194016357 129.3839314203735
131.5573603265949 130.10626201679358
135.11026754386023 130.5043294296804
151.72404080998825 130.73760059511204
135.1403638820991 130.76551307966446
117.10181151151134 131.52766949048478
136.5849546058005 131.67039331646188
131.57546687941394 131.85497868726156
132.70872525907694 132.02270112139706
123.66115293977295 132.2934641784122
125.92149473306007 132.4002839656888
116.61481691386076 132.57678529965182
114.66085204603739 132.91441579477026
143.52313604033353 133.0405553351143
110.15704299562212 133.14173824084472
115.67174170734842 133.2306621737567
135.05493187831584 133.80934787433577
119.38254533876892 134.05581889802787
138.85848644969235 134.11873737136852
141.33660272996556 135.03084108199462
130.48872478706753 135.18619145553043
136.40431545635388 135.53273265866648
143.42652259546063 135.86294190788308
136.32490740092837 135.9044715584138
160.09200956557638 135.93396633087104
117.46504962449983 136.87885002145842
111.43421631184034 137.19371897353676
141.65347858269197 137.20032500443563
126.57620616402117 137.90424515092076
132.94394556496002 139.15884521093048
142.1014821148896 139.4442290569364
135.86343857054558 139.648111593259
137.2405520887329 139.7222461417332
134.95210496335525 139.95839418955867
154.01751754410364 140.09382722359481
138.98738402852584 140.48927373121612
127.48378197461518 140.69043314555407
138.61536077404716 140.85428517386057
161.74718655968752 141.51426281573308
154.6671870501898 141.56959496356598
143.20829147368406 142.69428964016646
148.2743261021236 143.27647501976338
134.97126355527618 143.4037142222599
130.4186780080005 143.66679810807415
139.99070755404927 144.31730611121492
144.8543939698941 144.51382576524333
148.9380348461753 144.90484741440144
142.69694713231215 145.03969694274102
144.86983600395297 145.20520895942167
123.86933047883541 145.36493928554057
147.1712575014116 146.18170980476154
149.38817800860338 146.4007383538682
129.0702347328424 146.4816089467178
133.82393513031175 146.75704245452997
138.9723797651585 146.86205914103857
144.02384429211762 146.863018601626
134.41909184912333 147.02107819847103
159.4094388338284 148.21995312688176
161.53736260317 148.3828681869185
160.62890720887756 149.07597371725475
167.86863253032155 149.16122078065067
153.36254012004005 150.041221149995
157.68610728866426 150.40846239305228
147.90266893068193 150.6665705691934
131.70883688918542 151.20160085562244
140.3650526376492 151.23082773100063
151.5141239058143 151.2393215793837
137.89043783542957 151.5939478338259
169.10642552456156 151.61458112719967
149.4524745561699 153.2252665262771
149.05201115574334 153.78565709303822
162.76715220827077 154.75198793098846
159.7954444973103 155.84611525506185
151.4898828628397 155.93864026227857
138.67217251368834 156.47749465618347
172.95125070204162 156.50675456185942
150.1594778339604 156.53362116900075
145.5999234165236 158.00615897399172
155.81172018688244 158.45142665483962
166.62679794822313 160.00014828565924
156.6043395449805 160.2299938745268
158.4960302667539 160.4250689277276
155.39916195770823 160.71054261173003
160.29569182389426 160.81747534591065
169.93091705985742 161.3389504375382
168.16178830942806 163.14932793729363
159.3058498778002 163.44682318274516
152.8347666660038 163.5231764383316
167.56005629047363 164.80929716269875
165.38368766603617 165.05728710006053
158.69517948434412 165.08456612624502
160.88794557268974 166.54650324327955
161.3275908208111 167.42081016806057
148.71605568272705 167.6916590446487
179.82678574481793 168.20631978546356
175.94033943840833 172.08668816266416
164.80795505827712 172.6768967403358
177.1361021368511 175.5282810923587
169.65783422274106 175.76043486386715
179.08212578445585 175.91251654990393
169.0987565175759 176.4107077403359
183.11296662273847 176.53003999525245
179.27898040884773 178.50750471415523
172.43526858526573 178.98003899796018
165.30573265961033 178.98417884200077
182.12751514839596 180.2227873195074
173.45520585833017 181.0720503897556
185.51310066525562 181.18023575953163
184.97430266147896 182.74532909406335
186.17348914491578 183.25205952187557
187.04807878970092 183.50524004100492
184.63931785640455 186.8811822118249
178.20117200606936 186.92329536798084
189.09034279261002 187.16663631160102
192.72769811392106 187.51509373794
188.92542563705408 189.5296818841665
190.12330727006352 191.7828861521761
195.0246607956961 195.54139614439953
200.95744855919466 197.54628638784843
198.3895722053986 199.99420153567613
