191.0 118.0
176.0 126.0
153.0 144.0
177.0 147.0
169.0 149.0
159.0 149.0
153.0 150.0
171.0 153.0
164.0 154.0
163.0 156.0
157.0 156.0
190.0 156.0
180.0 157.0
177.0 157.0
179.0 158.0
182.0 159.0
170.0 160.0
174.0 162.0
170.0 162.0
176.0 163.0
175.0 163.0
173.0 163.0
172.0 164.0
195.0 165.0
181.0 167.0
177.0 167.0
165.0 167.0
159.0 168.0
163.0 169.0
178.0 169.0
175.0 171.0
184.0 173.0
169.0 174.0
173.0 176.0
181.0 176.0
183.0 178.0
176.0 178.0
163.0 179.0
180.0 179.0
187.0 180.0
177.0 180.0
179.0 181.0
170.0 184.0
