80.0 52.0
72.0 60.0
94.0 60.0
90.0 65.0
71.0 66.0
72.0 69.0
70.0 70.0
79.0 71.0
71.0 72.0
81.0 72.0
79.0 72.0
78.0 73.0
56.0 75.0
85.0 75.0
86.0 75.0
66.0 76.0
76.0 76.0
97.0 76.0
91.0 76.0
89.0 77.0
93.0 78.0
78.0 78.0
86.0 79.0
84.0 79.0
95.0 79.0
76.0 79.0
74.0 80.0
81.0 80.0
87.0 80.0
84.0 81.0
87.0 81.0
73.0 81.0
70.0 81.0
89.0 82.0
83.0 82.0
83.0 82.0
82.0 83.0
77.0 83.0
86.0 83.0
118.0 84.0
90.0 84.0
98.0 84.0
89.0 84.0
110.0 84.0
75.0 85.0
57.0 85.0
109.0 85.0
84.0 85.0
80.0 85.0
84.0 85.0
73.0 85.0
79.0 86.0
109.0 87.0
94.0 88.0
113.0 88.0
98.0 88.0
78.0 89.0
75.0 89.0
84.0 89.0
89.0 90.0
100.0 90.0
105.0 90.0
93.0 90.0
91.0 91.0
76.0 91.0
100.0 92.0
87.0 92.0
80.0 92.0
107.0 93.0
86.0 93.0
81.0 93.0
86.0 94.0
91.0 94.0
94.0 94.0
81.0 95.0
98.0 95.0
88.0 95.0
99.0 96.0
89.0 98.0
99.0 98.0
85.0 99.0
82.0 99.0
89.0 99.0
102.0 99.0
95.0 101.0
94.0 101.0
73.0 102.0
73.0 102.0
84.0 102.0
147.0 103.0
90.0 103.0
126.0 105.0
111.0 105.0
94.0 106.0
91.0 106.0
68.0 106.0
108.0 107.0
95.0 108.0
91.0 109.0
94.0 112.0
93.0 112.0
105.0 113.0
112.0 113.0
98.0 120.0
102.0 122.0
65.0 126.0
127.0 134.0
75.0 137.0
