21.0 23.0
30.0 24.0
42.0 24.0
47.0 38.0
38.0 39.0
71.0 39.0
65.0 44.0
34.0 44.0
49.0 44.0
37.0 44.0
104.0 45.0
49.0 45.0
48.0 45.0
36.0 45.0
35.0 47.0
43.0 47.0
58.0 48.0
58.0 49.0
44.0 50.0
75.0 51.0
60.0 52.0
42.0 52.0
55.0 53.0
56.0 53.0
56.0 53.0
52.0 54.0
62.0 54.0
43.0 54.0
79.0 54.0
83.0 55.0
60.0 55.0
52.0 55.0
56.0 56.0
33.0 56.0
52.0 56.0
58.0 57.0
48.0 57.0
51.0 57.0
67.0 58.0
106.0 58.0
77.0 58.0
66.0 58.0
98.0 59.0
54.0 59.0
87.0 59.0
94.0 60.0
58.0 60.0
60.0 61.0
39.0 62.0
68.0 63.0
57.0 64.0
75.0 64.0
70.0 64.0
52.0 66.0
61.0 66.0
67.0 67.0
68.0 67.0
51.0 68.0
77.0 68.0
100.0 68.0
68.0 69.0
72.0 69.0
78.0 69.0
65.0 70.0
59.0 70.0
54.0 70.0
75.0 71.0
89.0 72.0
71.0 72.0
81.0 72.0
79.0 72.0
83.0 73.0
78.0 73.0
69.0 74.0
73.0 74.0
88.0 75.0
74.0 75.0
66.0 75.0
35.0 76.0
92.0 77.0
84.0 77.0
67.0 77.0
89.0 77.0
65.0 78.0
65.0 78.0
46.0 79.0
80.0 79.0
102.0 80.0
75.0 80.0
74.0 80.0
72.0 81.0
79.0 81.0
73.0 81.0
80.0 81.0
70.0 81.0
72.0 82.0
59.0 82.0
82.0 82.0
55.0 82.0
88.0 83.0
57.0 84.0
75.0 85.0
57.0 85.0
77.0 86.0
79.0 86.0
94.0 88.0
58.0 89.0
102.0 90.0
77.0 91.0
131.0 92.0
38.0 92.0
55.0 92.0
52.0 93.0
93.0 94.0
94.0 94.0
66.0 95.0
65.0 95.0
61.0 96.0
51.0 96.0
90.0 97.0
51.0 97.0
82.0 98.0
85.0 99.0
85.0 99.0
71.0 102.0
88.0 102.0
76.0 102.0
72.0 102.0
52.0 106.0
103.0 106.0
70.0 109.0
85.0 110.0
85.0 110.0
90.0 110.0
108.0 112.0
68.0 113.0
90.0 114.0
53.0 115.0
94.0 117.0
75.0 118.0
144.0 159.0
107.0 172.0
