122.0 66.0
94.0 73.0
98.0 77.0
104.0 78.0
95.0 80.0
113.0 86.0
95.0 87.0
118.0 87.0
103.0 88.0
103.0 92.0
117.0 93.0
149.0 93.0
93.0 94.0
92.0 95.0
125.0 96.0
97.0 96.0
123.0 96.0
109.0 97.0
88.0 98.0
111.0 99.0
105.0 100.0
107.0 100.0
99.0 101.0
102.0 101.0
107.0 101.0
103.0 103.0
105.0 104.0
95.0 104.0
115.0 104.0
100.0 104.0
103.0 104.0
115.0 104.0
106.0 105.0
104.0 105.0
101.0 105.0
112.0 106.0
100.0 106.0
106.0 107.0
106.0 107.0
116.0 107.0
94.0 108.0
113.0 108.0
104.0 108.0
114.0 108.0
108.0 108.0
112.0 109.0
106.0 109.0
114.0 110.0
104.0 110.0
98.0 112.0
119.0 114.0
93.0 117.0
104.0 118.0
