68.0 63.0
101.0 65.0
148.0 76.0
132.0 77.0
131.0 81.0
139.0 91.0
116.0 94.0
117.0 95.0
104.0 98.0
148.0 99.0
135.0 103.0
123.0 106.0
160.0 107.0
150.0 107.0
116.0 111.0
133.0 114.0
166.0 114.0
130.0 116.0
132.0 116.0
109.0 118.0
128.0 119.0
147.0 120.0
162.0 121.0
147.0 122.0
135.0 123.0
137.0 123.0
144.0 124.0
131.0 124.0
148.0 125.0
133.0 125.0
158.0 126.0
147.0 126.0
162.0 127.0
129.0 129.0
145.0 129.0
131.0 131.0
122.0 131.0
147.0 132.0
136.0 134.0
152.0 134.0
156.0 135.0
135.0 135.0
146.0 135.0
150.0 135.0
114.0 136.0
144.0 136.0
130.0 137.0
139.0 141.0
151.0 142.0
154.0 143.0
110.0 144.0
127.0 145.0
151.0 146.0
143.0 146.0
175.0 147.0
136.0 147.0
172.0 147.0
175.0 150.0
149.0 150.0
180.0 151.0
153.0 154.0
124.0 156.0
174.0 156.0
162.0 158.0
140.0 159.0
173.0 159.0
171.0 160.0
133.0 167.0
135.0 167.0
184.0 173.0
177.0 185.0
