4305.0 0.0
7136.0 0.0
-3029.0 0.0
2195.0 0.0
21321.0 0.0
14416.0 0.0
-16777.0 0.0
-2519.0 0.0
-3289.0 0.0
-10861.0 0.0
15688.0 0.0
19670.0 0.0
2909.0 0.0
20706.0 0.0
10369.0 0.0
16196.0 0.0
1270.0 0.0
-10932.0 0.0
-2519.0 0.0
-7040.0 0.0
17818.0 0.0
5723.0 0.0
-3856.0 0.0
-15080.0 0.0
20447.0 0.0
6095.0 0.0
19670.0 0.0
-2109.0 0.0
-10653.0 0.0
-2590.0 0.0
-5139.0 0.0
8859.0 0.0
-12215.0 0.0
-3673.0 0.0
565.0 0.0
3098.0 0.0
-12709.0 0.0
-11358.0 0.0
2581.0 0.0
13679.0 0.0
834.0 0.0
5057.0 0.0
21116.0 0.0
2918.0 0.0
20706.0 0.0
6095.0 0.0
12753.0 0.0
2879.0 0.0
4088.0 0.0
-8997.0 0.0
16291.0 0.0
2649.0 0.0
12094.0 0.0
