47.8114008399181 51.76072267009418
53.42438924233238 58.237059468915874
73.6665471474323 63.96246866539521
67.664076250141 69.32486588500011
87.26601934798317 81.71626151779135
77.12699838235716 81.76572780508441
84.95304507581422 87.4344186965964
86.55140498847845 89.40476699936237
97.11985921470215 91.02273954002494
92.49689103633655 102.17553601572963
115.75920087763758 107.86755644480225
111.50301902983055 113.08905445486005
127.26771227999318 114.46000161329766
112.45596998175222 118.34670904767881
110.1481503279092 122.27119326953209
119.9260607959906 122.41406306965924
135.03553063685806 124.92174093979784
126.9466925706596 127.67232214149702
124.6794608756833 128.44461457687154
142.93621669147564 129.49925517533762
120.5062679812362 132.63638759072032
160.99282713556877 135.38795893257475
137.8578755329308 135.4892781343693
133.1024709286832 139.26827343187242
145.30233184274758 141.21289660587624
156.57274123417173 154.35077587444383
159.27541388822473 160.87790938468189
156.06571948223748 166.5264531583056
171.05523558492285 170.84408384613695
178.35133618699413 182.63879643610466
185.0458943572814 183.95749819152715
195.72916762659884 193.60951752451223
