4908.0 0.0
7671.0 0.0
-14483.0 0.0
6575.0 0.0
-4466.0 0.0
2649.0 0.0
-19799.0 0.0
-6398.0 0.0
4261.0 0.0
11093.0 0.0
18850.0 0.0
3642.0 0.0
-14626.0 0.0
-15377.0 0.0
-8583.0 0.0
14484.0 0.0
21222.0 0.0
12534.0 0.0
3642.0 0.0
-5905.0 0.0
-10300.0 0.0
12910.0 0.0
3353.0 0.0
-18383.0 0.0
7523.0 0.0
-14641.0 0.0
4929.0 0.0
-3867.0 0.0
-13366.0 0.0
-7255.0 0.0
-5725.0 0.0
11890.0 0.0
-13804.0 0.0
-16350.0 0.0
14579.0 0.0
8926.0 0.0
-2513.0 0.0
2889.0 0.0
2373.0 0.0
15266.0 0.0
-11133.0 0.0
-10113.0 0.0
