67.0 61.0
103.0 75.0
89.0 78.0
112.0 78.0
102.0 78.0
110.0 79.0
117.0 80.0
84.0 80.0
88.0 82.0
87.0 83.0
125.0 84.0
86.0 86.0
94.0 87.0
106.0 89.0
92.0 90.0
113.0 91.0
126.0 92.0
79.0 93.0
94.0 93.0
95.0 94.0
93.0 96.0
106.0 96.0
110.0 97.0
100.0 97.0
109.0 97.0
87.0 98.0
93.0 98.0
85.0 99.0
72.0 100.0
111.0 100.0
111.0 100.0
103.0 101.0
102.0 101.0
121.0 101.0
110.0 101.0
122.0 101.0
105.0 101.0
111.0 102.0
94.0 102.0
105.0 103.0
89.0 105.0
92.0 105.0
109.0 105.0
104.0 105.0
108.0 105.0
103.0 105.0
109.0 105.0
102.0 106.0
110.0 108.0
140.0 108.0
85.0 108.0
113.0 109.0
97.0 109.0
105.0 109.0
120.0 110.0
93.0 110.0
114.0 110.0
113.0 110.0
129.0 111.0
111.0 112.0
144.0 112.0
92.0 113.0
106.0 113.0
137.0 114.0
114.0 114.0
93.0 114.0
90.0 115.0
107.0 115.0
117.0 116.0
123.0 117.0
75.0 117.0
102.0 118.0
88.0 119.0
103.0 119.0
83.0 120.0
135.0 121.0
82.0 121.0
100.0 126.0
133.0 128.0
98.0 128.0
125.0 129.0
149.0 131.0
95.0 132.0
115.0 133.0
137.0 134.0
126.0 135.0
106.0 136.0
114.0 136.0
112.0 137.0
96.0 152.0
