148.0 137.0
157.0 143.0
124.0 143.0
156.0 149.0
153.0 149.0
159.0 149.0
169.0 150.0
158.0 150.0
156.0 150.0
155.0 151.0
169.0 154.0
164.0 155.0
145.0 157.0
127.0 157.0
167.0 159.0
115.0 159.0
161.0 160.0
155.0 161.0
146.0 162.0
166.0 162.0
169.0 162.0
171.0 162.0
156.0 163.0
163.0 164.0
148.0 164.0
154.0 165.0
164.0 165.0
163.0 165.0
164.0 165.0
141.0 165.0
167.0 165.0
169.0 166.0
163.0 166.0
160.0 166.0
171.0 168.0
169.0 168.0
164.0 168.0
165.0 169.0
140.0 170.0
132.0 171.0
167.0 171.0
171.0 171.0
170.0 171.0
144.0 172.0
151.0 172.0
182.0 174.0
162.0 175.0
150.0 175.0
175.0 176.0
147.0 178.0
168.0 179.0
173.0 179.0
166.0 179.0
156.0 180.0
172.0 185.0
149.0 185.0
153.0 186.0
156.0 186.0
180.0 188.0
115.0 189.0
136.0 190.0
