-627.0 0.0
-11024.0 0.0
13679.0 0.0
13505.0 0.0
13505.0 0.0
6095.0 0.0
2909.0 0.0
-7040.0 0.0
7136.0 0.0
20447.0 0.0
-17133.0 0.0
-3673.0 0.0
-21066.0 0.0
-12709.0 0.0
12946.0 0.0
-6882.0 0.0
-2590.0 0.0
-9535.0 0.0
21116.0 0.0
11890.0 0.0
-16069.0 0.0
6095.0 0.0
3643.0 0.0
-2519.0 0.0
-17723.0 0.0
-11610.0 0.0
-3216.0 0.0
10369.0 0.0
5723.0 0.0
2671.0 0.0
-11002.0 0.0
-3856.0 0.0
-20607.0 0.0
-2519.0 0.0
16291.0 0.0
19196.0 0.0
21321.0 0.0
20946.0 0.0
-11265.0 0.0
-11610.0 0.0
-7490.0 0.0
20511.0 0.0
-21128.0 0.0
-7490.0 0.0
-16777.0 0.0
-2109.0 0.0
2879.0 0.0
565.0 0.0
-3289.0 0.0
4020.0 0.0
-9235.0 0.0
17620.0 0.0
