113.0 80.0
129.0 80.0
123.0 83.0
104.0 83.0
161.0 90.0
142.0 99.0
113.0 101.0
128.0 105.0
114.0 108.0
113.0 110.0
147.0 111.0
131.0 114.0
162.0 116.0
105.0 118.0
106.0 119.0
115.0 119.0
139.0 120.0
168.0 121.0
135.0 123.0
136.0 123.0
169.0 125.0
123.0 125.0
160.0 126.0
139.0 126.0
134.0 127.0
161.0 127.0
160.0 127.0
137.0 128.0
147.0 128.0
167.0 130.0
146.0 130.0
154.0 130.0
165.0 130.0
147.0 130.0
165.0 131.0
143.0 132.0
125.0 132.0
147.0 132.0
140.0 133.0
144.0 133.0
124.0 135.0
164.0 135.0
123.0 136.0
158.0 136.0
134.0 137.0
152.0 137.0
149.0 139.0
141.0 139.0
171.0 140.0
184.0 140.0
148.0 140.0
161.0 141.0
142.0 142.0
145.0 142.0
137.0 143.0
144.0 143.0
155.0 144.0
131.0 144.0
162.0 145.0
160.0 145.0
137.0 145.0
137.0 146.0
136.0 146.0
146.0 146.0
153.0 146.0
146.0 147.0
135.0 147.0
179.0 147.0
123.0 148.0
170.0 148.0
154.0 149.0
160.0 150.0
160.0 150.0
132.0 151.0
163.0 152.0
161.0 154.0
176.0 154.0
149.0 154.0
181.0 154.0
150.0 155.0
111.0 156.0
155.0 156.0
139.0 156.0
124.0 158.0
156.0 159.0
165.0 159.0
157.0 160.0
160.0 163.0
143.0 163.0
160.0 164.0
109.0 165.0
143.0 167.0
161.0 169.0
143.0 170.0
165.0 170.0
110.0 170.0
99.0 171.0
130.0 172.0
157.0 174.0
165.0 174.0
170.0 176.0
140.0 178.0
147.0 179.0
175.0 179.0
165.0 183.0
100.0 184.0
181.0 184.0
