56.0 45.0
56.0 53.0
134.0 59.0
142.0 61.0
59.0 63.0
55.0 63.0
77.0 68.0
105.0 68.0
145.0 69.0
78.0 70.0
59.0 73.0
75.0 75.0
76.0 76.0
70.0 79.0
80.0 79.0
80.0 79.0
59.0 82.0
89.0 82.0
84.0 82.0
94.0 82.0
82.0 82.0
92.0 83.0
90.0 84.0
84.0 84.0
89.0 85.0
80.0 86.0
71.0 86.0
70.0 89.0
91.0 89.0
79.0 90.0
102.0 90.0
91.0 90.0
90.0 90.0
95.0 91.0
92.0 92.0
79.0 92.0
87.0 92.0
110.0 92.0
61.0 93.0
91.0 93.0
52.0 93.0
93.0 94.0
102.0 94.0
93.0 94.0
83.0 94.0
93.0 94.0
69.0 95.0
61.0 96.0
82.0 98.0
82.0 99.0
82.0 100.0
89.0 100.0
96.0 100.0
115.0 101.0
140.0 101.0
100.0 101.0
71.0 102.0
77.0 102.0
103.0 102.0
106.0 103.0
98.0 103.0
87.0 103.0
80.0 104.0
97.0 104.0
105.0 107.0
101.0 108.0
89.0 109.0
82.0 109.0
90.0 110.0
113.0 111.0
66.0 111.0
120.0 111.0
77.0 112.0
79.0 112.0
103.0 112.0
101.0 114.0
91.0 114.0
136.0 114.0
81.0 115.0
115.0 117.0
89.0 118.0
125.0 119.0
66.0 119.0
124.0 120.0
106.0 120.0
68.0 121.0
75.0 121.0
124.0 121.0
106.0 122.0
105.0 122.0
108.0 124.0
93.0 125.0
95.0 125.0
102.0 125.0
106.0 125.0
112.0 125.0
98.0 125.0
93.0 126.0
104.0 128.0
78.0 131.0
97.0 132.0
119.0 135.0
83.0 137.0
119.0 143.0
135.0 148.0
125.0 151.0
90.0 151.0
136.0 161.0
107.0 172.0
