-17723.0 0.0
-2662.0 0.0
-10861.0 0.0
7451.0 0.0
-6098.0 0.0
11910.0 0.0
-627.0 0.0
8782.0 0.0
1270.0 0.0
-15182.0 0.0
-1757.0 0.0
21387.0 0.0
13346.0 0.0
591.0 0.0
2925.0 0.0
-14099.0 0.0
17690.0 0.0
2640.0 0.0
2925.0 0.0
2790.0 0.0
20946.0 0.0
-3029.0 0.0
-12427.0 0.0
1560.0 0.0
-7790.0 0.0
-7359.0 0.0
16269.0 0.0
-9785.0 0.0
787.0 0.0
-1730.0 0.0
-10741.0 0.0
2099.0 0.0
2668.0 0.0
7195.0 0.0
2581.0 0.0
-10653.0 0.0
-19182.0 0.0
6158.0 0.0
-4668.0 0.0
-14525.0 0.0
17526.0 0.0
16120.0 0.0
14416.0 0.0
9551.0 0.0
2639.0 0.0
21321.0 0.0
16877.0 0.0
-3392.0 0.0
-11358.0 0.0
2918.0 0.0
-21439.0 0.0
11770.0 0.0
6417.0 0.0
8508.0 0.0
3258.0 0.0
8859.0 0.0
-10054.0 0.0
-18398.0 0.0
4088.0 0.0
-5462.0 0.0
15957.0 0.0
-3858.0 0.0
-9755.0 0.0
9041.0 0.0
20706.0 0.0
-21231.0 0.0
20706.0 0.0
11034.0 0.0
-13784.0 0.0
2657.0 0.0
2648.0 0.0
-7381.0 0.0
12209.0 0.0
-17033.0 0.0
12801.0 0.0
6941.0 0.0
-7562.0 0.0
3098.0 0.0
2790.0 0.0
4593.0 0.0
-6105.0 0.0
20481.0 0.0
-8087.0 0.0
2639.0 0.0
12374.0 0.0
-13256.0 0.0
10085.0 0.0
834.0 0.0
-16100.0 0.0
-18316.0 0.0
-18822.0 0.0
-13399.0 0.0
-2061.0 0.0
-3392.0 0.0
-17397.0 0.0
8273.0 0.0
4079.0 0.0
-4718.0 0.0
-7788.0 0.0
-3856.0 0.0
5165.0 0.0
2898.0 0.0
18647.0 0.0
14123.0 0.0
-15289.0 0.0
-5291.0 0.0
12094.0 0.0
2668.0 0.0
13145.0 0.0
2676.0 0.0
2799.0 0.0
10212.0 0.0
-9158.0 0.0
13278.0 0.0
-2662.0 0.0
806.0 0.0
8369.0 0.0
-12215.0 0.0
-2662.0 0.0
-12957.0 0.0
4908.0 0.0
-107.0 0.0
13281.0 0.0
-7010.0 0.0
2330.0 0.0
-7790.0 0.0
17191.0 0.0
-17965.0 0.0
-21066.0 0.0
-2310.0 0.0
-16883.0 0.0
-17466.0 0.0
7833.0 0.0
-9807.0 0.0
11798.0 0.0
-21355.0 0.0
-8997.0 0.0
18612.0 0.0
19670.0 0.0
-10507.0 0.0
-8884.0 0.0
-10054.0 0.0
6885.0 0.0
2404.0 0.0
-4053.0 0.0
5034.0 0.0
-7366.0 0.0
-21065.0 0.0
-6176.0 0.0
-1663.0 0.0
9721.0 0.0
11530.0 0.0
12753.0 0.0
-17944.0 0.0
-13382.0 0.0
2195.0 0.0
-3191.0 0.0
-2662.0 0.0
