-4668.0 0.0
12753.0 0.0
-10932.0 0.0
-20804.0 0.0
5723.0 0.0
6095.0 0.0
20982.0 0.0
834.0 0.0
10036.0 0.0
2918.0 0.0
8859.0 0.0
20511.0 0.0
14123.0 0.0
3643.0 0.0
-7040.0 0.0
4088.0 0.0
6941.0 0.0
17818.0 0.0
-20607.0 0.0
-10861.0 0.0
21321.0 0.0
13505.0 0.0
-17723.0 0.0
-15080.0 0.0
-6882.0 0.0
-627.0 0.0
-11610.0 0.0
17620.0 0.0
-21066.0 0.0
2909.0 0.0
-16777.0 0.0
-9235.0 0.0
6095.0 0.0
-11002.0 0.0
12946.0 0.0
4305.0 0.0
-7490.0 0.0
-3029.0 0.0
16291.0 0.0
565.0 0.0
20982.0 0.0
308.0 0.0
20706.0 0.0
19670.0 0.0
3098.0 0.0
-3289.0 0.0
-2109.0 0.0
2671.0 0.0
5057.0 0.0
-12709.0 0.0
20706.0 0.0
10369.0 0.0
20447.0 0.0
2649.0 0.0
18577.0 0.0
2752.0 0.0
-3673.0 0.0
-3856.0 0.0
13679.0 0.0
-5139.0 0.0
-2519.0 0.0
20946.0 0.0
2581.0 0.0
-2590.0 0.0
-21128.0 0.0
-12215.0 0.0
-11265.0 0.0
-2519.0 0.0
11890.0 0.0
-9535.0 0.0
16196.0 0.0
7136.0 0.0
19196.0 0.0
4020.0 0.0
-7490.0 0.0
-11610.0 0.0
-11024.0 0.0
21116.0 0.0
2879.0 0.0
-16069.0 0.0
13505.0 0.0
