-18383.0 0.0
-14626.0 0.0
2338.0 0.0
10036.0 0.0
-8757.0 0.0
-12709.0 0.0
13679.0 0.0
-11133.0 0.0
17620.0 0.0
-17769.0 0.0
5723.0 0.0
12946.0 0.0
-17291.0 0.0
11751.0 0.0
-21128.0 0.0
2649.0 0.0
10534.0 0.0
-2519.0 0.0
10804.0 0.0
20982.0 0.0
-9235.0 0.0
2916.0 0.0
3643.0 0.0
20873.0 0.0
-16520.0 0.0
7136.0 0.0
-5139.0 0.0
-10286.0 0.0
20982.0 0.0
15898.0 0.0
-4466.0 0.0
-10932.0 0.0
-14985.0 0.0
-4450.0 0.0
18577.0 0.0
-7040.0 0.0
2897.0 0.0
8926.0 0.0
5471.0 0.0
2201.0 0.0
-10113.0 0.0
2649.0 0.0
14622.0 0.0
-16350.0 0.0
3353.0 0.0
-6882.0 0.0
15266.0 0.0
-11024.0 0.0
-7303.0 0.0
3346.0 0.0
-17133.0 0.0
2889.0 0.0
20511.0 0.0
-11265.0 0.0
19196.0 0.0
-13.0 0.0
-2513.0 0.0
-20607.0 0.0
3373.0 0.0
2909.0 0.0
19670.0 0.0
14694.0 0.0
14484.0 0.0
15688.0 0.0
2671.0 0.0
-19799.0 0.0
-5905.0 0.0
-16777.0 0.0
-18791.0 0.0
21222.0 0.0
-15377.0 0.0
565.0 0.0
5057.0 0.0
11817.0 0.0
14697.0 0.0
-15080.0 0.0
9227.0 0.0
1143.0 0.0
-14483.0 0.0
-13623.0 0.0
-20812.0 0.0
17818.0 0.0
6095.0 0.0
-18220.0 0.0
18264.0 0.0
-16069.0 0.0
3642.0 0.0
-2519.0 0.0
-3673.0 0.0
6146.0 0.0
12534.0 0.0
-3289.0 0.0
-6398.0 0.0
21116.0 0.0
7860.0 0.0
-7255.0 0.0
20447.0 0.0
20693.0 0.0
2909.0 0.0
308.0 0.0
-3867.0 0.0
-5725.0 0.0
13505.0 0.0
3642.0 0.0
19703.0 0.0
-5211.0 0.0
6095.0 0.0
13505.0 0.0
-7490.0 0.0
6575.0 0.0
4305.0 0.0
19875.0 0.0
-10300.0 0.0
-13804.0 0.0
21376.0 0.0
16589.0 0.0
4261.0 0.0
2752.0 0.0
12910.0 0.0
-6730.0 0.0
-5409.0 0.0
7523.0 0.0
16196.0 0.0
7671.0 0.0
-14641.0 0.0
-7490.0 0.0
-11002.0 0.0
9716.0 0.0
-2788.0 0.0
20397.0 0.0
13265.0 0.0
-5565.0 0.0
2917.0 0.0
2879.0 0.0
-11610.0 0.0
-19354.0 0.0
17482.0 0.0
-13366.0 0.0
8625.0 0.0
18850.0 0.0
-2590.0 0.0
-5565.0 0.0
-11610.0 0.0
18309.0 0.0
10369.0 0.0
8665.0 0.0
4020.0 0.0
-17052.0 0.0
-2109.0 0.0
11890.0 0.0
16291.0 0.0
-17217.0 0.0
20497.0 0.0
2373.0 0.0
2898.0 0.0
14579.0 0.0
-10910.0 0.0
11093.0 0.0
-8583.0 0.0
-3216.0 0.0
-9535.0 0.0
6555.0 0.0
-20804.0 0.0
9716.0 0.0
-1470.0 0.0
4929.0 0.0
-20812.0 0.0
2650.0 0.0
