86.0 56.0
65.0 57.0
111.0 60.0
73.0 60.0
94.0 63.0
90.0 65.0
104.0 66.0
97.0 68.0
70.0 70.0
108.0 72.0
78.0 73.0
103.0 73.0
90.0 74.0
87.0 75.0
85.0 75.0
97.0 76.0
97.0 76.0
89.0 78.0
78.0 78.0
102.0 78.0
124.0 79.0
110.0 79.0
95.0 79.0
117.0 80.0
113.0 80.0
117.0 80.0
94.0 80.0
87.0 80.0
90.0 81.0
87.0 81.0
84.0 81.0
87.0 81.0
88.0 82.0
82.0 83.0
76.0 83.0
90.0 83.0
86.0 83.0
83.0 83.0
90.0 84.0
98.0 84.0
104.0 84.0
89.0 84.0
79.0 84.0
123.0 84.0
125.0 84.0
73.0 85.0
109.0 85.0
67.0 85.0
80.0 85.0
86.0 85.0
73.0 85.0
87.0 86.0
115.0 86.0
81.0 86.0
116.0 86.0
86.0 86.0
98.0 87.0
90.0 87.0
89.0 87.0
94.0 87.0
70.0 88.0
100.0 88.0
113.0 88.0
98.0 88.0
92.0 88.0
111.0 89.0
122.0 89.0
78.0 89.0
91.0 89.0
105.0 89.0
106.0 89.0
75.0 89.0
84.0 89.0
92.0 90.0
100.0 90.0
89.0 90.0
100.0 90.0
105.0 90.0
134.0 91.0
89.0 91.0
104.0 91.0
101.0 91.0
91.0 91.0
113.0 91.0
76.0 91.0
126.0 92.0
92.0 92.0
100.0 92.0
80.0 92.0
86.0 92.0
86.0 93.0
107.0 93.0
94.0 93.0
91.0 94.0
94.0 94.0
81.0 95.0
88.0 95.0
73.0 96.0
68.0 96.0
93.0 96.0
106.0 96.0
92.0 97.0
110.0 97.0
81.0 97.0
109.0 97.0
109.0 97.0
97.0 97.0
99.0 98.0
87.0 98.0
82.0 99.0
93.0 99.0
97.0 99.0
89.0 99.0
102.0 99.0
129.0 100.0
111.0 100.0
94.0 100.0
111.0 100.0
111.0 100.0
122.0 101.0
102.0 101.0
121.0 101.0
110.0 101.0
95.0 101.0
94.0 101.0
122.0 101.0
105.0 101.0
111.0 102.0
94.0 102.0
103.0 102.0
147.0 103.0
105.0 103.0
106.0 103.0
90.0 103.0
88.0 103.0
98.0 103.0
114.0 104.0
126.0 105.0
89.0 105.0
92.0 105.0
111.0 105.0
104.0 105.0
108.0 105.0
103.0 105.0
106.0 105.0
109.0 105.0
143.0 106.0
134.0 106.0
102.0 106.0
94.0 106.0
91.0 106.0
94.0 106.0
107.0 107.0
91.0 107.0
122.0 107.0
108.0 107.0
110.0 107.0
115.0 107.0
110.0 108.0
101.0 108.0
96.0 108.0
140.0 108.0
112.0 108.0
85.0 108.0
95.0 108.0
113.0 109.0
119.0 109.0
97.0 109.0
114.0 109.0
90.0 109.0
91.0 109.0
107.0 109.0
105.0 109.0
120.0 110.0
93.0 110.0
114.0 110.0
113.0 110.0
96.0 111.0
129.0 111.0
98.0 111.0
107.0 112.0
76.0 112.0
72.0 112.0
94.0 112.0
144.0 112.0
93.0 112.0
121.0 113.0
92.0 113.0
79.0 113.0
105.0 113.0
106.0 113.0
112.0 113.0
137.0 114.0
106.0 114.0
125.0 114.0
114.0 114.0
93.0 114.0
90.0 115.0
90.0 115.0
92.0 115.0
107.0 115.0
114.0 116.0
91.0 116.0
123.0 117.0
94.0 117.0
75.0 117.0
106.0 117.0
123.0 118.0
121.0 118.0
112.0 118.0
102.0 118.0
139.0 119.0
119.0 119.0
88.0 119.0
103.0 119.0
114.0 119.0
103.0 119.0
83.0 120.0
108.0 120.0
99.0 120.0
98.0 120.0
113.0 121.0
135.0 121.0
82.0 121.0
113.0 122.0
130.0 123.0
100.0 123.0
107.0 125.0
111.0 125.0
93.0 126.0
100.0 126.0
111.0 127.0
99.0 128.0
111.0 128.0
133.0 128.0
98.0 128.0
104.0 128.0
98.0 129.0
125.0 129.0
155.0 129.0
156.0 130.0
134.0 130.0
141.0 130.0
91.0 131.0
95.0 131.0
64.0 132.0
95.0 132.0
105.0 132.0
115.0 133.0
137.0 134.0
127.0 134.0
125.0 135.0
67.0 136.0
106.0 136.0
124.0 137.0
86.0 137.0
96.0 137.0
103.0 137.0
75.0 137.0
112.0 137.0
135.0 137.0
143.0 138.0
133.0 139.0
83.0 140.0
154.0 140.0
94.0 141.0
144.0 141.0
136.0 142.0
102.0 142.0
132.0 142.0
139.0 144.0
114.0 144.0
153.0 145.0
95.0 145.0
129.0 146.0
110.0 146.0
154.0 147.0
130.0 147.0
142.0 148.0
145.0 152.0
96.0 152.0
123.0 153.0
119.0 156.0
169.0 158.0
110.0 163.0
168.0 165.0
129.0 166.0
126.0 167.0
136.0 178.0
