95.0 48.0
153.0 49.0
89.0 63.0
84.0 66.0
108.0 67.0
106.0 70.0
102.0 70.0
113.0 71.0
155.0 73.0
114.0 74.0
161.0 74.0
141.0 75.0
67.0 77.0
83.0 77.0
94.0 77.0
118.0 79.0
155.0 80.0
138.0 82.0
119.0 82.0
124.0 82.0
145.0 82.0
75.0 84.0
94.0 84.0
74.0 84.0
109.0 87.0
159.0 88.0
122.0 90.0
98.0 90.0
124.0 91.0
130.0 93.0
157.0 94.0
92.0 96.0
137.0 96.0
143.0 96.0
168.0 96.0
126.0 96.0
120.0 96.0
150.0 97.0
85.0 98.0
105.0 100.0
159.0 102.0
84.0 102.0
99.0 103.0
151.0 104.0
157.0 104.0
139.0 104.0
161.0 104.0
132.0 107.0
150.0 107.0
118.0 108.0
114.0 108.0
126.0 109.0
115.0 110.0
116.0 110.0
150.0 110.0
100.0 111.0
133.0 112.0
116.0 112.0
128.0 113.0
145.0 113.0
121.0 114.0
145.0 115.0
129.0 115.0
137.0 115.0
120.0 115.0
116.0 116.0
128.0 116.0
115.0 116.0
110.0 116.0
105.0 116.0
123.0 116.0
114.0 117.0
122.0 117.0
124.0 117.0
126.0 117.0
119.0 118.0
117.0 118.0
123.0 118.0
180.0 118.0
120.0 119.0
128.0 119.0
148.0 119.0
156.0 120.0
127.0 120.0
113.0 120.0
115.0 121.0
123.0 121.0
131.0 122.0
134.0 122.0
140.0 122.0
141.0 122.0
116.0 122.0
109.0 123.0
130.0 123.0
149.0 123.0
128.0 124.0
130.0 124.0
171.0 124.0
128.0 125.0
138.0 125.0
161.0 127.0
139.0 127.0
144.0 127.0
141.0 127.0
125.0 128.0
141.0 128.0
108.0 129.0
165.0 130.0
154.0 130.0
132.0 130.0
134.0 131.0
180.0 131.0
154.0 132.0
142.0 132.0
146.0 133.0
117.0 133.0
97.0 133.0
141.0 134.0
115.0 134.0
89.0 135.0
141.0 135.0
103.0 135.0
139.0 136.0
174.0 136.0
134.0 136.0
136.0 136.0
140.0 137.0
188.0 137.0
166.0 138.0
124.0 138.0
168.0 138.0
125.0 138.0
170.0 138.0
117.0 138.0
135.0 139.0
128.0 139.0
171.0 140.0
173.0 142.0
181.0 142.0
178.0 143.0
103.0 143.0
136.0 144.0
141.0 145.0
120.0 145.0
162.0 145.0
156.0 145.0
151.0 146.0
130.0 146.0
143.0 146.0
143.0 146.0
144.0 146.0
158.0 147.0
138.0 147.0
143.0 148.0
126.0 149.0
179.0 149.0
163.0 150.0
147.0 150.0
121.0 150.0
132.0 151.0
180.0 152.0
111.0 152.0
112.0 153.0
159.0 153.0
181.0 154.0
162.0 158.0
124.0 158.0
173.0 159.0
176.0 161.0
156.0 167.0
129.0 168.0
141.0 174.0
120.0 176.0
179.0 177.0
