156.0 135.0
185.0 173.0
179.0 177.0
172.0 179.0
187.0 179.0
185.0 180.0
182.0 181.0
189.0 181.0
181.0 181.0
187.0 182.0
184.0 182.0
183.0 182.0
188.0 183.0
179.0 183.0
185.0 183.0
183.0 184.0
185.0 184.0
185.0 184.0
188.0 185.0
183.0 185.0
187.0 186.0
189.0 186.0
190.0 186.0
181.0 187.0
184.0 188.0
187.0 189.0
192.0 189.0
188.0 189.0
186.0 190.0
175.0 190.0
182.0 190.0
183.0 191.0
178.0 191.0
189.0 192.0
182.0 192.0
182.0 192.0
188.0 192.0
189.0 192.0
191.0 193.0
178.0 193.0
184.0 196.0
185.0 196.0
191.0 198.0
185.0 200.0
190.0 205.0
