113.0 71.0
122.0 74.0
165.0 92.0
138.0 96.0
162.0 101.0
135.0 101.0
113.0 102.0
128.0 106.0
110.0 107.0
126.0 109.0
133.0 110.0
132.0 111.0
141.0 112.0
119.0 112.0
157.0 114.0
101.0 114.0
128.0 115.0
133.0 119.0
144.0 119.0
163.0 120.0
138.0 120.0
121.0 120.0
110.0 121.0
140.0 121.0
154.0 121.0
108.0 126.0
130.0 127.0
136.0 129.0
104.0 129.0
102.0 130.0
157.0 132.0
133.0 132.0
146.0 133.0
140.0 135.0
150.0 136.0
131.0 138.0
139.0 139.0
145.0 139.0
142.0 139.0
110.0 139.0
146.0 140.0
141.0 140.0
176.0 141.0
160.0 142.0
126.0 142.0
124.0 143.0
150.0 145.0
132.0 146.0
138.0 146.0
161.0 147.0
122.0 147.0
144.0 147.0
150.0 148.0
143.0 148.0
126.0 149.0
149.0 149.0
168.0 151.0
111.0 152.0
162.0 152.0
139.0 153.0
138.0 153.0
119.0 156.0
142.0 159.0
117.0 160.0
133.0 164.0
