138.0 96.0
145.0 103.0
128.0 106.0
126.0 109.0
133.0 110.0
132.0 111.0
128.0 115.0
148.0 119.0
115.0 121.0
110.0 121.0
140.0 121.0
138.0 125.0
139.0 127.0
141.0 127.0
130.0 127.0
137.0 129.0
102.0 130.0
140.0 131.0
157.0 132.0
143.0 133.0
146.0 133.0
128.0 135.0
140.0 135.0
142.0 136.0
150.0 136.0
166.0 138.0
139.0 139.0
160.0 142.0
126.0 142.0
107.0 144.0
150.0 145.0
157.0 145.0
122.0 147.0
144.0 147.0
143.0 148.0
126.0 149.0
111.0 152.0
137.0 153.0
142.0 154.0
148.0 154.0
119.0 156.0
123.0 158.0
142.0 159.0
128.0 161.0
