42.0 47.0
67.0 55.0
83.0 55.0
86.0 56.0
52.0 56.0
65.0 57.0
98.0 59.0
63.0 59.0
56.0 59.0
134.0 59.0
73.0 60.0
58.0 60.0
114.0 62.0
68.0 65.0
97.0 68.0
105.0 68.0
68.0 69.0
59.0 70.0
90.0 74.0
87.0 75.0
74.0 75.0
46.0 79.0
117.0 80.0
94.0 80.0
88.0 83.0
104.0 84.0
79.0 84.0
73.0 85.0
81.0 86.0
90.0 87.0
82.0 89.0
102.0 90.0
90.0 90.0
77.0 91.0
87.0 92.0
86.0 92.0
52.0 93.0
61.0 96.0
73.0 96.0
81.0 97.0
71.0 102.0
103.0 102.0
98.0 103.0
103.0 106.0
90.0 109.0
79.0 113.0
53.0 115.0
80.0 117.0
64.0 132.0
