119.0 102.0
134.0 104.0
127.0 108.0
123.0 109.0
129.0 110.0
101.0 111.0
110.0 115.0
147.0 122.0
139.0 125.0
142.0 125.0
129.0 126.0
128.0 127.0
94.0 128.0
108.0 129.0
126.0 131.0
121.0 132.0
117.0 132.0
121.0 132.0
112.0 139.0
141.0 139.0
119.0 144.0
137.0 148.0
125.0 148.0
143.0 148.0
128.0 150.0
130.0 150.0
114.0 151.0
118.0 151.0
132.0 153.0
157.0 153.0
131.0 154.0
150.0 155.0
152.0 156.0
138.0 157.0
96.0 158.0
124.0 160.0
112.0 165.0
122.0 166.0
120.0 167.0
110.0 168.0
108.0 169.0
120.0 170.0
190.0 176.0
