93.0 65.0
80.0 78.0
93.0 88.0
114.0 93.0
104.0 93.0
83.0 94.0
87.0 102.0
77.0 102.0
99.0 103.0
87.0 103.0
97.0 105.0
78.0 105.0
134.0 106.0
94.0 106.0
84.0 107.0
93.0 109.0
114.0 111.0
120.0 114.0
136.0 114.0
109.0 115.0
96.0 115.0
118.0 116.0
108.0 117.0
114.0 119.0
67.0 120.0
105.0 122.0
98.0 125.0
111.0 125.0
111.0 127.0
130.0 127.0
130.0 127.0
99.0 127.0
123.0 128.0
98.0 129.0
78.0 131.0
86.0 134.0
104.0 135.0
88.0 136.0
143.0 138.0
81.0 138.0
83.0 140.0
84.0 141.0
132.0 142.0
95.0 148.0
88.0 149.0
130.0 160.0
129.0 166.0
129.0 171.0
