92.0 86.0
143.0 88.0
146.0 94.0
96.0 97.0
103.0 97.0
85.0 98.0
101.0 99.0
99.0 100.0
79.0 103.0
95.0 104.0
112.0 108.0
103.0 109.0
104.0 109.0
110.0 109.0
121.0 110.0
141.0 110.0
103.0 111.0
95.0 111.0
112.0 111.0
113.0 111.0
87.0 112.0
103.0 114.0
112.0 114.0
128.0 115.0
103.0 116.0
118.0 116.0
121.0 116.0
119.0 117.0
122.0 117.0
117.0 119.0
117.0 119.0
117.0 120.0
131.0 120.0
123.0 120.0
117.0 121.0
132.0 121.0
117.0 122.0
124.0 122.0
131.0 122.0
130.0 124.0
123.0 124.0
124.0 124.0
121.0 125.0
123.0 126.0
127.0 128.0
139.0 128.0
105.0 128.0
139.0 130.0
118.0 131.0
114.0 132.0
122.0 133.0
120.0 135.0
105.0 136.0
152.0 136.0
130.0 139.0
120.0 139.0
92.0 141.0
116.0 144.0
106.0 144.0
98.0 149.0
127.0 149.0
112.0 153.0
140.0 173.0
113.0 190.0
