2338.0 0.0
-10286.0 0.0
15688.0 0.0
6146.0 0.0
4261.0 0.0
11817.0 0.0
4929.0 0.0
-5725.0 0.0
-5409.0 0.0
9227.0 0.0
19875.0 0.0
20693.0 0.0
-18383.0 0.0
2917.0 0.0
14622.0 0.0
10804.0 0.0
-13623.0 0.0
-15377.0 0.0
2889.0 0.0
-3216.0 0.0
15266.0 0.0
-18791.0 0.0
8665.0 0.0
14579.0 0.0
3642.0 0.0
-6398.0 0.0
10534.0 0.0
15898.0 0.0
7523.0 0.0
11751.0 0.0
-2788.0 0.0
-11133.0 0.0
3373.0 0.0
-1470.0 0.0
-10113.0 0.0
3642.0 0.0
3346.0 0.0
2373.0 0.0
-5565.0 0.0
5471.0 0.0
7860.0 0.0
12534.0 0.0
18850.0 0.0
20397.0 0.0
9716.0 0.0
-17133.0 0.0
2649.0 0.0
8625.0 0.0
-10910.0 0.0
-7255.0 0.0
-17052.0 0.0
2909.0 0.0
8926.0 0.0
14484.0 0.0
-2513.0 0.0
13265.0 0.0
-8583.0 0.0
18309.0 0.0
6575.0 0.0
6555.0 0.0
7671.0 0.0
-5565.0 0.0
21222.0 0.0
14697.0 0.0
-14641.0 0.0
9716.0 0.0
14694.0 0.0
-14985.0 0.0
2916.0 0.0
-5905.0 0.0
20873.0 0.0
-13366.0 0.0
16589.0 0.0
2897.0 0.0
18264.0 0.0
-13804.0 0.0
-3867.0 0.0
-13.0 0.0
-4450.0 0.0
19703.0 0.0
3353.0 0.0
17482.0 0.0
-4466.0 0.0
12910.0 0.0
-19799.0 0.0
-10300.0 0.0
-14483.0 0.0
11093.0 0.0
-16350.0 0.0
-14626.0 0.0
