27.0 23.0
21.0 23.0
27.0 24.0
54.0 32.0
33.0 35.0
32.0 36.0
47.0 38.0
36.0 39.0
27.0 39.0
50.0 39.0
71.0 39.0
33.0 43.0
49.0 44.0
36.0 45.0
35.0 47.0
34.0 47.0
44.0 50.0
65.0 50.0
63.0 51.0
50.0 51.0
42.0 52.0
44.0 52.0
55.0 52.0
52.0 54.0
70.0 58.0
55.0 62.0
68.0 64.0
57.0 64.0
75.0 64.0
55.0 65.0
49.0 66.0
67.0 67.0
60.0 67.0
66.0 68.0
45.0 68.0
78.0 71.0
35.0 76.0
55.0 77.0
71.0 78.0
59.0 82.0
55.0 82.0
57.0 84.0
37.0 87.0
65.0 95.0
51.0 96.0
96.0 108.0
70.0 109.0
127.0 109.0
