-7255.0 0.0
20481.0 0.0
-18316.0 0.0
8273.0 0.0
17526.0 0.0
-8884.0 0.0
-18220.0 0.0
20497.0 0.0
-3392.0 0.0
-13399.0 0.0
-14525.0 0.0
2790.0 0.0
-2662.0 0.0
-7790.0 0.0
-10507.0 0.0
2657.0 0.0
-3392.0 0.0
16269.0 0.0
3258.0 0.0
-10741.0 0.0
-2662.0 0.0
-18398.0 0.0
-17291.0 0.0
-8087.0 0.0
-2310.0 0.0
11910.0 0.0
-19182.0 0.0
-17769.0 0.0
-19354.0 0.0
-14099.0 0.0
-2662.0 0.0
2668.0 0.0
-7790.0 0.0
2648.0 0.0
2790.0 0.0
-4718.0 0.0
-1663.0 0.0
10085.0 0.0
2201.0 0.0
-8757.0 0.0
-9807.0 0.0
-16100.0 0.0
-17965.0 0.0
-13382.0 0.0
1143.0 0.0
-7303.0 0.0
-7381.0 0.0
-9785.0 0.0
-21439.0 0.0
5165.0 0.0
16120.0 0.0
-17466.0 0.0
-1730.0 0.0
2650.0 0.0
-17217.0 0.0
-5291.0 0.0
-7562.0 0.0
-18822.0 0.0
2099.0 0.0
-5211.0 0.0
