1.0 15.171827755215217
2.0 15.958582786617828
3.0 15.209353428840796
4.0 14.48349680849437
5.0 14.513376162686377
6.0 14.968947586737857
7.0 11.835225291911213
8.0 4.121161973733729
9.0 3.8448888599940174
10.0 3.4180818353748457
11.0 2.3627602660143183
12.0 2.150710954880373
13.0 2.050074351151178
14.0 1.9994016697786021
15.0 1.9581890314632793
16.0 1.9315989582183148
17.0 1.921882751112559
18.0 1.900456117679492
19.0 1.888557261479483
20.0 1.8790894580389317
21.0 1.8736068443461762
22.0 1.86862957122104
23.0 1.8653347770469535
24.0 1.8623228704394204
25.0 1.859253859844764
26.0 1.857830508266085
27.0 1.8558621631127319
28.0 1.8539293528611644
29.0 1.853103249381157
30.0 1.8518455832806395
31.0 1.8507403161670937
32.0 1.8500930224333612
33.0 1.8494181302244133
34.0 1.8493940140360674
35.0 1.8491743684436857
36.0 1.848804382432581
37.0 1.8482209058060621
38.0 1.8478575855023565
39.0 1.847729743734465
40.0 1.8475402543464627
41.0 1.8473840939593855
42.0 1.8472973859757225
43.0 1.8472090557414855
44.0 1.8471293286192363
45.0 1.8471088338452761
46.0 1.8470420134359526
47.0 1.8469468284732657
48.0 1.8469073554610063
49.0 1.846873878781051
50.0 1.8468366329511685
51.0 1.8467275073975502
