1.0 13.291925142272023
2.0 8.245862409121592
3.0 7.849362826286022
4.0 6.992900200161269
5.0 4.148657704217006
6.0 4.201172315064895
7.0 3.9456044550415164
8.0 3.8111720828262943
9.0 3.581554034856075
10.0 2.694043671654794
11.0 2.4404543958013574
12.0 2.3139414109150502
13.0 2.2181604245349886
14.0 2.160657380191812
15.0 2.100897103785733
16.0 2.068420700513184
17.0 2.052829349104413
18.0 2.040596994678857
19.0 2.028792963976143
20.0 2.0237776580777296
21.0 2.0129814906815984
22.0 2.008583551098755
23.0 2.0043632419878765
24.0 2.003055503504603
25.0 2.00023385436295
26.0 1.9974699915623764
27.0 1.9983799239330369
28.0 1.99683523128202
29.0 1.995346847225283
30.0 1.993821574126131
31.0 1.9927764495150557
32.0 1.991116269744751
33.0 1.9905188824172428
34.0 1.9900845091940655
35.0 1.9893519617428905
36.0 1.9891057444470144
37.0 1.988778708194262
38.0 1.9884804214421645
39.0 1.9884178378265172
40.0 1.9883720309719572
41.0 1.988001666209084
42.0 1.9878505619373414
43.0 1.9877175691308904
44.0 1.9877159041299222
45.0 1.9875396331225967
46.0 1.9873905305265265
47.0 1.9873244250987745
48.0 1.9873730669971792
49.0 1.9873285299909125
50.0 1.9872917243683506
51.0 1.9871669633550455
