1.0 13.314353556875346
2.0 8.206420677623825
3.0 7.846119477220056
4.0 7.021842534866939
5.0 5.463413344316976
6.0 4.22455138144939
7.0 3.5735192405785017
8.0 3.4364012367782353
9.0 3.344292464211449
10.0 2.8812049368405144
11.0 2.4243974250522498
12.0 2.270920379162823
13.0 2.137927296826437
14.0 2.064655559434627
15.0 2.020551476505833
16.0 1.9940774035644706
17.0 1.9780519578991196
18.0 1.958632196082684
19.0 1.9508158998721987
20.0 1.9449577605796995
21.0 1.935048550153381
22.0 1.932098256539236
23.0 1.929237934253513
24.0 1.9269867309809512
25.0 1.9243242431558545
26.0 1.9217712972263428
27.0 1.9199621712979593
28.0 1.9194269442821774
29.0 1.917920381190363
30.0 1.9172079173062122
31.0 1.9169983142376423
32.0 1.9164825059926907
33.0 1.9160954209036283
34.0 1.9154964746430254
35.0 1.9155116942271606
36.0 1.9149971489307558
37.0 1.9147172310050151
38.0 1.9143952022329678
39.0 1.9140410593945965
40.0 1.913979467029455
41.0 1.9138684994293294
42.0 1.9138334889831632
43.0 1.913766131326666
44.0 1.9136950725821482
45.0 1.9136482263162475
46.0 1.9135797528887748
47.0 1.9135310922698587
48.0 1.913434941033264
49.0 1.9133881551389766
50.0 1.9134043536017316
51.0 1.9132953980493586
