1.0 106.26518900837627
2.0 108.81892571460737
3.0 96.68917406426432
4.0 88.0316857149333
5.0 81.08663936883686
6.0 76.01041851867961
7.0 72.53854273341547
8.0 70.02470007219218
9.0 68.10875208126511
10.0 65.9157015043486
11.0 64.37615420073624
12.0 62.90403916291436
13.0 61.041866317551765
14.0 59.33528856854724
15.0 57.81274871622153
16.0 56.38711116096811
17.0 55.05707472519415
18.0 53.86854782592383
19.0 52.8738227682383
20.0 51.93850299261342
21.0 51.169458828427544
22.0 50.38138495045762
23.0 49.77143737088452
24.0 49.31023728477727
25.0 48.95254459507495
26.0 48.67541725795824
27.0 48.45786969702154
28.0 48.28366278455331
29.0 48.14384757019968
30.0 48.02973445030976
31.0 47.93471581197036
32.0 47.857677113064874
33.0 47.79416024641678
34.0 47.741817429755244
35.0 47.69855628315438
36.0 47.66259482598773
37.0 47.63256106572951
38.0 47.60764832788648
39.0 47.58682713754998
40.0 47.56938394536908
41.0 47.55489368592049
42.0 47.542664768473266
43.0 47.53236958335621
44.0 47.52373089425507
45.0 47.51646946145964
46.0 47.510245209038345
47.0 47.50506259721299
48.0 47.50072068830641
49.0 47.49705265198658
50.0 47.49399571664912
