1.0 44225.63141314205
2.0 42890.6410236787
3.0 39291.272694335654
4.0 38329.08803337557
5.0 38188.85369273442
6.0 36140.8873597832
7.0 35216.33158631459
8.0 35080.929060407216
9.0 35037.99554466006
10.0 34691.38765003815
11.0 34489.98572349558
12.0 34360.49754028492
13.0 34336.12605502392
14.0 34279.6332743313
15.0 34180.59072968179
16.0 34097.14799703052
17.0 34039.04422428133
18.0 33963.57741998835
19.0 33902.69260003275
20.0 33890.955221155404
21.0 33850.81081069675
22.0 33829.215058323076
23.0 33799.89873316415
24.0 33776.964450261534
25.0 33746.61812598228
26.0 33725.348479598724
27.0 33716.66722185845
28.0 33704.816652266345
29.0 33689.39433352956
30.0 33680.22169534874
31.0 33675.32613775727
32.0 33666.50624506234
33.0 33659.50030814081
34.0 33654.36475928116
35.0 33649.973013268434
36.0 33646.53945162732
37.0 33643.88704665798
38.0 33640.979504650124
39.0 33638.43633671624
40.0 33636.709191241796
41.0 33634.65887452611
42.0 33633.22697160251
43.0 33632.212345962595
44.0 33631.57080113254
45.0 33630.63044547701
46.0 33629.62706378277
47.0 33628.84873550546
48.0 33628.38853218167
49.0 33627.98982063295
50.0 33627.773101193925
