1.0 10.885204408634923
2.0 7.546874030337235
3.0 8.171745610329424
4.0 6.751153366804844
5.0 4.399926736825705
6.0 4.025354081442104
7.0 3.949058441861234
8.0 2.964424759873448
9.0 2.6438674412799257
10.0 2.5237276245906064
11.0 2.342033173760665
12.0 2.0775047061199348
13.0 1.9699753044592985
14.0 1.9005419054126729
15.0 1.8603450399859116
16.0 1.822798003416404
17.0 1.8060586808686276
18.0 1.7986125481985493
19.0 1.7844446007568076
20.0 1.7804861594006032
21.0 1.7751906684460745
22.0 1.774564495751567
23.0 1.7706643283947054
24.0 1.7664601098916173
25.0 1.764631131606434
26.0 1.762277409562771
27.0 1.7590368564437566
28.0 1.7557916273420229
29.0 1.7544081688098072
30.0 1.7530173811235732
31.0 1.7525948078258182
32.0 1.7513488491194196
33.0 1.7506015199053233
34.0 1.7499268886106085
35.0 1.7495839040988135
36.0 1.749164210516799
37.0 1.7491381764105511
38.0 1.7487016518419625
39.0 1.7483023989788498
40.0 1.748041980576548
41.0 1.7478806270281935
42.0 1.747785085540609
43.0 1.7477730153094058
44.0 1.7476856336496978
45.0 1.7476111207264593
46.0 1.7475610601910625
47.0 1.7474909441841713
48.0 1.7474104685733691
49.0 1.7473723229756
50.0 1.747348768699258
51.0 1.7472512497943198
