1.0 14.781845088245294
2.0 15.502920922060216
3.0 15.218741823253945
4.0 12.262034725083021
5.0 7.138846317256012
6.0 7.549801689977992
7.0 7.636863320524707
8.0 7.034567408592155
9.0 7.350665362796106
10.0 7.427852340565921
11.0 7.1014611163126755
12.0 7.106030060396109
13.0 7.088623788516209
14.0 7.155961055624397
15.0 7.22003969630466
16.0 7.093632550292496
17.0 7.118531846819154
18.0 7.052766943078245
19.0 7.0497435084689055
20.0 6.856074660886496
21.0 6.99087471596739
22.0 7.030869519430609
23.0 7.04744045921879
24.0 7.017285948857554
25.0 7.017876078029525
26.0 7.028943473699466
27.0 7.011950069521999
28.0 7.0343958642826125
29.0 7.006153311127307
30.0 7.014457595334491
31.0 7.018562546482637
32.0 7.013990164381718
33.0 7.002605397481729
34.0 7.003316574142335
35.0 7.003149721703396
36.0 7.004099638795428
37.0 7.002645536142652
38.0 6.999790267576095
39.0 7.001166821534315
40.0 7.003072382981827
41.0 6.994950664012636
42.0 6.991508860533437
43.0 6.995486627471302
44.0 6.994155938748916
45.0 6.993540842175761
46.0 6.9936480512528885
47.0 6.993941967726188
48.0 6.994295628009388
49.0 6.994075865009913
50.0 6.993999038586312
51.0 6.993481386996681
