1.0 43256.183887224804
2.0 39223.33074044719
3.0 38313.48134017453
4.0 37809.35761118743
5.0 36205.911287052506
6.0 35389.975601273174
7.0 35447.444433503006
8.0 34118.1426592905
9.0 33005.20836769637
10.0 32834.34430242568
11.0 32662.831637063948
12.0 32578.099316807657
13.0 32409.187817377548
14.0 32324.242007368175
15.0 32182.6013978297
16.0 32119.592136447416
17.0 32048.676385575345
18.0 32001.536474762863
19.0 31938.49721033922
20.0 31889.427270196687
21.0 31842.8171859939
22.0 31823.168863486408
23.0 31791.205903920367
24.0 31756.284627036133
25.0 31734.884920089586
26.0 31720.90145750415
27.0 31704.362201408363
28.0 31694.430088193956
29.0 31683.5251086829
30.0 31670.722774030182
31.0 31665.009144117616
32.0 31656.977367381296
33.0 31652.423544594498
34.0 31647.059019590935
35.0 31643.41698507411
36.0 31640.81576616947
37.0 31638.120222283276
38.0 31634.910504059328
39.0 31632.93696024404
40.0 31630.589931081722
41.0 31629.275720931288
42.0 31627.843219149927
43.0 31626.789178165887
44.0 31625.74634918651
45.0 31624.78291279473
46.0 31624.169734531642
47.0 31623.703545734417
48.0 31623.25782272485
49.0 31622.8914743111
50.0 31622.514695462338
