1.0 148.46458271437308
2.0 156.7147050647421
3.0 153.2660440599809
4.0 153.65790678588687
5.0 151.9692400413766
6.0 149.93258260948966
7.0 148.78432610980593
8.0 147.8969545500702
9.0 146.81986495936678
10.0 124.78517452331317
11.0 85.30769882363269
12.0 82.92498580482224
13.0 73.213466007165
14.0 68.45381441232773
15.0 64.34644591034407
16.0 61.35035729752566
17.0 59.81767093032379
18.0 57.54086896477955
19.0 56.834766612884444
20.0 55.54321221061179
21.0 54.18053655266739
22.0 53.32811075477081
23.0 52.77550152645996
24.0 52.38523009699464
25.0 52.103853115541874
26.0 51.893634568684874
27.0 51.730654739436346
28.0 51.60218891475997
29.0 51.49932188885543
30.0 51.41782697557852
31.0 51.351908805378145
32.0 51.29800685629271
33.0 51.25320530889884
34.0 51.2162655651205
35.0 51.18580851388506
36.0 51.16087640420537
37.0 51.14041781602641
38.0 51.12330143653257
39.0 51.10877399329062
40.0 51.097060307921055
41.0 51.087218336774946
42.0 51.078879739192026
43.0 51.07193896123697
44.0 51.06602762805976
45.0 51.061080610101776
46.0 51.0569381443278
47.0 51.0533402813144
48.0 51.050272522618464
49.0 51.04776100682015
50.0 51.04563761439577
