1.0 159.02825786427948
2.0 156.73044324373978
3.0 155.53375769891247
4.0 153.5639037615032
5.0 151.88561667935824
6.0 149.7531217953728
7.0 148.4542877587841
8.0 147.59175768286858
9.0 106.77350384873246
10.0 86.28884843832385
11.0 81.93098790578529
12.0 74.80313598546694
13.0 70.9834188837356
14.0 64.97841812021203
15.0 64.55665944365128
16.0 63.38706908328343
17.0 60.331952668827114
18.0 59.557651240902146
19.0 59.25572087742692
20.0 59.004993434915065
21.0 58.830019911427556
22.0 58.72809441269548
23.0 58.653998978756334
24.0 58.592465453339166
25.0 58.53938454849811
26.0 58.503415467280526
27.0 58.47306662210174
28.0 58.4466136593153
29.0 58.419663602216296
30.0 58.39701722603442
31.0 58.38097803880718
32.0 58.36999212629608
33.0 58.355548318437954
34.0 58.34669227057252
35.0 58.33870449530214
36.0 58.329999948701975
37.0 58.324757860932195
38.0 58.32043750060683
39.0 58.31571976017147
40.0 58.31179917095954
41.0 58.30910281460388
42.0 58.30640975942834
43.0 58.304035633019346
44.0 58.30207840772457
45.0 58.300692552502916
46.0 58.299398268027296
47.0 58.2982610489346
48.0 58.2972497266043
49.0 58.296494967061655
50.0 58.29584899412385
