41.0 38.0
61.0 41.0
89.0 45.0
56.0 45.0
109.0 46.0
58.0 49.0
57.0 51.0
65.0 52.0
56.0 53.0
33.0 56.0
113.0 57.0
53.0 58.0
103.0 59.0
93.0 61.0
142.0 61.0
59.0 63.0
147.0 63.0
55.0 63.0
129.0 65.0
93.0 65.0
84.0 65.0
52.0 66.0
65.0 66.0
122.0 66.0
77.0 68.0
145.0 69.0
83.0 70.0
54.0 70.0
78.0 70.0
76.0 71.0
70.0 71.0
59.0 73.0
94.0 73.0
69.0 74.0
75.0 75.0
82.0 75.0
79.0 76.0
80.0 76.0
76.0 76.0
84.0 76.0
87.0 78.0
62.0 79.0
70.0 79.0
80.0 79.0
94.0 79.0
80.0 79.0
82.0 80.0
82.0 80.0
64.0 81.0
90.0 81.0
89.0 82.0
84.0 82.0
94.0 82.0
92.0 83.0
88.0 84.0
70.0 84.0
84.0 84.0
89.0 85.0
80.0 86.0
83.0 86.0
71.0 86.0
48.0 87.0
78.0 87.0
70.0 88.0
117.0 89.0
78.0 89.0
70.0 89.0
79.0 90.0
91.0 90.0
131.0 92.0
58.0 92.0
79.0 92.0
73.0 92.0
110.0 92.0
88.0 92.0
61.0 93.0
91.0 93.0
52.0 93.0
76.0 94.0
93.0 94.0
102.0 94.0
83.0 94.0
62.0 94.0
76.0 95.0
69.0 95.0
90.0 97.0
82.0 98.0
82.0 99.0
82.0 100.0
90.0 100.0
89.0 100.0
95.0 100.0
96.0 100.0
140.0 101.0
71.0 102.0
87.0 102.0
77.0 102.0
87.0 103.0
80.0 104.0
97.0 104.0
112.0 104.0
89.0 109.0
82.0 109.0
75.0 111.0
113.0 111.0
79.0 112.0
86.0 113.0
82.0 114.0
101.0 114.0
91.0 114.0
115.0 117.0
125.0 119.0
66.0 119.0
106.0 120.0
67.0 120.0
75.0 121.0
105.0 122.0
96.0 128.0
104.0 128.0
76.0 131.0
104.0 135.0
98.0 135.0
84.0 135.0
119.0 135.0
107.0 172.0
