153.0 84.0
73.0 96.0
97.0 105.0
160.0 109.0
110.0 110.0
106.0 111.0
96.0 112.0
82.0 114.0
109.0 115.0
105.0 116.0
133.0 119.0
149.0 120.0
110.0 124.0
125.0 124.0
108.0 125.0
105.0 126.0
167.0 127.0
130.0 127.0
83.0 128.0
98.0 129.0
155.0 129.0
129.0 129.0
127.0 131.0
143.0 133.0
121.0 133.0
137.0 137.0
131.0 137.0
115.0 137.0
139.0 138.0
81.0 138.0
83.0 140.0
108.0 140.0
127.0 144.0
126.0 145.0
115.0 147.0
153.0 151.0
160.0 153.0
83.0 154.0
95.0 156.0
109.0 159.0
120.0 164.0
113.0 166.0
126.0 167.0
129.0 171.0
161.0 174.0
