42.34090909090909 46.65909090909091
58.714285714285715 47.95238095238095
48.88235294117647 53.029411764705884
134.0 59.0
129.0 60.0
67.0 66.15533980582525
66.25925925925925 69.08333333333333
71.23255813953489 72.97674418604652
65.64583333333333 73.0
84.37096774193549 79.41935483870968
102.19047619047619 80.9047619047619
100.6923076923077 84.41025641025641
94.625 85.9326923076923
92.13725490196079 87.9281045751634
156.0 88.0
86.72916666666667 91.0
90.98571428571428 92.27142857142857
91.97916666666667 98.95833333333333
82.61290322580645 103.37096774193549
99.76470588235294 104.32352941176471
95.0 107.87931034482759
97.92241379310344 109.55172413793103
118.875 110.78125
151.0 112.0
122.45454545454545 113.72727272727273
117.36734693877551 114.9795918367347
116.31818181818181 117.03030303030303
124.12903225806451 117.58064516129032
115.2 117.8
128.97222222222223 118.39814814814815
118.28235294117647 120.76470588235294
128.5 120.82142857142857
126.93023255813954 121.44186046511628
114.18181818181819 121.79545454545455
117.88888888888889 124.06666666666666
122.5 128.98648648648648
128.75590551181102 129.30708661417322
131.64285714285714 131.75
133.44 132.52
138.74666666666667 133.0
120.72727272727273 134.04545454545453
158.45 134.625
118.4375 136.5
144.9268292682927 140.3170731707317
137.65116279069767 141.02325581395348
144.875 143.60714285714286
147.465 145.815
159.23809523809524 147.73809523809524
154.925 148.9
133.0909090909091 149.72727272727272
137.9787234042553 150.74468085106383
157.17177914110428 157.94478527607362
167.40816326530611 158.08163265306123
146.72881355932202 158.10169491525423
168.5 165.5
173.72413793103448 165.68965517241378
177.95238095238096 167.66666666666666
161.0782608695652 168.59130434782608
164.64285714285714 173.14285714285714
180.35772357723576 180.5691056910569
183.77142857142857 182.46428571428572
181.56756756756758 182.78378378378378
196.39583333333334 193.08333333333334
193.82978723404256 194.8404255319149
