101.0 65.0
92.0 77.0
132.0 77.0
90.0 84.0
90.0 90.0
139.0 91.0
159.0 93.0
116.0 94.0
117.0 95.0
135.0 103.0
123.0 106.0
105.0 107.0
120.0 111.0
77.0 112.0
79.0 112.0
114.0 112.0
166.0 114.0
132.0 116.0
119.0 117.0
125.0 119.0
128.0 119.0
162.0 121.0
135.0 123.0
110.0 123.0
144.0 124.0
112.0 125.0
158.0 126.0
145.0 129.0
134.0 130.0
123.0 134.0
135.0 135.0
146.0 135.0
124.0 137.0
139.0 141.0
146.0 142.0
119.0 143.0
110.0 144.0
134.0 144.0
117.0 147.0
175.0 150.0
82.0 153.0
169.0 158.0
140.0 159.0
132.0 162.0
