155.0 73.0
161.0 74.0
155.0 80.0
90.0 81.0
138.0 82.0
145.0 82.0
159.0 88.0
121.0 89.0
161.0 90.0
124.0 91.0
127.0 97.0
150.0 97.0
142.0 99.0
122.0 100.0
159.0 102.0
84.0 102.0
147.0 103.0
105.0 104.0
151.0 104.0
157.0 104.0
139.0 104.0
161.0 104.0
128.0 105.0
132.0 107.0
114.0 108.0
116.0 110.0
133.0 110.0
150.0 110.0
116.0 112.0
123.0 112.0
120.0 114.0
120.0 115.0
132.0 115.0
128.0 116.0
127.0 116.0
121.0 116.0
145.0 117.0
126.0 117.0
122.0 117.0
124.0 117.0
127.0 117.0
126.0 117.0
105.0 118.0
117.0 118.0
113.0 118.0
123.0 118.0
133.0 119.0
128.0 119.0
136.0 120.0
123.0 121.0
126.0 121.0
121.0 121.0
133.0 121.0
117.0 122.0
129.0 122.0
134.0 122.0
131.0 122.0
130.0 123.0
130.0 123.0
149.0 123.0
130.0 123.0
136.0 123.0
145.0 124.0
130.0 124.0
141.0 124.0
134.0 125.0
128.0 125.0
125.0 126.0
130.0 127.0
136.0 129.0
130.0 129.0
132.0 130.0
123.0 131.0
124.0 131.0
135.0 132.0
125.0 138.0
131.0 140.0
142.0 142.0
