72.0 100.0
195.0 174.0
197.0 176.0
189.0 181.0
177.0 182.0
181.0 183.0
180.0 183.0
188.0 183.0
184.0 184.0
199.0 184.0
180.0 184.0
184.0 184.0
182.0 185.0
189.0 185.0
189.0 186.0
193.0 186.0
185.0 186.0
199.0 187.0
186.0 187.0
190.0 188.0
194.0 188.0
194.0 188.0
186.0 188.0
194.0 188.0
184.0 189.0
188.0 191.0
192.0 191.0
192.0 192.0
185.0 193.0
187.0 193.0
180.0 193.0
202.0 193.0
198.0 194.0
192.0 195.0
195.0 195.0
189.0 197.0
191.0 197.0
203.0 201.0
193.0 201.0
202.0 205.0
200.0 205.0
201.0 207.0
192.0 207.0
