106.0 89.0
130.0 105.0
112.0 120.0
132.0 121.0
129.0 122.0
145.0 124.0
128.0 125.0
135.0 125.0
142.0 125.0
140.0 126.0
136.0 127.0
145.0 128.0
130.0 129.0
153.0 130.0
134.0 130.0
134.0 130.0
124.0 130.0
146.0 130.0
136.0 131.0
133.0 131.0
142.0 131.0
153.0 131.0
151.0 131.0
134.0 132.0
139.0 132.0
148.0 132.0
131.0 132.0
139.0 133.0
138.0 133.0
133.0 133.0
138.0 133.0
138.0 133.0
138.0 134.0
130.0 134.0
130.0 134.0
125.0 134.0
134.0 134.0
134.0 135.0
154.0 135.0
141.0 135.0
145.0 135.0
150.0 136.0
132.0 136.0
141.0 136.0
145.0 136.0
138.0 137.0
149.0 137.0
129.0 137.0
139.0 137.0
129.0 138.0
146.0 138.0
130.0 138.0
155.0 138.0
148.0 138.0
148.0 139.0
138.0 139.0
132.0 139.0
141.0 139.0
141.0 139.0
136.0 139.0
139.0 139.0
146.0 139.0
144.0 140.0
134.0 140.0
144.0 140.0
132.0 140.0
147.0 140.0
146.0 140.0
145.0 140.0
133.0 141.0
155.0 141.0
142.0 141.0
143.0 142.0
133.0 142.0
142.0 142.0
142.0 142.0
161.0 142.0
146.0 142.0
146.0 143.0
154.0 143.0
140.0 144.0
149.0 144.0
124.0 145.0
130.0 145.0
140.0 145.0
134.0 145.0
134.0 145.0
139.0 146.0
147.0 146.0
161.0 146.0
144.0 146.0
145.0 146.0
142.0 146.0
149.0 147.0
145.0 147.0
130.0 147.0
132.0 147.0
137.0 148.0
146.0 148.0
160.0 148.0
138.0 148.0
129.0 148.0
143.0 149.0
151.0 149.0
140.0 149.0
154.0 149.0
139.0 150.0
144.0 150.0
141.0 150.0
153.0 151.0
142.0 151.0
141.0 152.0
152.0 152.0
157.0 152.0
137.0 153.0
157.0 153.0
152.0 153.0
146.0 153.0
149.0 153.0
146.0 153.0
144.0 154.0
157.0 154.0
131.0 154.0
152.0 155.0
157.0 155.0
165.0 156.0
137.0 156.0
143.0 156.0
140.0 157.0
123.0 158.0
150.0 158.0
133.0 159.0
152.0 163.0
128.0 167.0
138.0 174.0
138.0 178.0
