87.0 59.0
104.0 66.0
77.0 68.0
71.0 69.0
72.0 69.0
99.0 71.0
89.0 72.0
81.0 72.0
83.0 73.0
82.0 74.0
73.0 74.0
97.0 76.0
97.0 76.0
89.0 77.0
78.0 78.0
102.0 78.0
124.0 79.0
87.0 79.0
75.0 80.0
88.0 80.0
84.0 80.0
84.0 81.0
79.0 81.0
87.0 81.0
80.0 81.0
96.0 82.0
82.0 82.0
88.0 82.0
91.0 83.0
86.0 83.0
83.0 83.0
94.0 84.0
75.0 85.0
86.0 85.0
73.0 85.0
86.0 86.0
86.0 86.0
94.0 87.0
94.0 88.0
92.0 88.0
90.0 89.0
91.0 89.0
87.0 89.0
100.0 90.0
91.0 90.0
105.0 90.0
89.0 91.0
101.0 91.0
94.0 93.0
93.0 96.0
94.0 101.0
100.0 101.0
76.0 102.0
103.0 102.0
91.0 106.0
91.0 109.0
120.0 110.0
