136.0 73.0
80.0 78.0
77.0 81.0
98.0 87.0
107.0 87.0
91.0 87.0
134.0 91.0
118.0 92.0
143.0 93.0
86.0 93.0
95.0 96.0
148.0 97.0
95.0 98.0
113.0 99.0
129.0 100.0
126.0 103.0
104.0 104.0
114.0 104.0
104.0 105.0
110.0 107.0
113.0 110.0
145.0 111.0
123.0 112.0
138.0 112.0
114.0 114.0
122.0 114.0
80.0 117.0
104.0 118.0
112.0 118.0
133.0 119.0
99.0 120.0
110.0 120.0
100.0 122.0
137.0 125.0
118.0 128.0
104.0 128.0
125.0 129.0
141.0 130.0
147.0 132.0
105.0 132.0
115.0 133.0
117.0 134.0
102.0 142.0
156.0 143.0
141.0 146.0
124.0 151.0
109.0 152.0
139.0 152.0
105.0 154.0
145.0 158.0
