41.0 38.0
35.0 39.0
123.0 43.0
64.83333333333333 48.5
47.917808219178085 50.97260273972603
47.666666666666664 51.333333333333336
46.266666666666666 52.46666666666667
63.142857142857146 53.285714285714285
64.91666666666667 57.166666666666664
73.0 60.0
69.52272727272727 61.86363636363637
61.57425742574257 63.81188118811881
59.4 65.65
89.77777777777777 65.88888888888889
88.85714285714286 70.28571428571429
67.4 73.8
129.66666666666666 76.0
85.78125 77.09375
138.0 77.25
117.0 77.5
78.375 77.89583333333333
74.98823529411764 78.29411764705883
78.36 84.36
69.77777777777777 84.55555555555556
92.93650793650794 84.87301587301587
73.8125 85.625
106.6 85.84
88.71052631578948 86.44736842105263
91.82352941176471 86.82352941176471
100.52777777777777 86.91666666666667
122.33333333333333 89.66666666666667
82.71428571428571 90.64285714285714
76.33333333333333 90.875
123.71428571428571 92.14285714285714
91.11111111111111 95.44444444444444
107.86206896551724 96.27586206896552
94.66666666666667 97.08333333333333
106.91304347826087 99.0
91.45454545454545 101.0909090909091
92.68115942028986 103.3768115942029
96.4 103.5111111111111
91.75 103.875
103.46428571428571 104.46428571428571
102.88235294117646 105.6470588235294
111.86842105263158 106.42105263157895
112.14393939393939 108.78787878787878
105.66153846153846 112.04615384615384
97.36585365853658 113.14634146341463
131.7922077922078 113.3896103896104
112.81818181818181 114.54545454545455
108.48 114.68
97.35714285714286 115.39285714285714
147.125 115.625
105.46666666666667 115.9
127.01851851851852 115.9074074074074
162.0 116.0
126.15 116.25
120.18181818181819 119.5909090909091
127.25 121.25
119.26728110599079 122.0
126.45945945945945 123.16216216216216
138.9 124.85
120.88888888888889 125.88888888888889
134.625 127.0
162.25 128.6
132.75 129.0
133.8709677419355 130.5483870967742
127.64 130.6
121.5625 130.9375
149.0 131.0
142.45 131.35
152.75 132.25
119.23809523809524 132.61904761904762
132.38993710691824 132.88679245283018
135.04255319148936 133.0212765957447
98.16666666666667 133.33333333333334
147.7391304347826 136.1304347826087
122.79591836734694 136.75510204081633
112.33333333333333 136.95833333333334
150.6578947368421 137.07894736842104
131.96666666666667 137.3
146.43333333333334 137.86666666666667
126.29411764705883 140.05882352941177
141.29032258064515 141.16129032258064
135.52380952380952 141.23809523809524
167.0 141.5
148.46666666666667 141.86666666666667
142.1081081081081 142.32432432432432
108.4 142.4
145.2058823529412 143.0
159.53333333333333 145.46666666666667
122.81818181818181 146.45454545454547
145.4 147.82857142857142
137.3170731707317 149.97560975609755
112.0 151.0
154.25806451612902 152.3548387096774
127.44827586206897 152.3793103448276
175.2 152.6
154.5040650406504 152.739837398374
146.64285714285714 154.21428571428572
138.6818181818182 154.6590909090909
166.57142857142858 154.71428571428572
130.43478260869566 155.82608695652175
169.43243243243242 158.75675675675674
154.0 159.0
158.83739837398375 160.34959349593495
173.5 161.78571428571428
175.4857142857143 164.57142857142858
121.66666666666667 164.66666666666666
168.0 165.0
112.0 165.0
139.0 171.0
172.06896551724137 171.0344827586207
165.75438596491227 171.31578947368422
164.26470588235293 172.02941176470588
175.0857142857143 174.4857142857143
188.93103448275863 177.93103448275863
140.0 178.0
175.25 178.08333333333334
180.34722222222223 180.20833333333334
172.4375 180.6875
185.75757575757575 183.33333333333334
180.07692307692307 187.19230769230768
188.4747474747475 189.42424242424244
190.5 189.97619047619048
193.03846153846155 191.82692307692307
202.43478260869566 197.7391304347826
198.8780487804878 200.34146341463415
