149.0 97.0
162.0 101.0
147.0 106.0
129.0 111.0
151.0 112.0
142.0 113.0
139.0 115.0
148.0 116.0
133.0 119.0
144.0 119.0
129.0 122.0
163.0 122.0
186.0 123.0
140.0 126.0
153.0 127.0
147.0 127.0
137.0 128.0
125.0 129.0
136.0 129.0
57.0 130.0
154.0 130.0
153.0 130.0
134.0 130.0
146.0 130.0
133.0 131.0
138.0 131.0
134.0 132.0
152.0 132.0
133.0 132.0
155.0 132.0
173.0 132.0
156.0 132.0
148.0 132.0
137.0 133.0
139.0 133.0
131.0 133.0
138.0 133.0
138.0 133.0
138.0 133.0
138.0 133.0
130.0 134.0
154.0 134.0
138.0 135.0
124.0 135.0
155.0 135.0
134.0 135.0
154.0 135.0
123.0 136.0
139.0 136.0
150.0 136.0
145.0 136.0
134.0 137.0
138.0 137.0
151.0 137.0
149.0 137.0
145.0 138.0
154.0 138.0
146.0 138.0
155.0 138.0
148.0 138.0
149.0 139.0
121.0 139.0
112.0 139.0
157.0 139.0
148.0 139.0
138.0 139.0
132.0 139.0
151.0 139.0
141.0 139.0
150.0 139.0
120.0 139.0
160.0 140.0
131.0 140.0
184.0 140.0
141.0 140.0
144.0 140.0
134.0 140.0
100.0 140.0
146.0 140.0
151.0 140.0
144.0 140.0
162.0 140.0
132.0 140.0
147.0 140.0
146.0 140.0
131.0 140.0
145.0 140.0
176.0 141.0
157.0 141.0
133.0 141.0
141.0 141.0
138.0 141.0
142.0 141.0
150.0 142.0
143.0 142.0
133.0 142.0
145.0 142.0
142.0 142.0
145.0 142.0
123.0 142.0
153.0 142.0
161.0 142.0
146.0 142.0
146.0 143.0
154.0 143.0
140.0 144.0
155.0 144.0
156.0 144.0
149.0 144.0
130.0 145.0
130.0 145.0
166.0 145.0
173.0 145.0
134.0 145.0
160.0 145.0
134.0 145.0
170.0 146.0
139.0 146.0
147.0 146.0
161.0 146.0
144.0 146.0
145.0 146.0
146.0 146.0
138.0 146.0
153.0 146.0
142.0 146.0
149.0 147.0
127.0 147.0
145.0 147.0
146.0 147.0
150.0 147.0
149.0 147.0
131.0 148.0
139.0 148.0
130.0 148.0
139.0 148.0
150.0 148.0
146.0 148.0
170.0 148.0
160.0 148.0
167.0 148.0
138.0 148.0
129.0 148.0
118.0 148.0
153.0 148.0
156.0 149.0
143.0 149.0
154.0 149.0
148.0 149.0
144.0 149.0
154.0 149.0
155.0 149.0
166.0 150.0
143.0 150.0
139.0 150.0
135.0 150.0
185.0 150.0
144.0 150.0
148.0 150.0
170.0 150.0
124.0 150.0
143.0 150.0
143.0 150.0
158.0 151.0
158.0 151.0
112.0 151.0
153.0 151.0
157.0 151.0
151.0 151.0
134.0 152.0
124.0 152.0
141.0 152.0
152.0 152.0
146.0 152.0
130.0 152.0
162.0 152.0
157.0 152.0
178.0 153.0
157.0 153.0
152.0 153.0
146.0 153.0
157.0 153.0
149.0 153.0
146.0 153.0
161.0 154.0
150.0 154.0
144.0 154.0
148.0 154.0
153.0 154.0
157.0 154.0
150.0 154.0
127.0 154.0
187.0 154.0
143.0 154.0
139.0 155.0
140.0 155.0
177.0 155.0
152.0 155.0
157.0 155.0
160.0 155.0
127.0 156.0
147.0 156.0
151.0 156.0
146.0 156.0
184.0 156.0
165.0 156.0
169.0 156.0
154.0 156.0
143.0 156.0
147.0 157.0
175.0 157.0
153.0 157.0
140.0 157.0
174.0 158.0
161.0 158.0
170.0 158.0
152.0 158.0
149.0 158.0
154.0 158.0
150.0 158.0
166.0 158.0
152.0 158.0
150.0 158.0
198.0 159.0
151.0 159.0
165.0 159.0
148.0 159.0
145.0 159.0
149.0 159.0
133.0 159.0
160.0 160.0
157.0 160.0
152.0 160.0
186.0 160.0
124.0 160.0
144.0 160.0
175.0 160.0
149.0 160.0
144.0 161.0
175.0 161.0
187.0 161.0
152.0 162.0
149.0 162.0
184.0 162.0
154.0 162.0
115.0 163.0
126.0 163.0
157.0 163.0
150.0 163.0
140.0 163.0
162.0 163.0
181.0 163.0
149.0 163.0
152.0 163.0
164.0 163.0
153.0 164.0
146.0 164.0
184.0 164.0
154.0 164.0
165.0 165.0
128.0 165.0
138.0 166.0
155.0 166.0
173.0 166.0
111.0 166.0
178.0 166.0
145.0 166.0
155.0 166.0
170.0 166.0
150.0 167.0
144.0 167.0
166.0 167.0
146.0 168.0
161.0 169.0
140.0 169.0
157.0 170.0
146.0 170.0
178.0 170.0
167.0 170.0
173.0 170.0
139.0 171.0
159.0 171.0
172.0 171.0
168.0 171.0
143.0 171.0
172.0 172.0
185.0 172.0
169.0 173.0
174.0 173.0
122.0 174.0
138.0 174.0
114.0 176.0
161.0 177.0
163.0 177.0
149.0 177.0
146.0 177.0
173.0 177.0
127.0 177.0
138.0 178.0
131.0 178.0
158.0 178.0
154.0 178.0
141.0 178.0
199.0 178.0
177.0 180.0
149.0 180.0
149.0 180.0
177.0 181.0
182.0 181.0
162.0 181.0
150.0 181.0
174.0 181.0
170.0 182.0
142.0 182.0
175.0 182.0
151.0 182.0
171.0 183.0
173.0 183.0
164.0 183.0
181.0 184.0
172.0 184.0
172.0 184.0
182.0 185.0
184.0 185.0
151.0 185.0
133.0 185.0
127.0 186.0
154.0 187.0
162.0 189.0
165.0 190.0
192.0 190.0
163.0 193.0
185.0 197.0
159.0 200.0
