58.678048780487806 61.81951219512195
75.78233438485805 76.20820189274448
86.22142857142858 88.84285714285714
103.06944444444444 92.31944444444444
95.31623931623932 99.82051282051282
107.83333333333333 109.11481481481482
112.35560859188544 112.1527446300716
129.45454545454547 128.86580086580088
139.91240875912408 130.4817518248175
132.9349593495935 132.54471544715446
119.21341463414635 132.9329268292683
149.7482993197279 137.27891156462584
138.7280701754386 139.2719298245614
150.53453453453454 152.61261261261262
166.47513812154696 167.80939226519337
187.07391304347826 185.33695652173913
