151.0 112.0
178.0 113.0
152.0 132.0
173.0 132.0
103.0 137.0
157.0 148.0
185.0 150.0
184.0 152.0
177.0 155.0
175.0 155.0
169.0 158.0
198.0 159.0
151.0 159.0
132.0 159.0
146.0 160.0
187.0 161.0
154.0 162.0
149.0 163.0
164.0 163.0
145.0 166.0
170.0 166.0
150.0 167.0
144.0 167.0
164.0 169.0
167.0 170.0
175.0 171.0
188.0 173.0
159.0 174.0
180.0 174.0
174.0 175.0
166.0 175.0
184.0 176.0
141.0 177.0
178.0 177.0
175.0 177.0
199.0 178.0
173.0 179.0
184.0 179.0
177.0 180.0
165.0 180.0
190.0 180.0
149.0 180.0
166.0 181.0
191.0 181.0
171.0 181.0
162.0 181.0
150.0 181.0
174.0 181.0
174.0 181.0
183.0 182.0
186.0 182.0
170.0 182.0
173.0 183.0
172.0 184.0
178.0 185.0
184.0 185.0
151.0 185.0
172.0 186.0
189.0 188.0
174.0 188.0
181.0 189.0
162.0 189.0
145.0 189.0
149.0 189.0
190.0 191.0
173.0 191.0
185.0 191.0
188.0 192.0
184.0 192.0
189.0 192.0
129.0 193.0
191.0 194.0
185.0 195.0
192.0 195.0
190.0 195.0
198.0 197.0
185.0 197.0
192.0 198.0
193.0 199.0
159.0 200.0
158.0 202.0
