112.0 51.0
148.0 76.0
129.0 80.0
123.0 83.0
104.0 83.0
161.0 90.0
117.0 91.0
143.0 93.0
112.0 96.0
148.0 97.0
102.0 97.0
142.0 99.0
116.0 99.0
142.0 99.0
148.0 99.0
116.0 99.0
122.0 101.0
113.0 101.0
131.0 101.0
122.0 103.0
104.0 104.0
151.0 104.0
157.0 104.0
128.0 105.0
132.0 105.0
95.0 105.0
136.0 105.0
114.0 108.0
137.0 110.0
116.0 111.0
147.0 111.0
85.0 112.0
95.0 113.0
122.0 113.0
129.0 114.0
120.0 114.0
131.0 114.0
101.0 115.0
162.0 116.0
135.0 116.0
112.0 116.0
116.0 117.0
136.0 118.0
105.0 118.0
106.0 119.0
115.0 119.0
147.0 120.0
147.0 121.0
162.0 121.0
168.0 121.0
135.0 123.0
137.0 123.0
161.0 124.0
146.0 124.0
144.0 124.0
126.0 124.0
140.0 124.0
148.0 125.0
137.0 125.0
135.0 125.0
163.0 126.0
139.0 126.0
124.0 127.0
134.0 127.0
161.0 127.0
160.0 127.0
118.0 128.0
145.0 129.0
167.0 130.0
145.0 130.0
147.0 130.0
131.0 131.0
165.0 131.0
150.0 131.0
143.0 132.0
125.0 132.0
152.0 134.0
117.0 134.0
156.0 135.0
146.0 135.0
164.0 135.0
150.0 135.0
140.0 136.0
158.0 136.0
141.0 139.0
156.0 141.0
159.0 141.0
161.0 141.0
102.0 142.0
151.0 142.0
154.0 143.0
178.0 143.0
144.0 143.0
167.0 144.0
155.0 144.0
131.0 144.0
112.0 145.0
162.0 145.0
160.0 145.0
137.0 145.0
143.0 146.0
175.0 147.0
135.0 147.0
179.0 147.0
134.0 148.0
154.0 149.0
175.0 150.0
135.0 151.0
132.0 151.0
180.0 151.0
139.0 152.0
163.0 152.0
116.0 153.0
149.0 154.0
111.0 156.0
124.0 156.0
174.0 156.0
155.0 156.0
139.0 156.0
162.0 158.0
124.0 158.0
146.0 159.0
140.0 159.0
173.0 159.0
171.0 160.0
143.0 167.0
135.0 167.0
143.0 170.0
165.0 170.0
110.0 170.0
99.0 171.0
130.0 172.0
184.0 173.0
157.0 174.0
173.0 175.0
170.0 176.0
147.0 179.0
165.0 183.0
