118.0 84.0
108.0 99.0
138.0 100.0
108.0 102.0
114.0 102.0
138.0 104.0
129.0 104.0
156.0 105.0
107.0 107.0
114.0 108.0
110.0 108.0
141.0 110.0
116.0 110.0
115.0 111.0
113.0 111.0
116.0 112.0
116.0 113.0
111.0 114.0
115.0 114.0
117.0 114.0
117.0 114.0
111.0 114.0
123.0 114.0
114.0 115.0
121.0 115.0
122.0 115.0
117.0 116.0
118.0 116.0
119.0 116.0
110.0 116.0
118.0 117.0
115.0 117.0
122.0 117.0
116.0 117.0
110.0 117.0
114.0 117.0
119.0 117.0
115.0 117.0
122.0 117.0
120.0 118.0
115.0 118.0
112.0 118.0
124.0 118.0
120.0 118.0
120.0 118.0
113.0 118.0
106.0 118.0
128.0 118.0
132.0 119.0
115.0 119.0
120.0 119.0
114.0 119.0
115.0 119.0
122.0 119.0
119.0 119.0
113.0 119.0
116.0 119.0
123.0 119.0
127.0 119.0
118.0 120.0
117.0 120.0
116.0 120.0
117.0 121.0
115.0 121.0
129.0 121.0
116.0 122.0
122.0 122.0
123.0 122.0
106.0 122.0
119.0 122.0
121.0 122.0
120.0 123.0
132.0 123.0
116.0 123.0
101.0 123.0
129.0 123.0
116.0 124.0
121.0 124.0
115.0 124.0
124.0 124.0
140.0 124.0
123.0 125.0
116.0 125.0
135.0 125.0
122.0 125.0
125.0 125.0
121.0 125.0
110.0 125.0
114.0 126.0
118.0 126.0
113.0 126.0
122.0 126.0
120.0 126.0
127.0 126.0
125.0 126.0
109.0 126.0
121.0 127.0
116.0 127.0
117.0 127.0
124.0 127.0
119.0 128.0
127.0 128.0
105.0 128.0
124.0 129.0
116.0 129.0
116.0 130.0
131.0 130.0
120.0 130.0
121.0 130.0
125.0 130.0
108.0 131.0
125.0 133.0
130.0 133.0
125.0 135.0
124.0 136.0
122.0 136.0
132.0 136.0
119.0 138.0
123.0 138.0
118.0 140.0
135.0 146.0
