115.0 78.0
118.0 87.0
108.0 93.0
92.0 95.0
125.0 96.0
106.0 101.0
99.0 101.0
102.0 101.0
120.0 102.0
105.0 104.0
95.0 104.0
115.0 104.0
100.0 104.0
106.0 105.0
108.0 105.0
104.0 105.0
101.0 105.0
100.0 106.0
107.0 107.0
106.0 107.0
109.0 107.0
110.0 108.0
115.0 108.0
104.0 108.0
114.0 108.0
108.0 108.0
112.0 109.0
106.0 109.0
126.0 109.0
109.0 109.0
110.0 110.0
107.0 110.0
114.0 110.0
108.0 110.0
111.0 111.0
115.0 111.0
110.0 111.0
87.0 111.0
102.0 111.0
111.0 112.0
105.0 112.0
114.0 112.0
123.0 113.0
110.0 114.0
114.0 114.0
104.0 114.0
122.0 114.0
102.0 115.0
124.0 117.0
114.0 117.0
128.0 117.0
82.0 118.0
109.0 118.0
108.0 118.0
104.0 118.0
104.0 118.0
112.0 120.0
112.0 120.0
121.0 120.0
107.0 121.0
113.0 121.0
110.0 121.0
120.0 121.0
113.0 121.0
116.0 122.0
117.0 122.0
110.0 123.0
102.0 123.0
121.0 125.0
133.0 126.0
121.0 127.0
111.0 129.0
120.0 132.0
108.0 139.0
105.0 147.0
