89.0 66.0
72.0 66.0
70.0 71.0
94.0 80.0
78.0 80.0
90.0 83.0
92.0 83.0
104.0 84.0
118.0 87.0
100.0 88.0
93.0 88.0
86.0 90.0
87.0 92.0
88.0 92.0
108.0 93.0
125.0 93.0
111.0 94.0
83.0 94.0
95.0 94.0
69.0 95.0
102.0 96.0
95.0 97.0
87.0 98.0
93.0 98.0
85.0 99.0
100.0 99.0
94.0 100.0
95.0 100.0
96.0 100.0
103.0 101.0
102.0 101.0
106.0 101.0
100.0 101.0
99.0 101.0
87.0 102.0
77.0 102.0
111.0 102.0
72.0 102.0
93.0 103.0
98.0 103.0
87.0 103.0
105.0 104.0
95.0 104.0
115.0 104.0
100.0 104.0
115.0 104.0
108.0 105.0
94.0 106.0
91.0 107.0
84.0 107.0
115.0 107.0
112.0 108.0
94.0 108.0
108.0 108.0
109.0 109.0
105.0 109.0
90.0 110.0
120.0 110.0
103.0 111.0
98.0 111.0
72.0 112.0
114.0 112.0
92.0 113.0
95.0 114.0
91.0 114.0
120.0 114.0
104.0 114.0
93.0 114.0
90.0 115.0
96.0 115.0
107.0 115.0
117.0 116.0
109.0 118.0
89.0 118.0
104.0 118.0
104.0 118.0
119.0 119.0
110.0 119.0
103.0 119.0
114.0 119.0
108.0 120.0
107.0 121.0
82.0 121.0
113.0 122.0
105.0 122.0
71.0 123.0
102.0 123.0
93.0 125.0
102.0 125.0
117.0 125.0
98.0 125.0
111.0 125.0
110.0 126.0
99.0 127.0
98.0 128.0
87.0 128.0
76.0 131.0
78.0 131.0
97.0 132.0
86.0 134.0
88.0 136.0
86.0 137.0
83.0 137.0
108.0 139.0
102.0 142.0
132.0 142.0
120.0 143.0
95.0 148.0
88.0 149.0
