112.0 108.0
184.0 152.0
188.0 159.0
179.0 167.0
179.0 172.0
184.0 173.0
185.0 173.0
184.0 174.0
184.0 176.0
186.0 177.0
185.0 178.0
189.0 178.0
178.0 178.0
176.0 178.0
182.0 179.0
187.0 179.0
185.0 180.0
188.0 180.0
182.0 181.0
181.0 181.0
186.0 181.0
187.0 182.0
184.0 182.0
183.0 182.0
178.0 182.0
169.0 182.0
188.0 183.0
185.0 183.0
180.0 183.0
185.0 183.0
185.0 184.0
185.0 184.0
189.0 184.0
183.0 185.0
187.0 186.0
189.0 186.0
190.0 186.0
170.0 186.0
181.0 187.0
188.0 189.0
183.0 191.0
188.0 192.0
