41.0 38.0
37.0 44.0
89.0 45.0
56.0 45.0
109.0 46.0
58.0 49.0
57.0 51.0
65.0 52.0
56.0 53.0
56.0 53.0
43.0 54.0
60.0 55.0
52.0 55.0
56.0 56.0
33.0 56.0
58.0 57.0
113.0 57.0
69.0 58.0
77.0 58.0
54.0 59.0
87.0 59.0
103.0 59.0
63.0 59.0
134.0 59.0
73.0 60.0
58.0 60.0
114.0 61.0
56.0 61.0
68.0 62.0
39.0 62.0
83.0 63.0
59.0 63.0
68.0 63.0
149.0 63.0
55.0 63.0
82.0 64.0
117.0 64.0
129.0 65.0
93.0 65.0
84.0 65.0
68.0 65.0
65.0 65.0
52.0 66.0
65.0 66.0
89.0 66.0
104.0 66.0
72.0 66.0
135.0 66.0
72.0 67.0
97.0 68.0
77.0 68.0
100.0 68.0
105.0 68.0
145.0 69.0
71.0 69.0
78.0 69.0
90.0 70.0
71.0 70.0
59.0 70.0
68.0 70.0
83.0 70.0
54.0 70.0
78.0 70.0
70.0 71.0
89.0 72.0
59.0 73.0
105.0 73.0
69.0 74.0
82.0 74.0
84.0 74.0
73.0 74.0
75.0 75.0
53.0 75.0
88.0 75.0
66.0 75.0
79.0 76.0
92.0 76.0
98.0 76.0
97.0 76.0
97.0 76.0
76.0 76.0
78.0 76.0
94.0 76.0
55.0 77.0
65.0 78.0
87.0 78.0
94.0 78.0
62.0 79.0
70.0 79.0
124.0 79.0
80.0 79.0
82.0 79.0
87.0 79.0
94.0 79.0
80.0 79.0
117.0 80.0
94.0 80.0
78.0 80.0
88.0 80.0
82.0 80.0
82.0 80.0
72.0 81.0
64.0 81.0
84.0 81.0
79.0 81.0
90.0 81.0
80.0 81.0
59.0 82.0
89.0 82.0
72.0 82.0
84.0 82.0
94.0 82.0
96.0 82.0
82.0 82.0
56.0 83.0
76.0 83.0
91.0 83.0
83.0 83.0
92.0 83.0
70.0 84.0
84.0 84.0
94.0 84.0
123.0 84.0
89.0 85.0
86.0 85.0
73.0 85.0
80.0 85.0
80.0 86.0
81.0 86.0
84.0 86.0
116.0 86.0
71.0 86.0
86.0 86.0
94.0 87.0
56.0 88.0
93.0 88.0
92.0 88.0
82.0 89.0
58.0 89.0
90.0 89.0
70.0 89.0
89.0 89.0
91.0 89.0
87.0 89.0
78.0 90.0
79.0 90.0
102.0 90.0
100.0 90.0
91.0 90.0
86.0 90.0
89.0 91.0
113.0 91.0
131.0 92.0
92.0 92.0
58.0 92.0
73.0 92.0
87.0 92.0
110.0 92.0
88.0 92.0
55.0 92.0
103.0 92.0
61.0 93.0
108.0 93.0
104.0 93.0
100.0 93.0
91.0 93.0
88.0 93.0
52.0 93.0
94.0 93.0
93.0 94.0
102.0 94.0
93.0 94.0
83.0 94.0
95.0 94.0
93.0 94.0
66.0 95.0
69.0 95.0
61.0 96.0
93.0 96.0
102.0 96.0
81.0 96.0
97.0 96.0
95.0 97.0
51.0 97.0
97.0 97.0
82.0 98.0
87.0 98.0
93.0 98.0
88.0 98.0
85.0 99.0
82.0 99.0
100.0 99.0
82.0 100.0
86.0 100.0
89.0 100.0
95.0 100.0
96.0 100.0
115.0 101.0
81.0 101.0
103.0 101.0
94.0 101.0
100.0 101.0
99.0 101.0
102.0 101.0
71.0 102.0
88.0 102.0
77.0 102.0
72.0 102.0
76.0 102.0
94.0 102.0
103.0 102.0
106.0 103.0
93.0 103.0
99.0 103.0
98.0 103.0
87.0 103.0
80.0 104.0
97.0 104.0
95.0 104.0
66.0 104.0
115.0 104.0
104.0 105.0
52.0 106.0
103.0 106.0
94.0 106.0
108.0 106.0
91.0 107.0
84.0 107.0
94.0 108.0
108.0 108.0
89.0 109.0
93.0 109.0
91.0 109.0
82.0 109.0
85.0 110.0
85.0 110.0
90.0 110.0
103.0 111.0
114.0 111.0
113.0 111.0
66.0 111.0
103.0 112.0
72.0 112.0
89.0 112.0
108.0 112.0
86.0 113.0
90.0 114.0
95.0 114.0
91.0 114.0
120.0 114.0
136.0 114.0
92.0 115.0
96.0 115.0
115.0 117.0
108.0 117.0
75.0 118.0
89.0 118.0
139.0 119.0
125.0 119.0
66.0 119.0
106.0 120.0
67.0 120.0
108.0 120.0
75.0 121.0
124.0 121.0
113.0 122.0
105.0 122.0
71.0 123.0
98.0 125.0
104.0 128.0
76.0 131.0
78.0 131.0
98.0 135.0
119.0 135.0
88.0 136.0
83.0 137.0
114.0 144.0
124.0 151.0
90.0 151.0
136.0 161.0
107.0 172.0
