98.0 88.0
142.0 113.0
139.0 115.0
148.0 116.0
111.0 118.0
147.0 127.0
127.0 127.0
137.0 133.0
129.0 134.0
139.0 136.0
125.0 137.0
135.0 138.0
121.0 139.0
150.0 139.0
153.0 139.0
149.0 139.0
118.0 140.0
131.0 140.0
141.0 141.0
137.0 141.0
150.0 142.0
134.0 142.0
130.0 142.0
153.0 142.0
144.0 143.0
156.0 144.0
123.0 145.0
136.0 146.0
153.0 146.0
146.0 147.0
149.0 147.0
139.0 148.0
139.0 148.0
130.0 148.0
144.0 149.0
135.0 150.0
124.0 150.0
130.0 152.0
153.0 154.0
143.0 154.0
140.0 155.0
128.0 157.0
145.0 159.0
124.0 160.0
149.0 162.0
126.0 163.0
140.0 163.0
128.0 165.0
155.0 166.0
114.0 176.0
159.0 200.0
