32.5 33.0
30.5 38.8
53.77777777777778 42.888888888888886
123.0 43.0
48.285714285714285 45.92857142857143
37.57692307692308 46.88461538461539
95.0 48.0
55.458333333333336 49.583333333333336
41.666666666666664 50.111111111111114
47.666666666666664 51.333333333333336
43.0 54.0
72.125 58.375
76.0909090909091 58.45454545454545
59.16326530612245 58.69387755102041
129.0 60.0
114.0 61.0
67.4074074074074 62.2962962962963
66.52380952380952 64.28571428571429
68.25 65.1875
54.5 67.0
84.875 67.0
78.88888888888889 67.11111111111111
94.14285714285714 67.14285714285714
63.32432432432432 67.54054054054055
87.19047619047619 68.9047619047619
82.80952380952381 71.52380952380952
63.5 72.66666666666667
65.54 73.3
74.20338983050847 75.08474576271186
79.8 77.2
100.5 79.0
156.0 79.0
80.15 80.1
87.58823529411765 80.94117647058823
110.6 81.8
139.0 82.0
95.8 82.15
90.8 83.46666666666667
60.5 83.5
63.0 84.0
87.15384615384616 84.38461538461539
79.5 84.66666666666667
100.17647058823529 85.6470588235294
128.7 85.7
80.0 86.36363636363636
74.5 86.66666666666667
96.75 87.0
172.0 90.0
161.0 90.0
72.07692307692308 90.3076923076923
64.36842105263158 90.36842105263158
150.5 91.0
118.11111111111111 92.11111111111111
92.59375 92.5625
78.85714285714286 93.42857142857143
86.08333333333333 93.58333333333333
142.6 94.8
117.71428571428571 95.0
102.11111111111111 95.33333333333333
106.33333333333333 96.0
92.0 96.0
93.31884057971014 100.33333333333333
122.0 101.0
162.66666666666666 101.0
162.0 101.0
96.98 101.66
97.25 101.89285714285714
92.28571428571429 101.9047619047619
97.26923076923077 102.53846153846153
84.1923076923077 102.92307692307692
116.84615384615384 104.15384615384616
106.95555555555555 104.8962962962963
108.33333333333333 105.0
122.14285714285714 105.14285714285714
105.66666666666667 105.22222222222223
114.54545454545455 105.27272727272727
107.3157894736842 107.15789473684211
98.8 107.2
97.53333333333333 107.53333333333333
132.125 107.75
130.125 108.875
122.125 109.5625
136.88 110.96
125.66666666666667 111.55555555555556
96.5 111.75
107.0 112.0
111.26086956521739 112.30434782608695
89.6 112.4
118.18181818181819 112.5909090909091
88.77777777777777 113.33333333333333
124.53333333333333 113.73333333333333
136.54545454545453 113.81818181818181
113.72727272727273 114.36363636363636
86.84210526315789 114.57894736842105
123.6 118.73333333333333
127.65 118.85
66.0 119.0
125.94545454545455 119.65454545454546
115.25 119.75
118.63888888888889 119.88425925925925
103.91666666666667 119.91666666666667
124.0 120.0
109.70833333333333 120.20833333333333
124.8 120.6
151.45454545454547 122.0
150.25 122.0
183.5 122.0
128.5 122.57142857142857
98.375 123.0
124.5 123.0
108.0 123.3125
139.0 124.38461538461539
141.55555555555554 125.0
124.0 125.0
171.07692307692307 125.0
142.25 125.25
134.75 125.5
114.88888888888889 125.88888888888889
131.92857142857142 126.85714285714286
108.2 126.9
167.0 127.0
127.75 127.5
109.22222222222223 127.61111111111111
144.2608695652174 127.65217391304348
176.0 128.0
125.33333333333333 129.16666666666666
130.70967741935485 129.8709677419355
90.5 130.0
170.0 130.33333333333334
113.36363636363636 130.4090909090909
130.77142857142857 130.8
127.83132530120481 130.9156626506024
164.92307692307693 131.07692307692307
131.9268292682927 131.46341463414635
132.375 132.5
127.84 132.96
143.0 133.0
120.05263157894737 133.05263157894737
141.35714285714286 134.21428571428572
130.05263157894737 134.26315789473685
119.57142857142857 134.57142857142858
158.63636363636363 134.63636363636363
150.73333333333332 135.73333333333332
105.25 135.75
107.0 136.27272727272728
132.54545454545453 136.36363636363637
163.27272727272728 136.45454545454547
180.25 137.125
116.53846153846153 137.30769230769232
126.4423076923077 137.90384615384616
148.4 138.8
122.5 139.08333333333334
125.66666666666667 139.66666666666666
102.0 140.5
141.0888888888889 141.57777777777778
155.94117647058823 142.7058823529412
138.14285714285714 144.71428571428572
137.96 145.54
158.14285714285714 145.57142857142858
161.63636363636363 146.1818181818182
153.64705882352942 146.41176470588235
124.875 148.375
145.28571428571428 148.71428571428572
148.6 148.8
129.33333333333334 149.0
149.8 149.4
139.6 149.8
157.5 150.0
156.66666666666666 150.55555555555554
108.0 151.0
119.66666666666667 151.33333333333334
154.5 151.5
184.5 151.5
158.56521739130434 152.69565217391303
152.88541666666666 152.83333333333334
156.0 153.0
79.0 153.0
145.85714285714286 153.07142857142858
152.2 153.3
119.44444444444444 153.55555555555554
160.16666666666666 153.66666666666666
175.5 153.875
105.0 154.0
114.61538461538461 154.3846153846154
163.21428571428572 154.92857142857142
128.0 155.0
146.6216216216216 155.05405405405406
166.16666666666666 156.5
125.27272727272727 156.72727272727272
146.33333333333334 156.86666666666667
153.9375 157.5625
154.0 159.0
164.0 159.0
170.33333333333334 159.16666666666666
163.58823529411765 159.2941176470588
158.9318181818182 160.5340909090909
139.875 160.875
113.0 163.5
133.0 164.0
174.69230769230768 164.69230769230768
152.41666666666666 165.29166666666666
171.5 166.0
137.75 166.75
168.5 168.5
178.5 169.0
178.0 169.0
185.0 170.0
169.3 170.46666666666667
171.73333333333332 170.53333333333333
165.44444444444446 170.62962962962962
153.1 170.95
171.5 171.0
186.0 171.25
180.6 172.0
153.4 172.3
161.5 172.66666666666666
178.28571428571428 173.42857142857142
182.0 173.71428571428572
168.86363636363637 174.0
181.44827586206895 174.51724137931035
178.66666666666666 175.5
174.71428571428572 176.28571428571428
193.0 177.0
176.22222222222223 177.44444444444446
176.13953488372093 177.7674418604651
149.0 178.33333333333334
101.5 178.5
173.0 179.66666666666666
183.6341463414634 179.9512195121951
178.0 180.0
193.25 181.0625
172.63636363636363 181.63636363636363
174.0 182.4
185.57692307692307 183.46153846153845
174.33333333333334 183.93333333333334
192.5 184.0
190.4 184.0
187.96666666666667 186.63333333333333
190.33333333333334 188.33333333333334
185.93333333333334 189.06666666666666
188.80851063829786 189.93617021276594
142.0 190.0
193.76315789473685 192.23684210526315
189.0 192.44444444444446
180.85714285714286 192.57142857142858
194.33333333333334 193.66666666666666
200.33333333333334 193.83333333333334
199.33333333333334 194.22222222222223
192.03703703703704 195.2962962962963
191.66666666666666 195.33333333333334
196.1818181818182 196.45454545454547
203.33333333333334 197.66666666666666
199.93103448275863 200.79310344827587
203.2 201.4
197.66666666666666 204.66666666666666
209.0 206.0
