61.0 41.0
53.0 58.0
51.0 60.0
96.0 62.0
147.0 63.0
75.0 63.0
74.0 65.0
60.0 66.0
128.0 67.0
101.0 68.0
88.0 69.0
51.0 70.0
68.0 70.0
76.0 71.0
89.0 72.0
74.0 72.0
68.0 74.0
85.0 74.0
82.0 75.0
80.0 76.0
84.0 76.0
81.0 78.0
133.0 80.0
78.0 80.0
121.0 80.0
94.0 80.0
73.0 81.0
90.0 81.0
86.0 82.0
89.0 82.0
158.0 82.0
88.0 84.0
93.0 84.0
63.0 84.0
87.0 85.0
70.0 85.0
83.0 85.0
83.0 86.0
48.0 87.0
78.0 87.0
78.0 89.0
101.0 89.0
111.0 91.0
121.0 91.0
95.0 91.0
78.0 92.0
79.0 92.0
113.0 93.0
76.0 94.0
88.0 94.0
62.0 94.0
92.0 95.0
96.0 97.0
103.0 97.0
84.0 98.0
79.0 98.0
82.0 100.0
69.0 100.0
75.0 100.0
99.0 100.0
137.0 101.0
109.0 101.0
119.0 102.0
87.0 103.0
101.0 104.0
112.0 104.0
95.0 104.0
109.0 105.0
113.0 106.0
112.0 106.0
104.0 109.0
59.0 110.0
129.0 110.0
108.0 110.0
118.0 111.0
112.0 111.0
100.0 111.0
119.0 112.0
87.0 112.0
88.0 112.0
106.0 113.0
111.0 113.0
100.0 114.0
82.0 114.0
100.0 115.0
116.0 115.0
80.0 116.0
103.0 116.0
115.0 116.0
93.0 116.0
108.0 117.0
97.0 118.0
57.0 118.0
84.0 120.0
105.0 121.0
117.0 121.0
85.0 124.0
133.0 125.0
121.0 125.0
139.0 126.0
96.0 128.0
115.0 128.0
117.0 128.0
94.0 128.0
108.0 129.0
113.0 129.0
135.0 129.0
96.0 129.0
96.0 129.0
114.0 132.0
111.0 134.0
84.0 135.0
124.0 137.0
141.0 139.0
80.0 145.0
84.0 148.0
98.0 149.0
132.0 153.0
