101.0 65.0
90.0 84.0
92.0 86.0
143.0 88.0
117.0 91.0
162.0 92.0
71.0 94.0
131.0 96.0
144.0 96.0
124.0 96.0
158.0 97.0
82.0 98.0
104.0 98.0
144.0 98.0
131.0 99.0
101.0 99.0
92.0 101.0
134.0 104.0
103.0 109.0
116.0 111.0
133.0 114.0
166.0 114.0
115.0 116.0
89.0 118.0
109.0 118.0
76.0 119.0
91.0 120.0
124.0 120.0
117.0 121.0
147.0 122.0
135.0 123.0
108.0 124.0
148.0 125.0
95.0 125.0
135.0 127.0
129.0 129.0
139.0 130.0
128.0 132.0
122.0 133.0
136.0 134.0
153.0 134.0
126.0 135.0
120.0 135.0
114.0 136.0
124.0 137.0
72.0 142.0
119.0 143.0
130.0 143.0
172.0 147.0
149.0 150.0
114.0 151.0
125.0 151.0
133.0 152.0
151.0 153.0
153.0 154.0
158.0 157.0
129.0 160.0
136.0 161.0
132.0 162.0
122.0 162.0
133.0 167.0
120.0 170.0
159.0 170.0
140.0 184.0
177.0 185.0
