87.0 86.0
144.0 96.0
120.0 111.0
130.0 112.0
161.0 118.0
128.0 119.0
119.0 119.0
125.0 119.0
116.0 120.0
123.0 120.0
123.0 120.0
136.0 121.0
132.0 121.0
138.0 121.0
142.0 122.0
117.0 122.0
138.0 122.0
129.0 122.0
125.0 122.0
132.0 122.0
130.0 122.0
127.0 123.0
130.0 124.0
124.0 124.0
127.0 124.0
130.0 124.0
123.0 124.0
123.0 124.0
121.0 124.0
133.0 125.0
127.0 125.0
131.0 126.0
128.0 126.0
132.0 126.0
120.0 126.0
147.0 127.0
139.0 127.0
128.0 127.0
124.0 127.0
134.0 127.0
128.0 127.0
123.0 127.0
138.0 127.0
127.0 127.0
126.0 127.0
128.0 127.0
125.0 127.0
139.0 127.0
106.0 128.0
127.0 128.0
127.0 128.0
129.0 128.0
139.0 128.0
128.0 128.0
129.0 128.0
135.0 128.0
128.0 128.0
128.0 128.0
137.0 129.0
136.0 129.0
130.0 129.0
128.0 129.0
128.0 129.0
148.0 129.0
128.0 130.0
129.0 130.0
134.0 131.0
151.0 131.0
127.0 131.0
134.0 131.0
153.0 131.0
136.0 131.0
130.0 132.0
137.0 132.0
134.0 132.0
130.0 132.0
121.0 132.0
143.0 133.0
134.0 133.0
137.0 133.0
131.0 133.0
136.0 133.0
136.0 133.0
138.0 133.0
125.0 134.0
138.0 134.0
128.0 134.0
120.0 134.0
124.0 134.0
135.0 134.0
133.0 134.0
118.0 134.0
154.0 134.0
125.0 134.0
125.0 134.0
143.0 134.0
147.0 134.0
133.0 134.0
134.0 134.0
137.0 134.0
133.0 134.0
141.0 135.0
128.0 135.0
125.0 136.0
142.0 136.0
128.0 136.0
138.0 136.0
134.0 136.0
123.0 137.0
126.0 137.0
131.0 137.0
138.0 137.0
132.0 137.0
125.0 137.0
144.0 138.0
131.0 138.0
141.0 138.0
135.0 138.0
135.0 138.0
138.0 139.0
139.0 139.0
130.0 139.0
130.0 139.0
153.0 139.0
149.0 139.0
138.0 140.0
137.0 141.0
128.0 141.0
133.0 141.0
127.0 141.0
130.0 142.0
143.0 142.0
136.0 142.0
136.0 142.0
146.0 142.0
126.0 142.0
111.0 143.0
120.0 143.0
140.0 144.0
133.0 144.0
131.0 144.0
140.0 144.0
106.0 144.0
134.0 144.0
127.0 145.0
142.0 145.0
123.0 145.0
142.0 146.0
129.0 146.0
153.0 146.0
150.0 147.0
127.0 148.0
130.0 148.0
159.0 149.0
157.0 151.0
157.0 153.0
106.0 154.0
129.0 154.0
147.0 155.0
117.0 159.0
