105.0 93.0
108.0 99.0
108.0 102.0
114.0 102.0
129.0 104.0
156.0 105.0
107.0 106.0
102.0 106.0
108.0 106.0
107.0 107.0
111.0 107.0
114.0 108.0
112.0 108.0
110.0 108.0
104.0 109.0
113.0 109.0
111.0 109.0
112.0 110.0
123.0 110.0
136.0 110.0
111.0 110.0
112.0 111.0
116.0 112.0
87.0 112.0
116.0 112.0
117.0 112.0
120.0 112.0
116.0 112.0
112.0 113.0
111.0 113.0
125.0 113.0
116.0 113.0
120.0 113.0
125.0 113.0
116.0 114.0
111.0 114.0
115.0 114.0
110.0 114.0
117.0 114.0
117.0 114.0
117.0 114.0
123.0 114.0
112.0 114.0
117.0 115.0
115.0 115.0
114.0 115.0
121.0 115.0
122.0 115.0
117.0 116.0
115.0 116.0
118.0 116.0
119.0 116.0
116.0 116.0
110.0 116.0
118.0 117.0
119.0 117.0
115.0 117.0
116.0 117.0
115.0 117.0
110.0 117.0
114.0 117.0
123.0 117.0
119.0 117.0
119.0 117.0
115.0 117.0
122.0 117.0
110.0 117.0
133.0 117.0
120.0 118.0
115.0 118.0
112.0 118.0
136.0 118.0
124.0 118.0
120.0 118.0
129.0 118.0
120.0 118.0
113.0 118.0
106.0 118.0
128.0 118.0
132.0 119.0
115.0 119.0
116.0 119.0
120.0 119.0
114.0 119.0
117.0 119.0
115.0 119.0
122.0 119.0
119.0 119.0
113.0 119.0
116.0 119.0
123.0 119.0
118.0 119.0
125.0 119.0
127.0 119.0
114.0 120.0
118.0 120.0
117.0 120.0
116.0 120.0
135.0 121.0
131.0 121.0
117.0 121.0
122.0 121.0
115.0 121.0
129.0 121.0
125.0 121.0
117.0 121.0
121.0 121.0
129.0 121.0
108.0 122.0
116.0 122.0
122.0 122.0
123.0 122.0
124.0 122.0
106.0 122.0
116.0 122.0
121.0 122.0
110.0 122.0
116.0 122.0
119.0 122.0
121.0 122.0
120.0 123.0
132.0 123.0
116.0 123.0
123.0 123.0
125.0 123.0
126.0 123.0
135.0 123.0
129.0 123.0
113.0 123.0
116.0 124.0
121.0 124.0
115.0 124.0
126.0 124.0
124.0 124.0
124.0 124.0
140.0 124.0
122.0 124.0
123.0 125.0
116.0 125.0
135.0 125.0
115.0 125.0
122.0 125.0
122.0 125.0
104.0 125.0
125.0 125.0
121.0 125.0
110.0 125.0
125.0 126.0
129.0 126.0
109.0 126.0
114.0 126.0
118.0 126.0
123.0 126.0
113.0 126.0
122.0 126.0
123.0 126.0
120.0 126.0
121.0 126.0
127.0 126.0
113.0 126.0
109.0 126.0
121.0 127.0
116.0 127.0
117.0 127.0
117.0 127.0
122.0 127.0
124.0 127.0
117.0 127.0
123.0 128.0
121.0 128.0
119.0 128.0
137.0 128.0
127.0 128.0
124.0 128.0
105.0 128.0
141.0 128.0
111.0 129.0
131.0 129.0
110.0 129.0
124.0 129.0
116.0 129.0
130.0 130.0
116.0 130.0
131.0 130.0
120.0 130.0
125.0 130.0
121.0 130.0
114.0 130.0
125.0 130.0
127.0 130.0
96.0 131.0
107.0 131.0
108.0 131.0
117.0 132.0
123.0 132.0
119.0 132.0
125.0 133.0
130.0 133.0
121.0 134.0
137.0 135.0
125.0 135.0
105.0 136.0
124.0 136.0
122.0 136.0
132.0 136.0
119.0 138.0
123.0 138.0
126.0 138.0
120.0 139.0
118.0 140.0
148.0 140.0
126.0 144.0
108.0 144.0
135.0 146.0
135.0 147.0
125.0 147.0
122.0 162.0
135.0 167.0
