113.0 71.0
122.0 74.0
161.0 74.0
75.0 75.0
141.0 75.0
155.0 80.0
129.0 80.0
138.0 82.0
124.0 82.0
123.0 83.0
159.0 88.0
121.0 89.0
161.0 90.0
124.0 91.0
130.0 93.0
157.0 94.0
92.0 96.0
138.0 96.0
149.0 97.0
127.0 97.0
150.0 97.0
116.0 99.0
105.0 100.0
162.0 101.0
135.0 101.0
84.0 102.0
122.0 103.0
151.0 104.0
139.0 104.0
161.0 104.0
128.0 106.0
147.0 106.0
110.0 107.0
107.0 107.0
132.0 107.0
126.0 109.0
114.0 110.0
116.0 110.0
150.0 110.0
132.0 111.0
101.0 111.0
129.0 111.0
121.0 111.0
135.0 111.0
133.0 112.0
116.0 112.0
119.0 112.0
123.0 112.0
142.0 113.0
154.0 113.0
98.0 114.0
101.0 114.0
109.0 115.0
124.0 115.0
128.0 115.0
128.0 116.0
127.0 116.0
110.0 116.0
105.0 116.0
126.0 117.0
136.0 117.0
126.0 117.0
105.0 118.0
117.0 118.0
123.0 118.0
106.0 119.0
133.0 119.0
120.0 119.0
133.0 119.0
144.0 119.0
115.0 119.0
120.0 120.0
156.0 120.0
163.0 120.0
112.0 120.0
138.0 120.0
139.0 121.0
132.0 121.0
115.0 121.0
110.0 121.0
129.0 122.0
129.0 122.0
131.0 122.0
140.0 122.0
109.0 123.0
136.0 123.0
128.0 124.0
145.0 124.0
141.0 124.0
134.0 125.0
128.0 125.0
128.0 125.0
135.0 125.0
138.0 125.0
160.0 126.0
108.0 126.0
125.0 126.0
153.0 127.0
139.0 127.0
130.0 127.0
137.0 128.0
125.0 128.0
125.0 129.0
136.0 129.0
129.0 129.0
154.0 130.0
124.0 130.0
102.0 130.0
123.0 131.0
136.0 131.0
142.0 131.0
138.0 131.0
131.0 132.0
146.0 133.0
139.0 133.0
131.0 133.0
114.0 133.0
138.0 133.0
134.0 134.0
132.0 136.0
134.0 137.0
140.0 137.0
129.0 137.0
145.0 138.0
162.0 138.0
131.0 140.0
100.0 140.0
88.0 141.0
138.0 141.0
131.0 142.0
143.0 142.0
136.0 145.0
127.0 147.0
126.0 149.0
124.0 150.0
158.0 151.0
112.0 151.0
111.0 152.0
147.0 156.0
141.0 156.0
123.0 158.0
115.0 163.0
121.0 165.0
111.0 166.0
