101.0 51.0
77.0 56.0
55.0 61.0
81.0 62.0
88.0 62.0
94.0 63.0
59.0 65.0
90.0 65.0
70.0 66.0
78.0 67.0
108.0 67.0
108.0 72.0
103.0 73.0
56.0 75.0
93.0 78.0
61.0 79.0
76.0 79.0
90.0 81.0
68.0 82.0
118.0 84.0
98.0 84.0
89.0 84.0
110.0 84.0
125.0 84.0
73.0 85.0
109.0 85.0
80.0 85.0
86.0 86.0
109.0 87.0
92.0 90.0
100.0 90.0
93.0 90.0
134.0 91.0
91.0 91.0
100.0 92.0
107.0 93.0
86.0 94.0
81.0 95.0
98.0 95.0
95.0 98.0
89.0 98.0
89.0 99.0
102.0 99.0
111.0 100.0
110.0 101.0
73.0 102.0
147.0 103.0
105.0 103.0
79.0 103.0
109.0 105.0
94.0 106.0
108.0 107.0
108.0 107.0
85.0 108.0
95.0 108.0
107.0 109.0
129.0 111.0
93.0 112.0
121.0 113.0
105.0 113.0
112.0 113.0
99.0 114.0
91.0 116.0
106.0 117.0
112.0 118.0
88.0 119.0
114.0 120.0
102.0 122.0
130.0 123.0
65.0 126.0
100.0 126.0
91.0 131.0
91.0 134.0
75.0 137.0
153.0 145.0
