157.0 91.0
129.0 92.0
96.0 108.0
120.0 110.0
133.0 117.0
139.0 120.0
124.0 121.0
121.0 124.0
123.0 125.0
132.0 127.0
147.0 128.0
132.0 129.0
124.0 129.0
146.0 130.0
140.0 133.0
144.0 133.0
141.0 135.0
140.0 135.0
156.0 136.0
152.0 136.0
152.0 137.0
134.0 137.0
111.0 137.0
122.0 137.0
148.0 140.0
166.0 142.0
137.0 143.0
114.0 144.0
123.0 148.0
156.0 149.0
160.0 150.0
145.0 154.0
125.0 156.0
155.0 156.0
156.0 159.0
157.0 160.0
137.0 162.0
149.0 164.0
144.0 165.0
109.0 165.0
110.0 168.0
165.0 174.0
144.0 182.0
100.0 184.0
