109.0 64.0
90.0 65.0
104.0 66.0
71.0 69.0
70.0 70.0
74.0 71.0
88.0 72.0
85.0 75.0
97.0 76.0
97.0 76.0
78.0 76.0
78.0 78.0
102.0 78.0
110.0 79.0
87.0 79.0
117.0 80.0
84.0 80.0
99.0 81.0
87.0 81.0
84.0 81.0
87.0 81.0
96.0 82.0
88.0 82.0
82.0 83.0
76.0 83.0
83.0 83.0
90.0 84.0
98.0 84.0
73.0 85.0
86.0 85.0
80.0 85.0
116.0 86.0
86.0 86.0
86.0 86.0
90.0 87.0
94.0 87.0
92.0 88.0
90.0 89.0
87.0 89.0
100.0 90.0
104.0 91.0
101.0 91.0
103.0 92.0
79.0 93.0
94.0 93.0
106.0 96.0
100.0 97.0
93.0 98.0
122.0 101.0
105.0 101.0
94.0 102.0
93.0 103.0
89.0 105.0
103.0 105.0
95.0 114.0
83.0 120.0
