103.0 73.0
82.0 114.0
148.0 116.0
129.0 119.0
110.0 123.0
107.0 125.0
167.0 127.0
119.0 127.0
134.0 131.0
137.0 133.0
150.0 133.0
139.0 136.0
113.0 138.0
141.0 139.0
134.0 142.0
139.0 142.0
118.0 143.0
142.0 143.0
127.0 144.0
156.0 144.0
136.0 146.0
139.0 148.0
162.0 152.0
83.0 154.0
140.0 155.0
146.0 156.0
128.0 157.0
150.0 158.0
124.0 160.0
138.0 160.0
144.0 161.0
150.0 163.0
140.0 163.0
161.0 165.0
146.0 170.0
172.0 172.0
141.0 178.0
166.0 180.0
142.0 182.0
94.0 183.0
164.0 183.0
172.0 184.0
