114.0 74.0
67.0 77.0
92.0 82.0
99.0 96.0
120.0 96.0
133.0 98.0
114.0 98.0
147.0 99.0
142.0 99.0
105.0 100.0
82.0 101.0
113.0 102.0
105.0 104.0
151.0 104.0
92.0 105.0
128.0 105.0
77.0 105.0
108.0 105.0
98.0 106.0
113.0 107.0
111.0 107.0
108.0 107.0
122.0 109.0
106.0 109.0
114.0 109.0
115.0 110.0
123.0 110.0
71.0 111.0
168.0 111.0
117.0 112.0
116.0 112.0
120.0 114.0
84.0 115.0
101.0 115.0
120.0 115.0
115.0 115.0
101.0 115.0
112.0 116.0
122.0 117.0
124.0 117.0
101.0 117.0
101.0 117.0
127.0 117.0
113.0 118.0
106.0 119.0
147.0 120.0
136.0 120.0
144.0 120.0
123.0 121.0
126.0 121.0
121.0 121.0
117.0 122.0
123.0 123.0
130.0 123.0
126.0 124.0
109.0 126.0
125.0 126.0
135.0 127.0
108.0 129.0
134.0 130.0
114.0 130.0
131.0 131.0
107.0 131.0
119.0 132.0
128.0 133.0
141.0 134.0
111.0 137.0
124.0 138.0
115.0 138.0
111.0 139.0
110.0 141.0
136.0 144.0
126.0 144.0
120.0 145.0
130.0 146.0
143.0 146.0
144.0 146.0
138.0 147.0
125.0 147.0
102.0 150.0
135.0 151.0
111.0 152.0
112.0 153.0
130.0 153.0
124.0 156.0
137.0 156.0
