113.0 71.0
122.0 74.0
117.0 80.0
147.0 92.0
165.0 92.0
126.0 93.0
112.0 95.0
137.0 96.0
110.0 97.0
104.0 100.0
135.0 101.0
130.0 101.0
137.0 102.0
164.0 103.0
177.0 104.0
130.0 105.0
114.0 106.0
128.0 106.0
114.0 106.0
110.0 107.0
107.0 107.0
126.0 107.0
106.0 108.0
135.0 111.0
141.0 112.0
119.0 112.0
128.0 113.0
154.0 113.0
113.0 113.0
98.0 114.0
157.0 114.0
101.0 114.0
138.0 114.0
146.0 115.0
127.0 117.0
118.0 119.0
127.0 119.0
112.0 120.0
112.0 120.0
138.0 120.0
121.0 120.0
170.0 121.0
123.0 121.0
140.0 121.0
154.0 121.0
127.0 122.0
110.0 122.0
112.0 123.0
155.0 123.0
127.0 124.0
128.0 125.0
103.0 125.0
142.0 125.0
176.0 125.0
108.0 126.0
129.0 127.0
148.0 127.0
142.0 128.0
102.0 128.0
149.0 128.0
145.0 128.0
130.0 129.0
143.0 129.0
110.0 129.0
132.0 130.0
124.0 130.0
151.0 130.0
184.0 130.0
144.0 130.0
136.0 131.0
115.0 131.0
126.0 131.0
151.0 131.0
117.0 132.0
148.0 133.0
144.0 133.0
136.0 133.0
126.0 133.0
114.0 133.0
139.0 133.0
138.0 134.0
126.0 134.0
130.0 134.0
134.0 134.0
150.0 134.0
130.0 134.0
148.0 134.0
153.0 135.0
115.0 135.0
141.0 135.0
92.0 135.0
135.0 136.0
131.0 136.0
141.0 136.0
150.0 136.0
153.0 136.0
140.0 137.0
129.0 137.0
178.0 137.0
150.0 138.0
131.0 138.0
162.0 138.0
129.0 138.0
163.0 138.0
132.0 138.0
130.0 138.0
146.0 139.0
145.0 139.0
142.0 139.0
140.0 139.0
141.0 139.0
139.0 139.0
110.0 139.0
146.0 139.0
137.0 140.0
148.0 140.0
141.0 140.0
127.0 140.0
122.0 140.0
155.0 140.0
142.0 141.0
142.0 141.0
98.0 142.0
127.0 142.0
160.0 142.0
142.0 142.0
150.0 142.0
133.0 143.0
145.0 143.0
153.0 143.0
124.0 145.0
140.0 145.0
149.0 145.0
123.0 145.0
141.0 146.0
132.0 146.0
161.0 147.0
104.0 147.0
139.0 147.0
130.0 147.0
140.0 147.0
144.0 147.0
157.0 148.0
144.0 148.0
143.0 148.0
153.0 148.0
147.0 148.0
151.0 149.0
140.0 149.0
128.0 150.0
122.0 150.0
152.0 150.0
148.0 150.0
150.0 151.0
168.0 151.0
112.0 151.0
146.0 152.0
123.0 152.0
148.0 152.0
162.0 152.0
137.0 153.0
139.0 153.0
137.0 153.0
138.0 153.0
115.0 154.0
150.0 154.0
158.0 154.0
146.0 154.0
186.0 155.0
154.0 155.0
150.0 155.0
140.0 155.0
177.0 155.0
146.0 156.0
152.0 156.0
143.0 156.0
119.0 156.0
158.0 156.0
137.0 156.0
146.0 157.0
164.0 157.0
138.0 157.0
173.0 157.0
156.0 158.0
96.0 158.0
164.0 159.0
154.0 159.0
142.0 159.0
157.0 159.0
132.0 159.0
137.0 160.0
124.0 160.0
146.0 160.0
167.0 161.0
167.0 161.0
161.0 161.0
156.0 161.0
155.0 161.0
157.0 161.0
154.0 161.0
101.0 161.0
152.0 162.0
108.0 162.0
134.0 163.0
168.0 163.0
139.0 164.0
169.0 164.0
133.0 164.0
153.0 165.0
112.0 165.0
160.0 166.0
122.0 166.0
128.0 167.0
180.0 167.0
120.0 167.0
159.0 168.0
131.0 168.0
186.0 169.0
138.0 169.0
129.0 169.0
108.0 169.0
164.0 170.0
146.0 170.0
175.0 171.0
156.0 172.0
175.0 175.0
118.0 175.0
177.0 178.0
139.0 185.0
