113.0 101.0
59.0 110.0
96.0 112.0
106.0 114.0
82.0 114.0
139.0 115.0
148.0 116.0
129.0 119.0
168.0 121.0
110.0 123.0
107.0 125.0
139.0 126.0
113.0 126.0
167.0 127.0
119.0 127.0
111.0 128.0
155.0 129.0
130.0 130.0
134.0 131.0
143.0 133.0
137.0 133.0
137.0 133.0
150.0 133.0
129.0 134.0
124.0 135.0
156.0 136.0
152.0 136.0
123.0 136.0
139.0 136.0
131.0 137.0
139.0 138.0
113.0 138.0
121.0 139.0
110.0 139.0
146.0 139.0
141.0 139.0
118.0 140.0
131.0 140.0
139.0 141.0
157.0 141.0
156.0 141.0
166.0 142.0
134.0 142.0
118.0 143.0
142.0 143.0
127.0 144.0
133.0 144.0
131.0 144.0
156.0 144.0
182.0 146.0
137.0 146.0
136.0 146.0
146.0 147.0
131.0 148.0
170.0 148.0
139.0 148.0
167.0 148.0
124.0 152.0
163.0 152.0
130.0 152.0
75.0 152.0
162.0 152.0
160.0 153.0
149.0 154.0
153.0 154.0
83.0 154.0
143.0 154.0
140.0 155.0
140.0 155.0
111.0 156.0
125.0 156.0
146.0 156.0
95.0 156.0
128.0 157.0
161.0 158.0
150.0 158.0
109.0 159.0
130.0 160.0
124.0 160.0
138.0 160.0
144.0 161.0
126.0 163.0
150.0 163.0
140.0 163.0
120.0 164.0
149.0 164.0
161.0 165.0
108.0 166.0
143.0 167.0
143.0 170.0
146.0 170.0
110.0 170.0
139.0 171.0
172.0 171.0
143.0 171.0
172.0 172.0
161.0 174.0
122.0 174.0
170.0 176.0
114.0 176.0
141.0 178.0
112.0 178.0
166.0 180.0
142.0 182.0
164.0 183.0
172.0 184.0
114.0 187.0
163.0 193.0
