1.0 3.252026049772007
2.0 2.9629407745058103
3.0 2.6860527526212397
4.0 2.6860527526212397
5.0 2.686052752621239
6.0 2.68605275262124
7.0 2.68605275262124
8.0 2.686052752621241
9.0 2.6860527526212405
10.0 2.6860527526212405
11.0 2.6860527526212414
12.0 2.686052752621242
13.0 2.6860527526212405
14.0 2.686052752621242
15.0 2.686052752621242
16.0 2.686052752621242
17.0 2.686052752621241
18.0 2.686052752621241
19.0 2.6860527526212405
20.0 2.6860527526212414
21.0 2.686052752621241
22.0 2.686052752621241
23.0 2.6860527526212414
24.0 2.6860527526212414
25.0 2.686052752621241
26.0 2.68605275262124
27.0 2.6860527526212397
28.0 2.6860527526212388
29.0 2.68605275262124
30.0 2.68605275262124
31.0 2.686052752621241
32.0 2.686052752621242
33.0 2.6860527526212405
34.0 2.6860527526212405
35.0 2.6860527526212388
36.0 2.6860527526212388
37.0 2.6860527526212397
38.0 2.6860527526212397
39.0 2.686052752621241
40.0 2.68605275262124
41.0 2.6860527526212397
42.0 2.6860527526212405
43.0 2.686052752621239
44.0 2.6860527526212414
45.0 2.686052752621242
46.0 2.68605275262124
47.0 2.686052752621242
48.0 2.686052752621241
49.0 2.6860527526212414
50.0 2.68605275262124
