1.0 8.836085181619637
2.0 7.001470115159051
3.0 6.988844221575188
4.0 6.98884422157519
5.0 6.98884422157519
6.0 6.988844221575189
7.0 6.988844221575189
8.0 6.9888442215751905
9.0 6.98884422157519
10.0 6.988844221575186
11.0 6.988844221575186
12.0 6.988844221575185
13.0 6.988844221575188
14.0 6.988844221575187
15.0 6.988844221575186
16.0 6.988844221575185
17.0 6.988844221575187
18.0 6.988844221575187
19.0 6.988844221575187
20.0 6.988844221575186
21.0 6.988844221575188
22.0 6.988844221575187
23.0 6.988844221575184
24.0 6.98884422157519
25.0 6.9888442215751905
26.0 6.988844221575184
27.0 6.98884422157519
28.0 6.988844221575187
29.0 6.988844221575188
30.0 6.988844221575186
31.0 6.988844221575187
32.0 6.988844221575187
33.0 6.988844221575185
34.0 6.988844221575185
35.0 6.988844221575183
36.0 6.988844221575183
37.0 6.988844221575182
38.0 6.988844221575183
39.0 6.988844221575183
40.0 6.988844221575185
41.0 6.98884422157519
42.0 6.98884422157519
43.0 6.988844221575187
44.0 6.988844221575187
45.0 6.988844221575187
46.0 6.988844221575186
47.0 6.988844221575185
48.0 6.988844221575183
49.0 6.988844221575183
50.0 6.988844221575184
