1.0 2.6134568584539397
2.0 2.5585417416248655
3.0 2.5584541172190356
4.0 2.558454117219034
5.0 2.558454117219034
6.0 2.5584541172190343
7.0 2.5584541172190343
8.0 2.5584541172190356
9.0 2.5584541172190347
10.0 2.558454117219035
11.0 2.558454117219035
12.0 2.558454117219035
13.0 2.5584541172190356
14.0 2.5584541172190347
15.0 2.558454117219035
16.0 2.558454117219035
17.0 2.5584541172190343
18.0 2.5584541172190365
19.0 2.5584541172190343
20.0 2.558454117219035
21.0 2.5584541172190356
22.0 2.5584541172190356
23.0 2.558454117219035
24.0 2.5584541172190343
25.0 2.5584541172190343
26.0 2.5584541172190347
27.0 2.5584541172190347
28.0 2.558454117219035
29.0 2.5584541172190343
30.0 2.558454117219034
31.0 2.558454117219034
32.0 2.558454117219034
33.0 2.5584541172190365
34.0 2.5584541172190356
35.0 2.5584541172190343
36.0 2.558454117219034
37.0 2.5584541172190334
38.0 2.558454117219033
39.0 2.5584541172190334
40.0 2.558454117219035
41.0 2.558454117219034
42.0 2.5584541172190334
43.0 2.5584541172190356
44.0 2.558454117219034
45.0 2.5584541172190343
46.0 2.558454117219034
47.0 2.5584541172190347
48.0 2.5584541172190347
49.0 2.5584541172190343
50.0 2.558454117219035
