1.0 2.453002566491565
2.0 2.307817361183974
3.0 2.225263154385624
4.0 2.1995289486080547
5.0 2.198806597092503
6.0 2.1987753835316757
7.0 2.198775383531676
8.0 2.198775383531676
9.0 2.1987753835316757
10.0 2.1987753835316752
11.0 2.198775383531676
12.0 2.1987753835316757
13.0 2.1987753835316757
14.0 2.1987753835316757
15.0 2.1987753835316757
16.0 2.198775383531676
17.0 2.1987753835316752
18.0 2.1987753835316775
19.0 2.1987753835316766
20.0 2.198775383531676
21.0 2.198775383531675
22.0 2.1987753835316752
23.0 2.198775383531675
24.0 2.198775383531676
25.0 2.1987753835316766
26.0 2.198775383531675
27.0 2.198775383531676
28.0 2.198775383531676
29.0 2.198775383531675
30.0 2.198775383531675
31.0 2.1987753835316757
32.0 2.198775383531676
33.0 2.198775383531676
34.0 2.1987753835316766
35.0 2.1987753835316757
36.0 2.1987753835316757
37.0 2.1987753835316757
38.0 2.198775383531676
39.0 2.1987753835316766
40.0 2.1987753835316766
41.0 2.198775383531676
42.0 2.1987753835316752
43.0 2.1987753835316757
44.0 2.198775383531675
45.0 2.1987753835316757
46.0 2.198775383531676
47.0 2.198775383531676
48.0 2.1987753835316757
49.0 2.198775383531676
50.0 2.198775383531676
