1.0 71.04091762476453
2.0 68.22948280296976
3.0 67.91745942587802
4.0 67.74183847768994
5.0 67.68058698705626
6.0 67.64458771494728
7.0 67.63055282245955
8.0 67.624368799876
9.0 67.62146966355326
10.0 67.6177732275583
11.0 67.6164588484392
12.0 67.61489000070569
13.0 67.61692422020352
14.0 67.61085654263805
15.0 67.60740934953374
16.0 67.60620978308559
17.0 67.6058414880738
18.0 67.60459223975838
19.0 67.60397408693865
20.0 67.6051306815634
21.0 67.60513068156337
22.0 67.60513068156352
23.0 67.60513068156352
24.0 67.60513068156348
25.0 67.60513068156332
26.0 67.60513068156355
27.0 67.60513068156344
28.0 67.60513068156355
29.0 67.60513068156355
30.0 67.60513068156325
31.0 67.60513068156332
32.0 67.60513068156334
33.0 67.60513068156348
34.0 67.60513068156351
35.0 67.6051306815637
36.0 67.60513068156362
37.0 67.60513068156365
38.0 67.60513068156367
39.0 67.60513068156344
40.0 67.60513068156365
41.0 67.60513068156352
42.0 67.60513068156355
43.0 67.60513068156351
44.0 67.6051306815635
45.0 67.60513068156351
46.0 67.60513068156351
47.0 67.6051306815634
48.0 67.60513068156345
49.0 67.60513068156347
50.0 67.60513068156345
