1.0 2.1030566217172026
2.0 2.01623725531148
3.0 2.01266751609231
4.0 2.012667516092311
5.0 2.0126675160923106
6.0 2.012667516092311
7.0 2.012667516092311
8.0 2.0126675160923106
9.0 2.012667516092311
10.0 2.0126675160923106
11.0 2.012667516092311
12.0 2.0126675160923115
13.0 2.012667516092311
14.0 2.012667516092311
15.0 2.012667516092311
16.0 2.0126675160923106
17.0 2.012667516092311
18.0 2.0126675160923106
19.0 2.0126675160923106
20.0 2.0126675160923106
21.0 2.0126675160923106
22.0 2.0126675160923106
23.0 2.0126675160923106
24.0 2.0126675160923115
25.0 2.0126675160923098
26.0 2.01266751609231
27.0 2.0126675160923106
28.0 2.0126675160923115
29.0 2.012667516092311
30.0 2.0126675160923115
31.0 2.012667516092311
32.0 2.012667516092311
33.0 2.0126675160923106
34.0 2.01266751609231
35.0 2.0126675160923106
36.0 2.0126675160923106
37.0 2.0126675160923115
38.0 2.0126675160923115
39.0 2.012667516092312
40.0 2.0126675160923115
41.0 2.0126675160923106
42.0 2.012667516092311
43.0 2.012667516092311
44.0 2.012667516092311
45.0 2.0126675160923106
46.0 2.012667516092311
47.0 2.01266751609231
48.0 2.0126675160923106
49.0 2.012667516092311
50.0 2.012667516092311
