39.42209375270293 46.4625865659684
48.98099728993614 51.270634287051855
57.61602562765958 57.019735304333174
48.357949349632655 57.9995474312662
60.802356708966 64.15598654521693
67.13654671657798 64.47466311033804
64.13901996685088 65.37784546104196
64.41500368534297 66.48499509310442
81.82148429398626 69.7574646956888
82.82408340825933 70.84842918754936
72.96493154400326 76.51459712078827
84.69313881175204 78.07388024211501
88.56543333104395 78.26726832470035
78.08685897048044 86.28321486123747
94.16228355440265 90.0415719494099
91.91654769495041 95.74245058452728
86.05238407831472 95.89964981332669
101.43188853679685 96.43128049918025
86.34351408760462 96.78536041086495
88.14544559047607 96.98959756430389
115.15998465150957 100.5467528982565
108.52170030268648 104.4970235807752
109.75057511016631 105.47127910839315
111.48404762009491 110.6659202237281
105.09705281933817 112.07235174642695
110.25657807210457 115.03958608843547
116.68129048068786 117.3136555572284
106.19284321956196 117.78745222775365
132.1385541617788 117.83683978696483
118.2473197837049 120.36756018212039
107.31450793079651 122.28731378390097
122.11961620224392 124.27719293258127
130.87005438426252 124.75122750722234
129.96376129088785 126.57417349641561
134.88121087663896 127.04763817221536
125.70143708915207 128.20744762895796
134.98582760852216 128.2736607615902
134.61068576901738 130.80174845158524
132.61538567924356 132.79308183147523
163.37543383574916 135.1858468149725
150.1784732601271 138.74165905766228
145.70387746650573 138.75454331675994
123.81922968110173 139.23047731276242
133.81765178162865 142.33509879823274
144.2743393314498 146.2669775623779
147.67894662458352 147.95686550508557
136.27424234201206 148.4858771927138
163.93435513590285 156.0140696916561
158.55295950344504 157.79348166332957
163.14099562084516 159.9758165632279
159.51594930249559 160.53644914643263
159.10869539007422 164.61977233658203
160.72036995741146 167.7152887960831
173.89617982062438 168.19954807147508
177.48766144180638 176.65931368851915
176.96003012253453 177.22737609542972
181.84832567951915 177.53202334480747
173.66074629726342 179.29006806898755
182.67909424858473 183.1535151157013
190.03964263370136 185.3198937105909
187.95964509590365 188.21898307622752
189.95578350544676 191.5751837922478
198.4673579025186 194.92556058182893
197.92560148289476 199.09514204175494
