49.30961829629645 53.207361678246805
73.27631013196205 73.88018688058287
69.58186791300619 74.69236422833897
90.68995255449715 87.76280670567756
91.95898450815884 91.80771207487275
130.01885837572203 117.04106470408408
109.59563774929975 118.75547109056382
118.14697122871807 120.05485180351256
114.75503208502799 120.67143082067349
136.580228291319 131.1288762593909
141.84938042165322 144.00862943756763
148.34454703541277 149.48731202383473
157.8250676682825 153.69348937522923
178.7844672093768 176.1339851933889
174.03739582119454 176.5515617083357
193.40998098697523 192.26028294682922
