90.0 83.0
130.0 105.0
140.0 108.0
120.0 111.0
105.0 121.0
117.0 122.0
121.0 124.0
120.0 125.0
128.0 126.0
132.0 126.0
128.0 127.0
102.0 128.0
128.0 128.0
130.0 129.0
134.0 130.0
129.0 130.0
144.0 130.0
134.0 132.0
121.0 132.0
138.0 134.0
130.0 134.0
125.0 134.0
92.0 135.0
125.0 136.0
128.0 136.0
136.0 139.0
137.0 141.0
98.0 142.0
146.0 142.0
142.0 143.0
119.0 144.0
130.0 145.0
123.0 145.0
142.0 146.0
130.0 148.0
128.0 151.0
118.0 151.0
134.0 152.0
131.0 154.0
150.0 155.0
146.0 156.0
96.0 158.0
124.0 160.0
137.0 161.0
134.0 163.0
128.0 167.0
