118.0 73.0
153.0 84.0
81.0 86.0
84.0 93.0
116.0 94.0
111.0 94.0
156.0 97.0
109.0 98.0
122.0 101.0
121.0 101.0
114.0 104.0
134.0 106.0
138.0 107.0
156.0 107.0
103.0 108.0
97.0 109.0
160.0 109.0
120.0 110.0
151.0 114.0
125.0 114.0
114.0 114.0
122.0 114.0
127.0 117.0
109.0 118.0
108.0 118.0
103.0 119.0
114.0 119.0
110.0 120.0
127.0 121.0
124.0 121.0
100.0 122.0
133.0 123.0
144.0 124.0
108.0 125.0
148.0 125.0
137.0 125.0
110.0 126.0
133.0 126.0
124.0 127.0
118.0 128.0
104.0 128.0
87.0 128.0
155.0 129.0
129.0 129.0
125.0 129.0
155.0 129.0
156.0 130.0
141.0 130.0
152.0 131.0
127.0 131.0
147.0 132.0
121.0 133.0
136.0 134.0
123.0 134.0
109.0 134.0
117.0 134.0
141.0 135.0
140.0 135.0
156.0 136.0
140.0 136.0
130.0 137.0
147.0 139.0
154.0 140.0
129.0 141.0
72.0 142.0
109.0 142.0
102.0 142.0
151.0 142.0
156.0 143.0
120.0 143.0
114.0 144.0
134.0 144.0
141.0 146.0
154.0 147.0
115.0 147.0
136.0 147.0
172.0 147.0
124.0 151.0
153.0 151.0
145.0 152.0
160.0 153.0
116.0 153.0
105.0 154.0
139.0 156.0
95.0 156.0
169.0 158.0
154.0 159.0
117.0 160.0
130.0 160.0
137.0 162.0
168.0 165.0
175.0 166.0
129.0 166.0
126.0 167.0
110.0 168.0
126.0 170.0
143.0 170.0
159.0 170.0
161.0 174.0
136.0 178.0
177.0 185.0
