32.0 23.0
85.0 33.0
51.0 34.0
64.0 35.0
57.0 36.0
48.0 38.0
37.0 39.0
62.0 40.0
49.0 42.0
38.0 42.0
59.0 45.0
49.0 45.0
51.0 46.0
59.0 48.0
74.0 49.0
58.0 50.0
80.0 52.0
161.0 53.0
75.0 53.0
86.0 56.0
56.0 59.0
111.0 60.0
60.0 60.0
55.0 61.0
62.0 61.0
88.0 62.0
94.0 63.0
70.0 65.0
99.0 65.0
59.0 65.0
70.0 66.0
80.0 66.0
78.0 67.0
108.0 67.0
104.0 68.0
92.0 68.0
76.0 69.0
52.0 71.0
96.0 71.0
67.0 72.0
103.0 73.0
75.0 75.0
56.0 75.0
86.0 75.0
75.0 76.0
91.0 76.0
93.0 78.0
124.0 79.0
61.0 79.0
76.0 79.0
84.0 80.0
138.0 84.0
118.0 84.0
110.0 84.0
87.0 86.0
115.0 86.0
70.0 88.0
72.0 88.0
83.0 90.0
100.0 90.0
71.0 94.0
95.0 98.0
143.0 106.0
108.0 107.0
107.0 109.0
123.0 112.0
121.0 113.0
106.0 114.0
114.0 116.0
91.0 116.0
102.0 122.0
100.0 126.0
