70.0 70.0
171.0 135.0
186.0 140.0
154.0 143.0
153.0 150.0
163.0 156.0
157.0 156.0
180.0 157.0
176.0 158.0
179.0 158.0
162.0 159.0
170.0 160.0
114.0 162.0
170.0 162.0
173.0 163.0
176.0 164.0
150.0 165.0
195.0 165.0
162.0 166.0
181.0 167.0
177.0 167.0
179.0 168.0
163.0 169.0
187.0 170.0
175.0 171.0
182.0 172.0
184.0 173.0
181.0 174.0
186.0 174.0
182.0 175.0
180.0 175.0
182.0 176.0
181.0 176.0
183.0 178.0
176.0 178.0
163.0 179.0
180.0 179.0
187.0 180.0
177.0 180.0
167.0 180.0
178.0 180.0
189.0 181.0
170.0 184.0
182.0 193.0
196.0 197.0
