69.0 63.0
130.0 105.0
107.0 113.0
118.0 115.0
105.0 121.0
138.0 121.0
117.0 122.0
126.0 123.0
121.0 124.0
120.0 125.0
142.0 125.0
132.0 126.0
119.0 127.0
128.0 127.0
128.0 128.0
153.0 130.0
134.0 130.0
129.0 130.0
144.0 130.0
134.0 131.0
133.0 131.0
126.0 131.0
118.0 131.0
153.0 131.0
134.0 132.0
117.0 132.0
139.0 132.0
121.0 132.0
137.0 133.0
131.0 133.0
133.0 133.0
138.0 134.0
130.0 134.0
120.0 134.0
125.0 134.0
137.0 134.0
92.0 135.0
142.0 136.0
128.0 136.0
138.0 137.0
131.0 138.0
135.0 138.0
135.0 138.0
148.0 139.0
136.0 139.0
153.0 139.0
144.0 140.0
156.0 141.0
133.0 141.0
155.0 141.0
137.0 141.0
98.0 142.0
130.0 142.0
143.0 142.0
133.0 142.0
153.0 142.0
146.0 142.0
144.0 143.0
144.0 144.0
142.0 144.0
119.0 144.0
130.0 145.0
140.0 145.0
134.0 145.0
123.0 145.0
123.0 145.0
134.0 145.0
142.0 146.0
130.0 147.0
132.0 147.0
149.0 147.0
137.0 148.0
140.0 148.0
144.0 148.0
143.0 148.0
134.0 148.0
139.0 148.0
130.0 148.0
140.0 149.0
144.0 149.0
154.0 149.0
128.0 150.0
130.0 150.0
141.0 150.0
128.0 151.0
118.0 151.0
134.0 152.0
127.0 154.0
131.0 154.0
186.0 155.0
150.0 155.0
146.0 156.0
146.0 156.0
96.0 158.0
145.0 159.0
133.0 159.0
138.0 160.0
124.0 160.0
137.0 161.0
134.0 163.0
140.0 163.0
119.0 163.0
128.0 167.0
157.0 167.0
120.0 167.0
190.0 176.0
138.0 178.0
113.0 190.0
