124.0 95.0
114.0 98.0
94.0 99.0
122.0 100.0
72.0 102.0
147.0 103.0
111.0 105.0
110.0 109.0
115.0 110.0
121.0 110.0
103.0 114.0
114.0 114.0
120.0 115.0
145.0 117.0
122.0 117.0
124.0 117.0
119.0 117.0
113.0 117.0
133.0 117.0
128.0 119.0
117.0 119.0
125.0 119.0
128.0 119.0
125.0 119.0
130.0 120.0
126.0 121.0
123.0 121.0
121.0 121.0
117.0 122.0
124.0 122.0
131.0 122.0
131.0 122.0
130.0 123.0
130.0 123.0
127.0 128.0
132.0 130.0
134.0 131.0
124.0 131.0
141.0 131.0
130.0 132.0
128.0 133.0
138.0 133.0
134.0 134.0
89.0 135.0
139.0 136.0
125.0 138.0
126.0 142.0
111.0 143.0
140.0 144.0
169.0 145.0
143.0 146.0
138.0 147.0
130.0 153.0
106.0 154.0
