96.0 62.0
68.0 74.0
89.0 78.0
133.0 80.0
121.0 80.0
83.0 86.0
97.0 86.0
76.0 89.0
76.0 92.0
105.0 93.0
146.0 94.0
94.0 95.0
92.0 95.0
91.0 97.0
103.0 97.0
102.0 97.0
87.0 98.0
75.0 100.0
99.0 100.0
77.0 101.0
114.0 101.0
79.0 103.0
99.0 103.0
138.0 104.0
126.0 105.0
88.0 105.0
107.0 106.0
102.0 106.0
104.0 109.0
59.0 110.0
110.0 110.0
107.0 111.0
98.0 111.0
95.0 112.0
119.0 112.0
87.0 112.0
114.0 114.0
120.0 114.0
93.0 115.0
105.0 116.0
144.0 117.0
132.0 119.0
104.0 120.0
118.0 120.0
99.0 122.0
108.0 122.0
124.0 124.0
107.0 125.0
129.0 126.0
139.0 126.0
111.0 128.0
132.0 129.0
100.0 131.0
125.0 137.0
111.0 137.0
115.0 138.0
110.0 141.0
78.0 166.0
108.0 166.0
96.0 170.0
94.0 174.0
