58.0 60.0
55.0 63.0
68.0 65.0
77.0 68.0
145.0 69.0
59.0 70.0
85.0 75.0
94.0 79.0
80.0 79.0
94.0 80.0
82.0 80.0
79.0 81.0
80.0 81.0
84.0 82.0
82.0 82.0
92.0 83.0
84.0 84.0
73.0 85.0
80.0 86.0
81.0 86.0
71.0 86.0
82.0 89.0
91.0 89.0
102.0 90.0
91.0 90.0
86.0 90.0
89.0 91.0
92.0 92.0
87.0 92.0
61.0 93.0
52.0 93.0
93.0 94.0
102.0 94.0
83.0 94.0
69.0 95.0
61.0 96.0
82.0 100.0
94.0 100.0
89.0 100.0
95.0 100.0
96.0 100.0
94.0 101.0
100.0 101.0
71.0 102.0
88.0 102.0
77.0 102.0
72.0 102.0
76.0 102.0
103.0 102.0
106.0 103.0
98.0 103.0
87.0 103.0
103.0 106.0
90.0 109.0
82.0 109.0
90.0 110.0
66.0 111.0
103.0 112.0
91.0 114.0
92.0 115.0
75.0 118.0
89.0 118.0
125.0 119.0
124.0 120.0
98.0 125.0
78.0 131.0
97.0 132.0
83.0 137.0
