180.0 127.0
167.0 133.0
159.0 142.0
143.0 144.0
175.0 148.0
164.0 149.0
159.0 149.0
158.0 150.0
183.0 150.0
137.0 151.0
155.0 153.0
194.0 153.0
158.0 154.0
175.0 155.0
164.0 155.0
183.0 155.0
160.0 157.0
154.0 159.0
198.0 159.0
169.0 162.0
170.0 163.0
176.0 163.0
198.0 163.0
166.0 164.0
163.0 164.0
195.0 164.0
173.0 164.0
173.0 164.0
172.0 165.0
173.0 165.0
163.0 165.0
141.0 165.0
167.0 165.0
169.0 166.0
169.0 166.0
163.0 166.0
160.0 166.0
162.0 167.0
171.0 168.0
169.0 168.0
165.0 169.0
164.0 169.0
149.0 169.0
173.0 170.0
175.0 171.0
187.0 171.0
170.0 171.0
188.0 173.0
156.0 173.0
182.0 174.0
180.0 174.0
173.0 174.0
174.0 175.0
166.0 175.0
150.0 175.0
186.0 175.0
179.0 175.0
179.0 176.0
167.0 176.0
184.0 176.0
175.0 176.0
175.0 176.0
183.0 176.0
170.0 177.0
141.0 177.0
184.0 177.0
178.0 177.0
175.0 177.0
198.0 177.0
202.0 177.0
175.0 178.0
147.0 178.0
182.0 178.0
173.0 179.0
184.0 179.0
188.0 179.0
168.0 179.0
173.0 179.0
166.0 179.0
165.0 180.0
190.0 180.0
139.0 180.0
156.0 180.0
178.0 181.0
179.0 181.0
191.0 181.0
171.0 181.0
184.0 181.0
174.0 181.0
160.0 181.0
183.0 182.0
186.0 182.0
170.0 182.0
174.0 183.0
200.0 184.0
164.0 184.0
189.0 185.0
178.0 185.0
184.0 185.0
174.0 185.0
173.0 186.0
185.0 186.0
172.0 186.0
156.0 186.0
192.0 187.0
167.0 187.0
188.0 188.0
189.0 188.0
174.0 188.0
183.0 188.0
180.0 188.0
193.0 188.0
193.0 188.0
185.0 188.0
181.0 189.0
149.0 189.0
115.0 189.0
185.0 190.0
136.0 190.0
142.0 190.0
194.0 191.0
190.0 191.0
173.0 191.0
185.0 191.0
188.0 192.0
184.0 192.0
183.0 192.0
189.0 192.0
178.0 193.0
188.0 193.0
186.0 193.0
129.0 193.0
190.0 194.0
191.0 194.0
185.0 195.0
192.0 195.0
190.0 195.0
172.0 196.0
205.0 196.0
182.0 196.0
198.0 197.0
185.0 197.0
180.0 197.0
192.0 198.0
193.0 199.0
197.0 203.0
192.0 207.0
