65.0 57.0
104.0 74.0
115.0 78.0
83.0 86.0
105.0 88.0
93.0 88.0
79.0 90.0
114.0 93.0
108.0 93.0
104.0 93.0
125.0 93.0
125.0 96.0
109.0 97.0
158.0 97.0
87.0 98.0
84.0 100.0
86.0 100.0
90.0 100.0
140.0 101.0
81.0 101.0
103.0 101.0
106.0 101.0
87.0 102.0
99.0 103.0
82.0 104.0
112.0 104.0
100.0 104.0
97.0 105.0
78.0 105.0
94.0 106.0
100.0 106.0
107.0 107.0
115.0 108.0
114.0 108.0
133.0 109.0
126.0 109.0
109.0 109.0
110.0 110.0
110.0 110.0
107.0 110.0
108.0 110.0
114.0 111.0
75.0 111.0
106.0 111.0
115.0 111.0
110.0 111.0
102.0 111.0
96.0 112.0
114.0 112.0
123.0 113.0
82.0 114.0
133.0 114.0
107.0 114.0
82.0 114.0
91.0 114.0
107.0 114.0
120.0 114.0
136.0 114.0
104.0 114.0
109.0 115.0
96.0 115.0
118.0 116.0
105.0 116.0
105.0 116.0
124.0 117.0
108.0 117.0
128.0 117.0
89.0 118.0
82.0 118.0
109.0 118.0
104.0 118.0
104.0 118.0
125.0 119.0
110.0 119.0
133.0 119.0
67.0 120.0
116.0 120.0
149.0 120.0
113.0 121.0
110.0 121.0
99.0 122.0
117.0 122.0
110.0 122.0
105.0 122.0
120.0 123.0
102.0 123.0
108.0 124.0
110.0 124.0
125.0 124.0
95.0 125.0
102.0 125.0
117.0 125.0
114.0 125.0
98.0 125.0
101.0 126.0
89.0 126.0
105.0 126.0
167.0 127.0
121.0 127.0
130.0 127.0
130.0 127.0
99.0 127.0
176.0 128.0
83.0 128.0
123.0 128.0
98.0 129.0
129.0 129.0
76.0 131.0
97.0 132.0
128.0 132.0
120.0 132.0
143.0 133.0
86.0 134.0
104.0 135.0
108.0 135.0
98.0 135.0
119.0 135.0
114.0 136.0
110.0 136.0
106.0 136.0
88.0 136.0
78.0 137.0
124.0 137.0
137.0 137.0
86.0 137.0
111.0 137.0
131.0 137.0
115.0 137.0
139.0 138.0
81.0 138.0
108.0 139.0
115.0 139.0
108.0 140.0
109.0 141.0
84.0 141.0
146.0 142.0
134.0 142.0
132.0 142.0
119.0 143.0
127.0 144.0
100.0 144.0
126.0 145.0
117.0 147.0
105.0 147.0
95.0 148.0
88.0 149.0
125.0 151.0
115.0 152.0
133.0 152.0
153.0 154.0
83.0 154.0
124.0 156.0
109.0 159.0
129.0 160.0
136.0 161.0
136.0 161.0
132.0 162.0
108.0 165.0
113.0 166.0
106.0 168.0
129.0 171.0
107.0 172.0
109.0 183.0
155.0 185.0
