90.0 114.0
175.0 148.0
158.0 150.0
158.0 154.0
183.0 155.0
180.0 158.0
198.0 163.0
195.0 164.0
173.0 164.0
173.0 164.0
173.0 165.0
141.0 165.0
167.0 165.0
171.0 168.0
169.0 168.0
187.0 171.0
170.0 171.0
188.0 173.0
156.0 173.0
182.0 173.0
191.0 173.0
182.0 174.0
150.0 175.0
170.0 175.0
179.0 176.0
170.0 177.0
198.0 177.0
202.0 177.0
175.0 178.0
182.0 178.0
173.0 179.0
184.0 179.0
179.0 181.0
184.0 181.0
176.0 181.0
179.0 183.0
180.0 184.0
189.0 185.0
185.0 186.0
156.0 186.0
192.0 187.0
190.0 187.0
167.0 187.0
188.0 188.0
183.0 188.0
193.0 188.0
193.0 188.0
194.0 188.0
185.0 188.0
183.0 188.0
187.0 189.0
185.0 190.0
186.0 190.0
194.0 191.0
190.0 191.0
190.0 191.0
173.0 191.0
183.0 192.0
178.0 193.0
188.0 193.0
186.0 193.0
190.0 194.0
191.0 194.0
192.0 195.0
192.0 195.0
205.0 196.0
182.0 196.0
198.0 197.0
180.0 197.0
197.0 203.0
192.0 207.0
