40.6020916272914 42.95768804092075
36.250394348496606 44.1644976067985
38.50107553323385 44.89268930527497
41.684662792100305 47.051036144080804
52.39348211470558 48.13503202030083
51.87379851960637 50.06278518753103
42.619871008551 52.058996117350695
65.09350318721654 53.30150458362694
53.17202198605439 53.760396323086546
50.24098828412304 54.05341918761626
46.79299908753052 54.564710440110645
52.70413074763529 54.734021604599704
55.77602232666228 56.80160626353622
57.12023342518285 57.65659891117768
53.64097063446605 58.130786124390866
54.34594887877537 58.508018841933634
62.84786025555879 58.970172595404485
65.5781780717246 59.6137557536228
62.58633200610638 60.03302096951356
54.23177847985824 60.165349117173456
59.598183067560136 60.653088668775936
60.65498558119018 61.44467877776881
71.2845205492075 62.15316694888308
59.94271112796031 62.31467738066699
63.69838233156684 62.548660339719916
64.7082774477187 62.71455021909363
66.83464915872315 63.69241005977006
77.96718465210647 65.35294947805045
63.21524014504765 67.45973620857018
66.76713511271141 69.46234995982874
75.98142655333464 69.75632748984687
78.46608409928811 70.58944678784489
70.60743315335371 71.1292973257761
56.98635574256289 71.1534581282821
69.59575741410654 71.49895525841629
65.97064029371083 72.20730633088543
79.09707263131537 73.61411359365488
76.5249910360877 75.28708927130282
93.17909442574603 75.81411659790746
67.94608826481065 75.85042792518414
88.42728534535333 75.98464985045527
77.41078112133025 76.088872351615
98.6106278285186 77.90824726497374
92.16466276956268 78.20802799230349
81.67325431987851 78.42984043651957
80.00264578445466 79.71693977658403
77.85720457855962 79.87959407709286
88.36826008219647 81.12470899990016
97.64280132000007 81.51955014849096
77.06267237970438 81.70698612299321
73.64904876400071 83.56610459146337
90.9819805685024 83.9030100936545
78.3214276377689 84.33699588203824
96.43816466795164 84.66449372341125
83.4751289409161 84.66846654798945
72.25638518595846 85.52613412040218
96.08111669233146 86.2728410255789
82.21105616322596 86.70703763204463
86.32612788177681 86.73161972069057
83.5434600743572 88.09626517693788
97.21579017950012 88.50248843861058
98.19598569025341 88.87927558733325
98.72544593042075 89.7233304108122
97.44525260348914 90.07086813731327
76.15450109885688 91.23797695843228
80.44150275915275 92.1002933815065
80.19115328684664 92.33826200010036
107.67135205985052 93.49725132489212
108.56868016848416 93.88439445646925
89.19083972822021 94.0869883837395
96.64529815195792 94.44730426212976
87.63958834704523 96.92495293251706
98.25866631707316 97.22028712322029
87.96982932577002 97.31722055084727
98.84891646688517 98.05016740576025
88.85168001024634 99.27126648544713
120.67667793879295 100.90031826362228
102.53112776375978 101.67346176466158
94.42407378369947 102.0069561740925
89.3840846328455 103.05780030174603
99.5176770404131 103.19110606256966
94.1930841690847 103.22141546475777
111.89520157058887 104.04944159957917
90.4637361176656 104.09021281082515
88.2809885580815 105.11394686970121
120.33478116553296 105.32222505575957
113.76218725503684 105.91010879723495
103.6939157889728 106.46501114264184
115.97404741804183 106.96963539798251
108.19872703768937 107.27979372686777
92.94909134098049 107.31344077269961
109.9665928069721 107.51272393910487
109.07297879202183 107.62202851371482
93.93718282232186 108.44507418727353
113.48476243032098 109.67728818042616
124.75241345803082 110.02855023531055
111.2959621290232 110.5085807769998
106.52036508203808 110.65989950761215
104.50092854259097 110.75768537227252
118.02586225185395 112.0608574442019
108.0173239360025 112.614165295403
109.79921626927755 112.9045124473454
112.95083341860726 114.72041277274974
131.22806085498075 115.45150682959203
124.79507385360573 115.60332798684263
134.33201821490852 115.61100568307901
117.90506672126084 115.8542980652504
118.13451749154741 116.09590679474556
127.30477319034662 116.66870137940127
130.2379709465226 117.18953697246427
114.64137164915523 117.40829917920577
117.10523567250345 117.51851011594525
112.51067484402876 118.15280982186299
130.43542007889175 118.78170682856711
116.80313492999996 119.18457645431711
119.62646577845861 119.4480251271441
127.15955254545389 119.54026827539558
125.61412189982063 120.08358745338309
119.86796266723498 120.86502779812129
114.4094438954561 121.62142383526692
105.06806557639132 122.02435950646776
119.64416258140099 123.4261498677478
113.25031781862849 123.5943688927916
112.2324904699296 123.83736304496448
129.8574687565184 124.51335559351337
125.3418768901952 124.59321592964871
123.44480506756523 126.28975574613382
124.87226974466321 126.30897983657944
118.90840250010454 126.44227478410737
113.93886052846555 127.38340102332232
130.47559480069813 127.40922363182406
136.11236922809363 127.42608108630904
136.3306823502506 127.52840169057889
123.36715561400803 127.5310347668792
162.59710380548026 128.56635218462804
164.60091661027874 129.01240741899346
143.7344686925689 129.39672293867085
128.14931747054433 129.50020057573852
121.32312277803702 129.57380278666093
135.21577228690037 130.36246209234992
126.13987248936208 130.36600090097488
131.3707136351083 130.40993577966387
123.68573309277133 131.62041076866183
138.38107796279343 131.63637178122372
131.33184868201758 131.9072057067369
111.49516871748459 132.32600920232085
135.38677097152137 132.53458684156035
126.40830088395286 133.11267290157494
121.35827880210972 133.17522108878285
135.22834014347492 133.43144834432448
112.96222070791686 134.48833861644678
129.24684683702452 134.6634586910192
131.08941022743272 135.31189585299944
140.31186549293577 135.82050754722835
142.24324706578352 136.29724775747056
156.26950821294955 136.58282769695427
125.54798639274213 137.07008445126573
142.1886191410569 137.25042543090464
128.59481150136222 137.33422021511018
145.37314126753154 137.38511438699157
138.26253662158945 137.64651213238707
154.55619248286536 137.7695442252844
123.06669711704018 137.83667594121926
138.2657765283687 138.1068029013219
138.87718140223237 140.08064273647915
135.36638739930748 140.59060681353617
135.59152860978537 140.73043197357762
143.20221965696172 140.956413616363
142.02424540508252 140.95875374256912
140.78472062124158 141.7848307567026
147.98882393458015 141.81937092920657
165.63067833936694 141.90979363816115
126.35031220612302 142.18783043652908
139.66503665325354 142.24849978979796
161.62084121667476 142.51657773900888
162.1384119974846 142.67015354751774
139.56007035624333 143.37205464503648
149.64697731205854 144.60804268097382
138.24316148226714 145.45095433490695
144.8662875127197 146.60050783211616
150.47124471451556 146.81267562334787
146.59729147651223 147.93473000082312
147.51516112602266 148.2215533342346
142.50559769246485 148.25998359984874
130.28750235880483 148.83445144279617
147.2849449328086 149.2930806685862
155.41626720289014 151.1292341872588
123.86208395324245 151.34332448319753
138.74814791625013 153.3125129242918
145.9754792466241 153.68476453151845
161.61369080680342 154.03457111327384
156.27905259394038 154.1798185468161
135.8910105907083 155.72999201764918
155.99922432766758 156.49184419845548
168.55627029242174 156.84136339004743
161.0861144336854 157.0297427050473
169.17510067571024 158.29864382894968
170.4909406445644 158.9099349403701
154.7867435349613 160.38134880871948
157.95700649605175 160.50153740664646
166.87041381926966 160.75936304863282
160.08801852921064 161.25928187103247
156.82341888011248 161.63324493980684
167.70851249546192 162.30350305981787
157.16271026941274 162.43165675604322
166.2331116815599 164.3679258949843
168.80862350778906 165.5660759714555
165.2819955080759 167.23187725874206
179.1023567099282 167.56922855440325
168.71687361911188 167.93456029094668
161.3332477154159 169.21866509568807
175.492707526611 169.3453499992046
163.3162881876619 169.98937564211312
164.85579146237666 170.20687531787493
171.767498698034 170.3752157589804
172.79866360359998 170.4284451239337
157.9317842530178 171.47662388434222
169.01631684524344 172.94841470641595
173.6274657199112 173.19797127808312
165.94723718676312 173.3515576550413
175.8142029329182 174.65344012089312
160.5102120553991 174.69143726340093
177.01405133249602 176.68150226568486
178.99791155463197 177.0012075299677
178.46829883803932 177.6886198248404
181.04329550203593 178.16481843958084
178.756643178524 178.36396239875532
179.48619944803363 178.48342628058447
173.93368473379584 178.88633732680137
175.2680926710022 179.43949916850343
182.4693458792102 180.52917233727862
187.21453778661282 181.5620121275759
186.68320768662042 183.87974221217308
188.45799924170063 183.9970303305893
185.83746550419858 184.0307226865623
183.84161562170482 184.56382104808822
175.8228995705503 184.86483934014512
184.78672725553284 185.04337506141303
186.50557691350755 185.1013045401623
193.3322910602319 185.8470292749424
187.6698603922543 186.20238243398904
186.00758836806077 188.142455121561
190.74091029759416 188.86087736380028
186.41857643999316 189.67852677205778
189.8901320557137 189.76969054573965
194.95931534277517 190.82202216995344
191.8286176792026 191.65857108373103
191.2221463043329 192.2870449672763
193.61143036342978 192.38342524212763
198.3914860234761 194.7070969053104
194.38839716909197 196.4112157297479
195.31246921599225 197.6420347505147
200.08999270282413 197.79958251224565
201.24226269586666 197.9669645135498
199.74692992419853 200.0217376144813
200.2905054477868 200.55532980659956
