73.0 85.0
186.0 123.0
184.0 130.0
155.0 132.0
156.0 132.0
160.0 140.0
161.0 142.0
178.0 143.0
153.0 143.0
170.0 150.0
173.0 152.0
178.0 153.0
157.0 154.0
139.0 155.0
184.0 156.0
167.0 157.0
173.0 157.0
170.0 158.0
175.0 160.0
167.0 161.0
175.0 161.0
155.0 161.0
169.0 164.0
165.0 165.0
173.0 166.0
180.0 167.0
186.0 169.0
178.0 170.0
173.0 170.0
159.0 171.0
185.0 172.0
169.0 173.0
174.0 173.0
138.0 174.0
175.0 175.0
161.0 177.0
169.0 177.0
177.0 178.0
182.0 181.0
170.0 182.0
171.0 183.0
182.0 185.0
