88.0 69.0
85.0 74.0
81.0 78.0
93.0 84.0
143.0 88.0
101.0 88.0
101.0 89.0
121.0 91.0
95.0 91.0
126.0 92.0
113.0 93.0
88.0 94.0
96.0 97.0
84.0 98.0
101.0 99.0
109.0 101.0
119.0 102.0
134.0 104.0
127.0 108.0
103.0 109.0
123.0 109.0
129.0 110.0
108.0 110.0
101.0 111.0
100.0 111.0
106.0 113.0
103.0 114.0
110.0 115.0
128.0 115.0
116.0 115.0
80.0 116.0
115.0 116.0
118.0 117.0
84.0 120.0
112.0 120.0
117.0 121.0
121.0 125.0
139.0 125.0
129.0 126.0
102.0 128.0
94.0 128.0
108.0 129.0
135.0 129.0
121.0 132.0
114.0 132.0
122.0 133.0
141.0 139.0
116.0 144.0
84.0 148.0
98.0 149.0
114.0 151.0
132.0 153.0
122.0 166.0
120.0 170.0
