124.0 82.0
101.0 88.0
149.0 97.0
163.0 97.0
162.0 101.0
164.0 103.0
130.0 105.0
127.0 108.0
140.0 108.0
123.0 109.0
85.0 110.0
114.0 110.0
101.0 111.0
121.0 111.0
120.0 111.0
135.0 111.0
130.0 112.0
107.0 113.0
106.0 113.0
113.0 113.0
98.0 114.0
118.0 115.0
124.0 115.0
110.0 116.0
105.0 116.0
136.0 117.0
118.0 117.0
144.0 119.0
112.0 120.0
112.0 120.0
138.0 120.0
132.0 121.0
105.0 121.0
138.0 121.0
129.0 122.0
117.0 122.0
163.0 122.0
126.0 123.0
145.0 124.0
121.0 124.0
128.0 125.0
133.0 125.0
135.0 125.0
120.0 125.0
142.0 125.0
129.0 126.0
132.0 126.0
129.0 127.0
119.0 127.0
147.0 127.0
128.0 127.0
136.0 127.0
127.0 127.0
148.0 127.0
102.0 128.0
145.0 128.0
125.0 128.0
128.0 128.0
125.0 129.0
130.0 129.0
129.0 129.0
153.0 130.0
134.0 130.0
134.0 130.0
129.0 130.0
124.0 130.0
144.0 130.0
136.0 131.0
100.0 131.0
133.0 131.0
126.0 131.0
118.0 131.0
142.0 131.0
153.0 131.0
138.0 131.0
151.0 131.0
134.0 132.0
117.0 132.0
139.0 132.0
121.0 132.0
148.0 132.0
131.0 132.0
139.0 133.0
131.0 133.0
138.0 133.0
133.0 133.0
139.0 133.0
138.0 133.0
138.0 134.0
130.0 134.0
128.0 134.0
120.0 134.0
125.0 134.0
134.0 134.0
154.0 134.0
137.0 134.0
115.0 135.0
134.0 135.0
154.0 135.0
141.0 135.0
92.0 135.0
145.0 135.0
132.0 136.0
142.0 136.0
141.0 136.0
128.0 136.0
145.0 136.0
123.0 137.0
138.0 137.0
149.0 137.0
129.0 137.0
139.0 137.0
125.0 137.0
162.0 138.0
131.0 138.0
135.0 138.0
130.0 138.0
135.0 138.0
112.0 139.0
148.0 139.0
132.0 139.0
141.0 139.0
141.0 139.0
136.0 139.0
139.0 139.0
153.0 139.0
126.0 140.0
144.0 140.0
134.0 140.0
144.0 140.0
132.0 140.0
156.0 141.0
133.0 141.0
155.0 141.0
137.0 141.0
142.0 141.0
131.0 142.0
98.0 142.0
130.0 142.0
143.0 142.0
133.0 142.0
136.0 142.0
142.0 142.0
142.0 142.0
153.0 142.0
146.0 142.0
146.0 142.0
146.0 143.0
144.0 143.0
144.0 144.0
119.0 144.0
140.0 144.0
124.0 145.0
130.0 145.0
136.0 145.0
130.0 145.0
140.0 145.0
134.0 145.0
123.0 145.0
123.0 145.0
134.0 145.0
142.0 146.0
144.0 146.0
145.0 146.0
142.0 146.0
145.0 147.0
130.0 147.0
132.0 147.0
149.0 147.0
137.0 148.0
140.0 148.0
144.0 148.0
139.0 148.0
143.0 148.0
134.0 148.0
130.0 148.0
129.0 148.0
140.0 149.0
98.0 149.0
144.0 149.0
154.0 149.0
128.0 150.0
130.0 150.0
139.0 150.0
148.0 150.0
141.0 150.0
128.0 151.0
142.0 151.0
118.0 151.0
134.0 152.0
146.0 152.0
115.0 154.0
127.0 154.0
131.0 154.0
186.0 155.0
150.0 155.0
146.0 156.0
152.0 156.0
165.0 156.0
137.0 156.0
143.0 156.0
96.0 158.0
133.0 159.0
124.0 160.0
137.0 161.0
115.0 163.0
134.0 163.0
119.0 163.0
78.0 166.0
122.0 166.0
128.0 167.0
120.0 167.0
108.0 169.0
120.0 170.0
190.0 176.0
138.0 178.0
113.0 190.0
