137.0 102.0
70.0 109.0
176.0 125.0
184.0 130.0
150.0 134.0
148.0 134.0
135.0 136.0
150.0 138.0
163.0 138.0
145.0 139.0
137.0 140.0
176.0 141.0
142.0 141.0
142.0 142.0
150.0 142.0
145.0 143.0
153.0 143.0
149.0 145.0
160.0 145.0
144.0 147.0
150.0 147.0
153.0 148.0
148.0 150.0
152.0 150.0
162.0 151.0
150.0 151.0
168.0 151.0
173.0 152.0
146.0 152.0
183.0 152.0
147.0 152.0
153.0 153.0
157.0 154.0
150.0 154.0
158.0 154.0
142.0 154.0
146.0 154.0
154.0 155.0
159.0 155.0
140.0 155.0
160.0 155.0
162.0 156.0
165.0 156.0
158.0 156.0
154.0 156.0
167.0 157.0
146.0 157.0
164.0 157.0
173.0 157.0
153.0 157.0
152.0 158.0
156.0 158.0
166.0 158.0
169.0 158.0
154.0 159.0
148.0 159.0
157.0 159.0
137.0 160.0
175.0 160.0
180.0 161.0
167.0 161.0
161.0 161.0
156.0 161.0
155.0 161.0
157.0 161.0
154.0 161.0
128.0 161.0
152.0 162.0
156.0 162.0
157.0 163.0
168.0 163.0
152.0 163.0
168.0 163.0
169.0 164.0
133.0 164.0
153.0 165.0
166.0 165.0
165.0 165.0
173.0 166.0
155.0 166.0
180.0 167.0
164.0 168.0
186.0 169.0
157.0 169.0
162.0 169.0
157.0 170.0
178.0 170.0
173.0 170.0
175.0 171.0
168.0 171.0
169.0 173.0
174.0 173.0
174.0 173.0
175.0 175.0
169.0 177.0
146.0 177.0
166.0 177.0
131.0 178.0
177.0 178.0
154.0 178.0
170.0 182.0
175.0 182.0
182.0 185.0
165.0 190.0
