120.0 72.0
115.0 76.0
106.0 91.0
108.0 99.0
92.0 101.0
96.0 101.0
108.0 102.0
114.0 102.0
129.0 104.0
103.0 105.0
102.0 106.0
107.0 107.0
111.0 107.0
114.0 108.0
118.0 108.0
110.0 108.0
111.0 109.0
112.0 110.0
116.0 110.0
111.0 110.0
115.0 111.0
113.0 111.0
87.0 111.0
105.0 112.0
116.0 112.0
116.0 112.0
120.0 112.0
112.0 113.0
111.0 113.0
116.0 113.0
113.0 113.0
111.0 114.0
111.0 114.0
115.0 114.0
110.0 114.0
117.0 114.0
117.0 114.0
117.0 114.0
111.0 114.0
123.0 114.0
112.0 114.0
115.0 115.0
122.0 115.0
117.0 116.0
115.0 116.0
110.0 116.0
118.0 117.0
115.0 117.0
122.0 117.0
116.0 117.0
115.0 117.0
110.0 117.0
114.0 117.0
119.0 117.0
115.0 117.0
122.0 117.0
110.0 117.0
115.0 118.0
112.0 118.0
120.0 118.0
115.0 118.0
106.0 118.0
115.0 119.0
116.0 119.0
119.0 119.0
113.0 119.0
116.0 119.0
114.0 120.0
116.0 120.0
117.0 121.0
122.0 121.0
115.0 122.0
123.0 122.0
116.0 122.0
121.0 122.0
101.0 123.0
113.0 123.0
116.0 124.0
123.0 125.0
115.0 125.0
125.0 126.0
114.0 126.0
120.0 126.0
121.0 134.0
