63.0 59.0
134.0 59.0
73.0 60.0
114.0 62.0
101.0 65.0
77.0 66.0
105.0 68.0
88.0 72.0
92.0 76.0
98.0 76.0
94.0 76.0
117.0 77.0
132.0 77.0
80.0 78.0
95.0 80.0
90.0 81.0
77.0 81.0
131.0 81.0
90.0 81.0
59.0 82.0
95.0 82.0
82.0 83.0
90.0 84.0
80.0 85.0
98.0 85.0
107.0 87.0
95.0 87.0
91.0 87.0
103.0 88.0
105.0 88.0
111.0 89.0
90.0 90.0
139.0 91.0
118.0 92.0
92.0 92.0
86.0 93.0
117.0 93.0
116.0 94.0
111.0 94.0
93.0 94.0
93.0 94.0
117.0 95.0
76.0 95.0
95.0 96.0
97.0 96.0
104.0 97.0
88.0 98.0
88.0 98.0
72.0 100.0
109.0 100.0
102.0 101.0
105.0 104.0
115.0 104.0
104.0 105.0
106.0 105.0
101.0 105.0
104.0 105.0
123.0 106.0
112.0 106.0
105.0 107.0
99.0 107.0
106.0 107.0
115.0 107.0
108.0 108.0
120.0 111.0
77.0 112.0
79.0 112.0
90.0 115.0
94.0 116.0
128.0 119.0
147.0 121.0
71.0 123.0
135.0 123.0
102.0 125.0
112.0 125.0
93.0 126.0
67.0 136.0
105.0 146.0
82.0 153.0
