70.0 70.0
152.0 122.0
142.0 128.0
165.0 130.0
153.0 134.0
126.0 134.0
141.0 136.0
164.0 138.0
148.0 140.0
143.0 141.0
128.0 141.0
146.0 142.0
157.0 143.0
140.0 145.0
163.0 146.0
140.0 147.0
152.0 147.0
148.0 150.0
146.0 150.0
158.0 150.0
154.0 150.0
137.0 151.0
160.0 152.0
177.0 155.0
157.0 156.0
161.0 156.0
152.0 156.0
155.0 156.0
139.0 157.0
157.0 158.0
159.0 158.0
161.0 159.0
156.0 159.0
141.0 160.0
170.0 160.0
158.0 161.0
156.0 161.0
156.0 163.0
132.0 164.0
154.0 165.0
164.0 165.0
157.0 165.0
176.0 166.0
141.0 169.0
138.0 169.0
164.0 178.0
139.0 180.0
163.0 182.0
136.0 186.0
