147.0 106.0
63.0 107.0
163.0 122.0
149.0 128.0
146.0 130.0
155.0 132.0
156.0 132.0
148.0 132.0
139.0 133.0
138.0 133.0
138.0 133.0
138.0 135.0
155.0 135.0
134.0 135.0
141.0 135.0
145.0 135.0
150.0 136.0
141.0 136.0
145.0 136.0
156.0 136.0
151.0 137.0
149.0 137.0
146.0 138.0
155.0 138.0
148.0 138.0
112.0 139.0
138.0 139.0
132.0 139.0
141.0 139.0
151.0 139.0
141.0 139.0
150.0 139.0
120.0 139.0
146.0 139.0
141.0 140.0
134.0 140.0
146.0 140.0
151.0 140.0
144.0 140.0
162.0 140.0
132.0 140.0
147.0 140.0
146.0 140.0
145.0 140.0
142.0 141.0
150.0 142.0
142.0 142.0
145.0 142.0
123.0 142.0
161.0 142.0
146.0 142.0
146.0 143.0
154.0 143.0
140.0 144.0
149.0 144.0
124.0 145.0
130.0 145.0
166.0 145.0
170.0 146.0
139.0 146.0
147.0 146.0
161.0 146.0
144.0 146.0
145.0 146.0
146.0 146.0
142.0 146.0
158.0 147.0
149.0 147.0
145.0 147.0
139.0 148.0
130.0 148.0
146.0 148.0
160.0 148.0
138.0 148.0
129.0 148.0
118.0 148.0
147.0 148.0
153.0 148.0
156.0 149.0
143.0 149.0
148.0 149.0
155.0 149.0
143.0 150.0
139.0 150.0
144.0 150.0
170.0 150.0
124.0 150.0
143.0 150.0
158.0 151.0
153.0 151.0
142.0 151.0
151.0 151.0
141.0 152.0
152.0 152.0
157.0 152.0
178.0 153.0
157.0 153.0
152.0 153.0
146.0 153.0
157.0 153.0
149.0 153.0
146.0 153.0
115.0 154.0
144.0 154.0
139.0 155.0
152.0 155.0
157.0 155.0
152.0 156.0
184.0 156.0
137.0 156.0
143.0 156.0
147.0 157.0
175.0 157.0
140.0 157.0
174.0 158.0
170.0 158.0
149.0 158.0
150.0 158.0
152.0 158.0
149.0 159.0
144.0 160.0
149.0 160.0
175.0 161.0
149.0 162.0
139.0 164.0
154.0 164.0
138.0 166.0
166.0 167.0
140.0 169.0
138.0 174.0
161.0 177.0
163.0 177.0
149.0 180.0
151.0 182.0
171.0 183.0
154.0 187.0
