67.0 61.0
113.0 63.0
109.0 64.0
99.0 65.0
136.0 73.0
103.0 75.0
110.0 75.0
110.0 79.0
117.0 80.0
83.0 80.0
99.0 81.0
93.0 82.0
87.0 83.0
101.0 85.0
89.0 87.0
94.0 88.0
100.0 88.0
79.0 93.0
68.0 96.0
106.0 96.0
148.0 97.0
110.0 97.0
100.0 97.0
113.0 99.0
126.0 103.0
92.0 105.0
104.0 105.0
110.0 107.0
110.0 108.0
93.0 110.0
99.0 111.0
123.0 112.0
111.0 112.0
138.0 112.0
114.0 112.0
106.0 113.0
137.0 114.0
74.0 114.0
114.0 114.0
75.0 117.0
112.0 118.0
102.0 118.0
88.0 119.0
99.0 120.0
135.0 121.0
98.0 123.0
111.0 128.0
133.0 128.0
104.0 128.0
125.0 129.0
134.0 130.0
141.0 130.0
149.0 131.0
115.0 133.0
137.0 134.0
109.0 142.0
124.0 151.0
119.0 156.0
169.0 158.0
