90.0 74.0
178.0 113.0
184.0 152.0
177.0 155.0
175.0 155.0
145.0 166.0
164.0 169.0
175.0 171.0
180.0 174.0
174.0 175.0
141.0 177.0
178.0 177.0
175.0 177.0
173.0 179.0
165.0 180.0
190.0 180.0
166.0 181.0
191.0 181.0
171.0 181.0
174.0 181.0
186.0 182.0
178.0 185.0
184.0 185.0
172.0 186.0
189.0 188.0
174.0 188.0
162.0 189.0
145.0 189.0
149.0 189.0
173.0 191.0
185.0 191.0
188.0 192.0
129.0 193.0
185.0 195.0
190.0 195.0
198.0 197.0
185.0 197.0
192.0 198.0
193.0 199.0
