122.0 74.0
129.0 92.0
126.0 93.0
137.0 96.0
135.0 101.0
137.0 102.0
177.0 104.0
114.0 106.0
114.0 106.0
110.0 107.0
107.0 107.0
126.0 107.0
106.0 108.0
145.0 109.0
133.0 110.0
135.0 111.0
141.0 112.0
151.0 112.0
178.0 113.0
157.0 114.0
101.0 114.0
138.0 114.0
146.0 115.0
127.0 117.0
118.0 119.0
170.0 121.0
154.0 121.0
127.0 122.0
163.0 122.0
110.0 122.0
112.0 123.0
155.0 123.0
127.0 124.0
128.0 125.0
103.0 125.0
176.0 125.0
108.0 126.0
140.0 126.0
148.0 127.0
149.0 128.0
145.0 128.0
136.0 129.0
143.0 129.0
132.0 130.0
124.0 130.0
151.0 130.0
134.0 130.0
184.0 130.0
134.0 132.0
152.0 132.0
133.0 132.0
155.0 132.0
173.0 132.0
156.0 132.0
144.0 133.0
136.0 133.0
138.0 133.0
126.0 133.0
114.0 133.0
139.0 133.0
126.0 134.0
130.0 134.0
134.0 134.0
150.0 134.0
130.0 134.0
148.0 134.0
138.0 135.0
155.0 135.0
153.0 135.0
115.0 135.0
135.0 136.0
131.0 136.0
153.0 136.0
151.0 137.0
129.0 137.0
178.0 137.0
154.0 138.0
150.0 138.0
131.0 138.0
129.0 138.0
132.0 138.0
130.0 138.0
146.0 139.0
157.0 139.0
145.0 139.0
142.0 139.0
120.0 139.0
110.0 139.0
146.0 139.0
141.0 140.0
137.0 140.0
134.0 140.0
146.0 140.0
151.0 140.0
141.0 140.0
127.0 140.0
122.0 140.0
155.0 140.0
176.0 141.0
142.0 141.0
142.0 141.0
127.0 142.0
142.0 142.0
123.0 142.0
150.0 142.0
133.0 143.0
145.0 143.0
154.0 143.0
153.0 143.0
155.0 144.0
124.0 145.0
140.0 145.0
173.0 145.0
149.0 145.0
160.0 145.0
141.0 146.0
170.0 146.0
147.0 146.0
132.0 146.0
138.0 146.0
161.0 147.0
104.0 147.0
139.0 147.0
122.0 147.0
140.0 147.0
152.0 147.0
154.0 147.0
144.0 147.0
145.0 147.0
150.0 147.0
157.0 148.0
139.0 148.0
150.0 148.0
153.0 148.0
147.0 148.0
153.0 148.0
151.0 149.0
140.0 149.0
155.0 149.0
122.0 150.0
143.0 150.0
148.0 150.0
148.0 150.0
152.0 150.0
148.0 150.0
143.0 150.0
153.0 151.0
150.0 151.0
151.0 151.0
112.0 151.0
123.0 152.0
148.0 152.0
146.0 152.0
157.0 152.0
184.0 152.0
153.0 153.0
137.0 153.0
139.0 153.0
137.0 153.0
157.0 153.0
138.0 153.0
152.0 153.0
149.0 153.0
153.0 153.0
146.0 153.0
150.0 154.0
115.0 154.0
150.0 154.0
150.0 154.0
158.0 154.0
146.0 154.0
177.0 155.0
154.0 155.0
150.0 155.0
159.0 155.0
140.0 155.0
160.0 155.0
143.0 156.0
151.0 156.0
162.0 156.0
119.0 156.0
165.0 156.0
158.0 156.0
158.0 156.0
169.0 156.0
154.0 156.0
160.0 156.0
146.0 157.0
164.0 157.0
138.0 157.0
175.0 157.0
173.0 157.0
161.0 157.0
153.0 157.0
170.0 158.0
152.0 158.0
165.0 158.0
156.0 158.0
154.0 158.0
150.0 158.0
166.0 158.0
173.0 158.0
96.0 158.0
169.0 158.0
151.0 159.0
164.0 159.0
154.0 159.0
184.0 159.0
148.0 159.0
157.0 159.0
132.0 159.0
137.0 160.0
146.0 160.0
149.0 160.0
167.0 161.0
167.0 161.0
161.0 161.0
187.0 161.0
156.0 161.0
155.0 161.0
157.0 161.0
154.0 161.0
101.0 161.0
128.0 161.0
152.0 162.0
156.0 162.0
168.0 162.0
154.0 162.0
160.0 163.0
157.0 163.0
163.0 163.0
168.0 163.0
152.0 163.0
168.0 163.0
159.0 163.0
164.0 163.0
153.0 164.0
139.0 164.0
146.0 164.0
133.0 164.0
132.0 164.0
153.0 165.0
121.0 165.0
165.0 165.0
181.0 165.0
142.0 165.0
138.0 166.0
160.0 166.0
173.0 166.0
145.0 166.0
155.0 166.0
170.0 166.0
150.0 167.0
144.0 167.0
180.0 167.0
166.0 167.0
159.0 168.0
158.0 168.0
140.0 169.0
186.0 169.0
157.0 169.0
138.0 169.0
162.0 169.0
108.0 169.0
157.0 170.0
167.0 170.0
173.0 170.0
164.0 170.0
146.0 170.0
175.0 171.0
168.0 171.0
156.0 172.0
169.0 173.0
174.0 173.0
159.0 174.0
175.0 175.0
153.0 175.0
118.0 175.0
169.0 177.0
146.0 177.0
131.0 178.0
158.0 178.0
154.0 178.0
199.0 178.0
149.0 180.0
166.0 181.0
162.0 181.0
150.0 181.0
174.0 181.0
170.0 182.0
175.0 182.0
173.0 183.0
172.0 184.0
139.0 185.0
182.0 185.0
151.0 185.0
133.0 185.0
154.0 187.0
162.0 189.0
145.0 189.0
165.0 190.0
158.0 202.0
