118.0 73.0
104.0 74.0
153.0 84.0
113.0 88.0
84.0 93.0
125.0 93.0
156.0 97.0
109.0 98.0
122.0 101.0
121.0 101.0
114.0 104.0
134.0 106.0
156.0 107.0
97.0 109.0
160.0 109.0
114.0 112.0
151.0 114.0
127.0 117.0
110.0 120.0
127.0 121.0
133.0 123.0
102.0 123.0
144.0 124.0
108.0 125.0
110.0 126.0
133.0 126.0
124.0 127.0
121.0 127.0
83.0 128.0
87.0 128.0
155.0 129.0
129.0 129.0
155.0 129.0
152.0 131.0
127.0 131.0
121.0 133.0
117.0 134.0
156.0 136.0
108.0 140.0
102.0 142.0
156.0 143.0
120.0 143.0
114.0 144.0
134.0 144.0
115.0 147.0
153.0 151.0
116.0 153.0
105.0 154.0
139.0 156.0
95.0 156.0
117.0 160.0
126.0 167.0
110.0 168.0
161.0 174.0
