56.0 45.0
53.0 58.0
93.0 61.0
142.0 61.0
59.0 63.0
147.0 63.0
84.0 65.0
122.0 66.0
76.0 71.0
59.0 73.0
94.0 73.0
75.0 75.0
82.0 75.0
79.0 76.0
76.0 76.0
84.0 76.0
70.0 79.0
80.0 79.0
89.0 82.0
88.0 84.0
70.0 84.0
89.0 85.0
83.0 86.0
48.0 87.0
117.0 89.0
78.0 89.0
79.0 90.0
79.0 92.0
73.0 92.0
110.0 92.0
91.0 93.0
82.0 99.0
149.0 101.0
80.0 104.0
97.0 104.0
112.0 104.0
77.0 105.0
113.0 106.0
96.0 108.0
89.0 109.0
118.0 111.0
113.0 111.0
82.0 114.0
101.0 114.0
115.0 117.0
66.0 119.0
106.0 120.0
75.0 121.0
124.0 121.0
133.0 125.0
96.0 128.0
104.0 128.0
98.0 135.0
84.0 135.0
90.0 151.0
136.0 161.0
107.0 172.0
