92.0 92.0
145.0 128.0
134.0 130.0
146.0 130.0
148.0 132.0
139.0 133.0
138.0 133.0
138.0 133.0
138.0 133.0
134.0 134.0
138.0 135.0
134.0 135.0
141.0 135.0
150.0 136.0
145.0 136.0
149.0 137.0
146.0 138.0
130.0 138.0
155.0 138.0
148.0 138.0
138.0 139.0
141.0 139.0
141.0 139.0
120.0 139.0
146.0 139.0
134.0 140.0
151.0 140.0
144.0 140.0
132.0 140.0
145.0 140.0
133.0 141.0
142.0 141.0
133.0 142.0
142.0 142.0
142.0 142.0
146.0 142.0
146.0 143.0
154.0 143.0
140.0 144.0
149.0 144.0
124.0 145.0
130.0 145.0
134.0 145.0
139.0 146.0
147.0 146.0
130.0 147.0
139.0 148.0
130.0 148.0
146.0 148.0
129.0 148.0
118.0 148.0
143.0 149.0
154.0 149.0
155.0 149.0
135.0 150.0
144.0 150.0
152.0 152.0
157.0 152.0
157.0 153.0
152.0 153.0
146.0 153.0
144.0 154.0
152.0 155.0
143.0 156.0
140.0 157.0
149.0 159.0
133.0 159.0
144.0 160.0
152.0 163.0
154.0 164.0
