89.0 72.0
180.0 127.0
167.0 133.0
159.0 142.0
169.0 150.0
183.0 150.0
184.0 152.0
194.0 153.0
163.0 154.0
179.0 155.0
160.0 157.0
163.0 159.0
161.0 160.0
162.0 161.0
159.0 162.0
160.0 162.0
170.0 163.0
166.0 164.0
163.0 164.0
173.0 164.0
164.0 165.0
163.0 165.0
170.0 166.0
163.0 166.0
160.0 166.0
154.0 166.0
162.0 167.0
162.0 167.0
161.0 167.0
171.0 168.0
169.0 168.0
156.0 173.0
153.0 175.0
186.0 175.0
179.0 176.0
194.0 176.0
198.0 177.0
173.0 179.0
166.0 179.0
173.0 180.0
160.0 181.0
173.0 186.0
