142.0 113.0
90.0 115.0
139.0 115.0
111.0 118.0
147.0 127.0
127.0 127.0
153.0 130.0
133.0 131.0
138.0 131.0
134.0 133.0
138.0 137.0
125.0 137.0
135.0 138.0
148.0 139.0
132.0 139.0
150.0 139.0
153.0 139.0
149.0 139.0
118.0 140.0
144.0 140.0
131.0 140.0
139.0 141.0
141.0 141.0
150.0 142.0
134.0 142.0
130.0 142.0
143.0 142.0
153.0 142.0
136.0 142.0
144.0 143.0
144.0 144.0
140.0 145.0
134.0 145.0
123.0 145.0
132.0 147.0
149.0 147.0
139.0 148.0
144.0 149.0
124.0 150.0
130.0 152.0
148.0 154.0
153.0 154.0
127.0 154.0
186.0 155.0
140.0 155.0
147.0 157.0
145.0 159.0
152.0 162.0
149.0 162.0
140.0 163.0
127.0 177.0
138.0 178.0
114.0 187.0
