1.0 118.035936571417
2.0 114.18323839139266
3.0 109.13465530660665
4.0 103.918349297842
5.0 98.66188032722249
6.0 93.58440320706734
7.0 89.03964274936877
8.0 84.91127793640148
9.0 81.17067282967781
10.0 77.98281285616856
11.0 75.38151890275162
12.0 73.27466394023126
13.0 71.72204166451361
14.0 70.77788030854829
15.0 70.0748064903831
16.0 69.49428106799174
17.0 68.98657219818966
18.0 68.52295239876658
19.0 68.08820392619084
20.0 67.79383032232282
21.0 67.56219991517138
22.0 67.5069006235635
23.0 67.38815794748513
24.0 67.3367942073423
25.0 67.31222963895036
26.0 67.30350421523687
27.0 67.28735427766098
28.0 67.27562682794273
29.0 67.26771805163645
30.0 67.25952052505392
31.0 67.26099519186113
32.0 67.24269651776152
33.0 67.22851466242786
34.0 67.21280564790378
35.0 67.19992613602226
36.0 67.17775481357666
37.0 67.1706618991485
38.0 67.16427867036164
39.0 67.16111342461024
40.0 67.15422389352065
41.0 67.14960736339495
42.0 67.14718869450918
43.0 67.14546921486505
44.0 67.14223100859027
45.0 67.13996819827261
46.0 67.13598557800451
47.0 67.1349809600882
48.0 67.13373620179804
49.0 67.1326399108317
50.0 67.13132173107022
