1.0 113.19040111721966
2.0 108.75051156709884
3.0 101.82211017813341
4.0 95.16734974518333
5.0 88.81212109540658
6.0 82.96679949430447
7.0 77.9361687189074
8.0 74.15224311475771
9.0 71.02748310251857
10.0 68.86418491628551
11.0 66.9581750216609
12.0 65.16188148274252
13.0 63.39341246016832
14.0 61.86230215177056
15.0 60.4436088055262
16.0 59.258910662808645
17.0 58.194483702812455
18.0 57.178737800381136
19.0 56.381638654419234
20.0 55.7249450134868
21.0 55.083019311610464
22.0 54.56442386222189
23.0 54.121720759180604
24.0 53.73302813700256
25.0 53.399266114584044
26.0 53.116666147766864
27.0 52.87751248482295
28.0 52.677988176473896
29.0 52.51302610588509
30.0 52.3738905211957
31.0 52.257956576295875
32.0 52.16194346589929
33.0 52.08371849781528
34.0 52.019227565267386
35.0 51.96645281979426
36.0 51.92281557753282
37.0 51.88672119206562
38.0 51.85709861883205
39.0 51.832393606072145
40.0 51.81177766545555
41.0 51.794747731942195
42.0 51.78024078207309
43.0 51.768295212780004
44.0 51.758375513868735
45.0 51.75015707068735
46.0 51.743131621183714
47.0 51.737215356993666
48.0 51.73227485884396
49.0 51.72807228606845
50.0 51.72457130398752
