1.0 10.512368277264104
2.0 10.05538430249048
3.0 9.58734973061864
4.0 8.98693407373415
5.0 8.424291674812416
6.0 7.4863060894282665
7.0 6.940338552875909
8.0 6.144667876282572
9.0 5.6287471736785255
10.0 5.117128713612007
11.0 4.592548242131605
12.0 4.302512618787164
13.0 3.9698268716165397
14.0 3.7516536571836014
15.0 3.5240108145233755
16.0 3.37093933778916
17.0 3.253353995651676
18.0 3.1460508878586935
19.0 3.048256259988654
20.0 2.966669886633031
21.0 2.889268266594433
22.0 2.8331633357968657
23.0 2.8002017730957327
24.0 2.7734280330447385
25.0 2.7482939543523495
26.0 2.7261787788627316
27.0 2.706972856163429
28.0 2.6911622887283393
29.0 2.680971670021732
30.0 2.6697251405465043
31.0 2.661745113524281
32.0 2.6564841782180557
33.0 2.651074801583432
34.0 2.646276398927258
35.0 2.642105906049282
36.0 2.6391902967269463
37.0 2.636518911483744
38.0 2.6346280565850404
39.0 2.632776039755427
40.0 2.631368109478971
41.0 2.630139779880732
42.0 2.629167971161385
43.0 2.6282511980162813
44.0 2.627523841509699
45.0 2.6268782689079906
46.0 2.626362437858524
47.0 2.6260197868636195
48.0 2.6256804911724823
49.0 2.625404203083378
50.0 2.625147080829299
