1.0 11.186064821510419
2.0 10.853095212628435
3.0 10.185703825196208
4.0 9.67998648163943
5.0 9.156134183264216
6.0 8.54589999656645
7.0 7.893402969542535
8.0 7.208966324984443
9.0 6.588564110928404
10.0 6.14811889497379
11.0 5.7023249536894
12.0 5.227267660983961
13.0 4.767497142453132
14.0 4.4587170027893945
15.0 4.26307449178069
16.0 4.0358313794095375
17.0 3.9594628162772643
18.0 3.7694340768789276
19.0 3.6312002901927616
20.0 3.5121013621877744
21.0 3.41449894977237
22.0 3.3309748725851622
23.0 3.25861515371841
24.0 3.1961156010823237
25.0 3.148702247925103
26.0 3.1155009566686847
27.0 3.0862622400122617
28.0 3.0644381599053614
29.0 3.0469116369778892
30.0 3.034641828410475
31.0 3.0240538690036063
32.0 3.015905650032783
33.0 3.0100807947814805
34.0 3.0051199079073077
35.0 3.0010209717058953
36.0 2.997496536304249
37.0 2.993995443756218
38.0 2.9915703359523627
39.0 2.989638718870465
40.0 2.9879258580891443
41.0 2.9865347298496356
42.0 2.985544462777965
43.0 2.9845404282372305
44.0 2.9835052241596918
45.0 2.9829007935343395
46.0 2.982406063899267
47.0 2.981962890162292
48.0 2.9814714757340597
49.0 2.981114611108796
50.0 2.9808298920311076
