1.0 11.697958095210312
2.0 11.33645697423703
3.0 10.7631978064226
4.0 10.132522644761607
5.0 9.578765199205398
6.0 9.368616553516404
7.0 8.74088610230847
8.0 8.044637900435312
9.0 7.555475462655592
10.0 6.979386061053043
11.0 6.534219846174232
12.0 6.025377247034432
13.0 5.440430751810642
14.0 5.234133956834362
15.0 4.853765647249314
16.0 4.616801873686459
17.0 4.3981634136051655
18.0 4.224443474059438
19.0 4.102243472050026
20.0 4.004889003160528
21.0 3.906266504650068
22.0 3.8382930372716046
23.0 3.8284366868854933
24.0 3.769757236921021
25.0 3.733225617593768
26.0 3.719075695034517
27.0 3.7196940020794647
28.0 3.7208524241536214
29.0 3.669927646892237
30.0 3.6645826803633215
31.0 3.657244581708052
32.0 3.655464772842781
33.0 3.6461058301418587
34.0 3.645638514619908
35.0 3.646377324444409
36.0 3.65077320278792
37.0 3.6403638499228643
38.0 3.6388883822732976
39.0 3.639631720171183
40.0 3.6443273522221937
41.0 3.644170129296362
42.0 3.6395132386468774
43.0 3.639516418386933
44.0 3.638731692646827
45.0 3.6394015689487285
46.0 3.63847383666161
47.0 3.6389792245338097
48.0 3.639069897529129
49.0 3.639115918648681
50.0 3.638752021694645
