1.0 10.584415652580008
2.0 10.225933389675252
3.0 9.503647295304704
4.0 8.877113920240172
5.0 8.052393385896954
6.0 7.372365249287917
7.0 6.65246346916476
8.0 5.921218370440571
9.0 5.304069876394594
10.0 4.81106445420638
11.0 4.346852206358689
12.0 3.981290326431263
13.0 3.7406436897884427
14.0 3.4741902181637596
15.0 3.2782648736013025
16.0 3.126248314534524
17.0 3.0015866318206275
18.0 2.898198408850398
19.0 2.773754576528703
20.0 2.676394784115899
21.0 2.614116167131897
22.0 2.565196512665727
23.0 2.5262563567034944
24.0 2.4967788934802955
25.0 2.469726337873498
26.0 2.4464785020320847
27.0 2.425763286816976
28.0 2.411070397242924
29.0 2.39819095991899
30.0 2.3882479111555157
31.0 2.380732713746869
32.0 2.374576634691817
33.0 2.3693355643866507
34.0 2.365105096577432
35.0 2.361300239244735
36.0 2.35869263735213
37.0 2.3560258618238716
38.0 2.35402921577829
39.0 2.352174003323485
40.0 2.350698232604053
41.0 2.3494360014604205
42.0 2.348329598342266
43.0 2.3475018705068655
44.0 2.346756566261151
45.0 2.346212230764512
46.0 2.345704879197071
47.0 2.3453114564770123
48.0 2.3449037844659513
49.0 2.344540212480473
50.0 2.3442788819231497
