197.0 0.0
129.0 0.0
0.0 99.0
113.0 99.0
109.0 102.0
110.0 106.0
255.0 109.0
111.0 111.0
106.0 111.0
114.0 112.0
117.0 118.0
123.0 122.0
132.0 123.0
129.0 123.0
114.0 123.0
123.0 124.0
121.0 124.0
129.0 127.0
151.0 127.0
146.0 129.0
129.0 130.0
119.0 134.0
141.0 134.0
134.0 135.0
134.0 136.0
138.0 137.0
144.0 141.0
141.0 143.0
142.0 144.0
136.0 145.0
146.0 146.0
145.0 146.0
150.0 147.0
148.0 148.0
115.0 149.0
148.0 149.0
151.0 149.0
142.0 150.0
150.0 150.0
134.0 150.0
153.0 150.0
147.0 151.0
154.0 153.0
151.0 153.0
153.0 153.0
121.0 154.0
153.0 155.0
158.0 155.0
137.0 157.0
123.0 157.0
160.0 159.0
151.0 159.0
161.0 159.0
153.0 160.0
157.0 161.0
162.0 162.0
161.0 162.0
153.0 162.0
162.0 163.0
144.0 163.0
140.0 164.0
164.0 165.0
173.0 169.0
162.0 169.0
165.0 170.0
156.0 172.0
143.0 174.0
156.0 174.0
138.0 183.0
114.0 191.0
155.0 255.0
0.0 255.0
0.0 255.0
129.0 255.0
146.0 255.0
128.0 255.0
103.0 255.0
156.0 255.0
154.0 255.0
155.0 255.0
140.0 255.0
145.0 255.0
141.0 255.0
142.0 255.0
