60.0 54.0
255.0 130.0
255.0 140.0
168.0 142.0
143.0 144.0
166.0 147.0
255.0 150.0
156.0 150.0
255.0 157.0
158.0 158.0
157.0 159.0
158.0 159.0
167.0 160.0
165.0 161.0
162.0 162.0
255.0 162.0
166.0 162.0
163.0 163.0
165.0 163.0
162.0 163.0
164.0 163.0
255.0 163.0
167.0 164.0
165.0 164.0
173.0 164.0
153.0 166.0
167.0 166.0
168.0 166.0
171.0 166.0
166.0 167.0
171.0 167.0
167.0 168.0
175.0 168.0
255.0 169.0
170.0 169.0
170.0 169.0
172.0 169.0
170.0 170.0
174.0 170.0
170.0 170.0
169.0 170.0
173.0 170.0
171.0 170.0
170.0 170.0
171.0 170.0
255.0 170.0
171.0 171.0
172.0 171.0
171.0 171.0
178.0 172.0
175.0 172.0
172.0 172.0
171.0 172.0
177.0 174.0
178.0 174.0
175.0 175.0
174.0 175.0
177.0 176.0
177.0 177.0
177.0 177.0
177.0 178.0
178.0 178.0
180.0 179.0
182.0 180.0
175.0 180.0
178.0 180.0
182.0 180.0
255.0 181.0
177.0 182.0
255.0 183.0
184.0 183.0
184.0 183.0
181.0 188.0
186.0 188.0
201.0 189.0
181.0 190.0
198.0 190.0
255.0 191.0
255.0 191.0
198.0 191.0
191.0 196.0
191.0 197.0
201.0 197.0
201.0 199.0
199.0 200.0
205.0 206.0
212.0 212.0
207.0 218.0
154.0 255.0
170.0 255.0
160.0 255.0
0.0 255.0
186.0 255.0
172.0 255.0
169.0 255.0
158.0 255.0
163.0 255.0
145.0 255.0
170.0 255.0
165.0 255.0
173.0 255.0
171.0 255.0
