135.0 0.0
125.0 0.0
155.0 0.0
148.0 0.0
201.0 0.0
156.0 0.0
169.0 0.0
144.0 0.0
134.0 0.0
154.0 0.0
146.0 0.0
122.0 0.0
255.0 0.0
100.0 52.0
255.0 57.0
255.0 63.0
68.0 66.0
51.0 67.0
137.0 73.0
82.0 74.0
59.0 78.0
149.0 82.0
101.0 83.0
152.0 83.0
98.0 88.0
103.0 88.0
137.0 91.0
168.0 91.0
131.0 93.0
96.0 96.0
113.0 96.0
0.0 100.0
99.0 100.0
92.0 104.0
255.0 104.0
110.0 105.0
109.0 105.0
108.0 107.0
107.0 107.0
255.0 108.0
114.0 109.0
110.0 109.0
107.0 110.0
106.0 110.0
101.0 111.0
109.0 111.0
111.0 112.0
119.0 114.0
112.0 114.0
140.0 115.0
255.0 115.0
127.0 117.0
114.0 118.0
117.0 118.0
110.0 118.0
126.0 120.0
123.0 120.0
117.0 121.0
101.0 122.0
111.0 123.0
125.0 124.0
121.0 124.0
128.0 125.0
122.0 125.0
128.0 125.0
150.0 125.0
0.0 126.0
135.0 127.0
120.0 128.0
124.0 128.0
129.0 130.0
129.0 130.0
0.0 130.0
131.0 131.0
119.0 131.0
122.0 131.0
132.0 132.0
131.0 133.0
130.0 134.0
149.0 136.0
135.0 137.0
0.0 138.0
141.0 139.0
132.0 139.0
0.0 139.0
139.0 140.0
139.0 140.0
136.0 141.0
134.0 141.0
148.0 141.0
141.0 141.0
151.0 143.0
136.0 143.0
0.0 143.0
145.0 143.0
147.0 144.0
168.0 147.0
0.0 147.0
138.0 147.0
0.0 147.0
156.0 148.0
149.0 149.0
148.0 150.0
135.0 151.0
153.0 152.0
153.0 153.0
155.0 155.0
157.0 156.0
157.0 156.0
156.0 157.0
151.0 160.0
160.0 162.0
160.0 166.0
133.0 170.0
164.0 171.0
159.0 190.0
