61.6675820308456 46.692172086821614
50.87989108445169 55.32436690150679
56.65147761878557 55.4803066351768
56.18027107108792 58.82853878987105
71.35183682198868 58.85364285466492
89.9925963297596 60.82901604231314
61.95742779118839 62.769962089689514
62.84683267053343 63.08905922674534
62.83515162988329 65.35976129274658
63.32254231470694 66.46177229663607
65.53417600869581 67.4892317582473
53.0 68.0
84.03586594565797 70.7425505985426
72.84575467185904 71.74365400218245
59.077740857554936 71.79836821199848
74.62424140643094 73.0269800082441
70.29846034717293 75.0244068924999
137.60876307062043 76.2823265944501
99.62950489149877 77.39765397096129
79.66330389961712 77.86005067656944
81.95765719192006 78.4374546638798
70.68685231309976 81.55507404775977
168.43391169954927 82.78839399142015
120.49459723349601 83.828475426553
98.93938853827169 84.22308331821822
86.42948141498867 84.26819974279809
110.55869383984012 90.77961802361466
105.19213773994085 93.47437654369823
129.0286041338328 94.88716852854769
77.99972380997052 95.11098265767004
99.94612652615538 95.68705073213556
98.05554073120497 96.69908307616375
170.059067622093 97.07781260811555
97.62324700725644 97.1852722092793
143.09480000206057 97.22824700149368
127.49605532978535 98.9806320692668
142.41801248815707 101.1816815392965
59.57178130751852 101.4238733223084
90.8653065445491 103.51506208111287
70.0769171186387 103.88610680888641
99.98324647875415 104.39847475346228
67.66312540410534 105.98075933268758
107.0129231013133 106.94940311027341
93.52728566570161 107.30415893701606
68.2311913424866 108.08462629428696
152.94795846556025 108.59487222369025
116.86023374591038 108.9460307322873
121.10018639078709 110.96971011618687
116.68385692138652 111.8643581625528
114.99087760368754 115.67976210399452
124.95551068183798 116.99522810403579
129.2238124511256 118.57050499331031
81.74283756136782 120.13152850812463
126.54754261543492 120.59914479277538
130.47186646325898 122.50535149450643
111.84426336679671 123.35650696649938
104.66744839407096 123.55710208434355
135.93238178469016 124.12166966551722
82.38581261792187 124.12316608258246
124.57168092102347 124.62687831128493
129.483002634409 124.63951323152803
169.26274588699806 126.96983515329468
131.36776229718646 127.01975422057859
134.38900703730465 127.2295125744768
132.0532209852263 127.58159936891477
127.30085758775341 129.97824054052379
146.96556821381287 131.1252932895281
133.04648666205864 132.3021920118403
202.38254486717702 132.98645834634925
118.75540441249254 133.0010271586713
69.86549680998532 137.80429555089563
151.44200638491807 137.9562133399358
126.52984494895362 138.75274696967472
121.62419615025317 139.12171750330197
143.0262751374198 139.57287643206172
133.13857175200928 139.91554830510603
140.77326651967638 140.48398111634273
150.6555308475557 144.12595033137927
151.61138374120844 144.41318088825903
138.91654858807246 145.97480216314946
147.44011751034344 146.3518173344378
155.3190802289798 147.42676537737466
125.14513849222533 148.79085069444668
163.66781225834123 149.62573095353636
164.43601146609538 153.47573449468624
153.7361314689548 153.79700111746564
138.11735670006485 155.14564330370402
144.96198951327878 155.34019336760784
113.9809001538724 156.23244490680807
190.59059314395614 157.15682740866512
80.60216690135208 157.3023110181581
153.29230966255 158.67101569743213
160.3394951361345 159.58642128595739
128.48383147461942 161.0515522972859
166.96050968757157 164.04015519507362
172.0083400734829 166.1069312449578
169.0207535686819 167.8414318868704
163.53561444379395 167.97772507139732
178.5517202521783 168.28907535634517
172.7707720333811 170.36638187619795
161.82002144497645 170.95543310604262
153.6734244590066 171.48443434826513
173.99880902233605 171.68907860632245
178.63022601460648 173.41662895293908
90.92043100837361 174.24930606108853
182.251269036099 178.55214310318829
171.35979256737235 182.30612333766214
188.3995714001232 182.5682538452829
184.26302556892972 183.5799527113119
195.24063544446736 187.12655646429627
185.48875528688112 187.35133288015496
188.77333710315003 187.60407379614765
174.79501235113565 191.01226489042529
192.93296549872483 191.1613464184383
204.68051427274625 191.64394867191672
193.09371904575733 192.20169717266467
199.6831327120915 196.32510532219283
88.065890277972 197.1971620892113
202.74287787221593 198.25433719316518
201.69548055406287 198.4883276106098
201.72509696075446 200.6008332834816
196.19994852500074 202.24377717800346
186.3573044956224 202.49701817530737
208.56788603782317 205.97079607619776
212.16058643601548 209.45750896426748
211.9426047046073 211.3254529460706
192.90820056734037 213.73824973550782
212.19918474679352 215.76433141736953
