120.0 0.0
113.0 0.0
88.0 0.0
76.0 60.0
62.0 68.0
53.0 78.0
78.0 81.0
88.0 82.0
59.0 84.0
95.0 85.0
98.0 88.0
92.0 91.0
255.0 91.0
114.0 97.0
158.0 97.0
97.0 98.0
255.0 98.0
95.0 99.0
87.0 100.0
107.0 101.0
110.0 102.0
104.0 103.0
107.0 105.0
107.0 106.0
109.0 106.0
120.0 106.0
107.0 106.0
108.0 107.0
106.0 107.0
114.0 108.0
114.0 109.0
106.0 109.0
112.0 110.0
112.0 112.0
116.0 113.0
131.0 114.0
114.0 115.0
121.0 115.0
133.0 115.0
116.0 116.0
116.0 118.0
116.0 119.0
118.0 119.0
100.0 119.0
116.0 119.0
128.0 127.0
133.0 129.0
126.0 131.0
129.0 131.0
124.0 132.0
0.0 133.0
130.0 133.0
140.0 134.0
133.0 136.0
123.0 138.0
135.0 138.0
0.0 139.0
142.0 144.0
0.0 145.0
144.0 146.0
107.0 255.0
