255.0 0.0
137.0 0.0
67.0 68.0
76.0 88.0
88.0 101.0
102.0 103.0
125.0 106.0
108.0 107.0
107.0 109.0
110.0 109.0
91.0 111.0
112.0 116.0
125.0 123.0
0.0 127.0
128.0 128.0
129.0 132.0
139.0 132.0
88.0 133.0
137.0 135.0
140.0 139.0
138.0 140.0
139.0 140.0
142.0 140.0
140.0 140.0
142.0 142.0
139.0 143.0
147.0 147.0
145.0 149.0
150.0 151.0
155.0 153.0
151.0 154.0
147.0 154.0
125.0 160.0
161.0 161.0
85.0 166.0
174.0 173.0
135.0 255.0
106.0 255.0
0.0 255.0
148.0 255.0
112.0 255.0
