128.0 0.0
0.0 0.0
78.0 0.0
0.0 0.0
89.0 0.0
115.0 0.0
131.0 0.0
94.0 0.0
62.0 0.0
92.0 0.0
0.0 0.0
145.0 0.0
123.0 0.0
131.0 0.0
99.0 0.0
0.0 0.0
78.0 0.0
0.0 0.0
51.0 0.0
174.0 0.0
0.0 0.0
82.0 0.0
55.0 42.0
56.0 43.0
61.0 46.0
0.0 46.0
45.0 47.0
66.0 53.0
65.0 58.0
70.0 59.0
72.0 59.0
66.0 63.0
59.0 63.0
61.0 67.0
0.0 68.0
142.0 74.0
78.0 74.0
77.0 78.0
79.0 78.0
86.0 80.0
97.0 81.0
90.0 86.0
94.0 92.0
101.0 95.0
110.0 96.0
106.0 99.0
103.0 103.0
100.0 103.0
105.0 103.0
112.0 105.0
115.0 106.0
0.0 110.0
118.0 111.0
0.0 120.0
126.0 124.0
0.0 124.0
135.0 138.0
0.0 140.0
0.0 141.0
0.0 143.0
0.0 144.0
0.0 144.0
0.0 149.0
150.0 151.0
