76.73232015715378 59.75873490586354
61.784080329591525 63.179824443381186
61.21092108734107 63.872632836556534
71.44640333683064 70.22114074846846
90.63511126151913 87.58509754836533
111.08072172785059 98.94932372319386
128.034419526988 99.67339883880827
106.89236773393364 100.95065799544672
95.01015428562668 102.1667789765875
72.94523330079434 102.90413181316589
79.02606259014073 106.5794445821168
107.51386759509622 108.17518288619804
81.76975411522501 120.18252677758043
122.12120360337713 121.31869446162567
134.05465058649182 125.8069577488117
124.65031404953838 127.38628287962082
134.23960722173695 132.78582244903947
158.76093132850238 140.1503989852315
146.83144229425386 145.8045976554633
140.0523814370704 148.64218749523252
140.44979874462064 155.46929196691096
158.5035214819101 157.84839325339155
158.02629467382107 163.5620954448338
150.1610062390181 166.44467296603335
90.03228848876756 173.55299233249306
177.65125796160595 175.32782903932028
188.74398934841452 183.26415325213546
177.67843775349908 184.52428365981095
195.28515566733907 192.26119055545306
200.7050387629133 198.9965202952017
179.63610714991077 201.4338274623362
204.46695507363643 210.86527260289074
