160.0 0.0
189.0 0.0
204.0 0.0
191.0 0.0
191.0 0.0
188.0 0.0
175.0 0.0
201.0 0.0
185.0 0.0
191.0 0.0
157.0 0.0
189.0 0.0
179.0 0.0
172.0 0.0
177.0 0.0
255.0 0.0
173.0 0.0
188.0 0.0
222.0 0.0
173.0 0.0
173.0 0.0
255.0 0.0
167.0 0.0
146.0 0.0
255.0 0.0
207.0 0.0
172.0 0.0
146.0 0.0
193.0 0.0
193.0 0.0
202.0 0.0
171.0 0.0
209.0 0.0
175.0 0.0
166.0 0.0
174.0 0.0
60.0 60.0
118.0 94.0
255.0 117.0
161.0 130.0
150.0 132.0
156.0 148.0
160.0 157.0
158.0 158.0
175.0 161.0
167.0 163.0
181.0 174.0
187.0 179.0
182.0 179.0
189.0 191.0
198.0 194.0
193.0 195.0
197.0 195.0
202.0 202.0
201.0 204.0
255.0 206.0
207.0 206.0
207.0 207.0
210.0 208.0
0.0 214.0
205.0 255.0
