168.0 0.0
176.0 0.0
63.0 62.0
102.0 103.0
102.0 104.0
114.0 114.0
122.0 119.0
127.0 121.0
120.0 127.0
151.0 127.0
127.0 128.0
135.0 131.0
130.0 131.0
137.0 132.0
145.0 133.0
119.0 134.0
145.0 135.0
161.0 135.0
130.0 136.0
137.0 136.0
134.0 137.0
139.0 140.0
151.0 143.0
143.0 144.0
143.0 144.0
147.0 146.0
146.0 147.0
156.0 148.0
145.0 148.0
151.0 148.0
140.0 148.0
144.0 149.0
151.0 149.0
155.0 150.0
147.0 151.0
0.0 151.0
148.0 151.0
154.0 153.0
0.0 155.0
162.0 155.0
154.0 156.0
155.0 157.0
156.0 157.0
164.0 164.0
160.0 166.0
0.0 255.0
