161.0 0.0
123.0 0.0
99.0 0.0
84.0 58.0
103.0 79.0
86.0 85.0
80.0 88.0
103.0 89.0
77.0 93.0
97.0 93.0
106.0 94.0
105.0 98.0
103.0 100.0
102.0 100.0
104.0 101.0
255.0 102.0
103.0 103.0
100.0 103.0
108.0 104.0
105.0 104.0
110.0 104.0
104.0 105.0
104.0 105.0
103.0 105.0
112.0 105.0
104.0 106.0
107.0 106.0
107.0 106.0
106.0 106.0
106.0 106.0
118.0 106.0
255.0 107.0
106.0 107.0
107.0 107.0
106.0 107.0
108.0 107.0
108.0 108.0
107.0 108.0
109.0 108.0
110.0 108.0
255.0 108.0
106.0 108.0
111.0 108.0
109.0 109.0
110.0 109.0
110.0 109.0
107.0 111.0
117.0 111.0
112.0 111.0
112.0 112.0
115.0 112.0
107.0 112.0
111.0 112.0
111.0 112.0
117.0 112.0
110.0 113.0
112.0 113.0
105.0 113.0
119.0 114.0
99.0 114.0
102.0 114.0
108.0 114.0
114.0 115.0
113.0 116.0
0.0 116.0
115.0 117.0
113.0 117.0
118.0 117.0
119.0 119.0
123.0 120.0
119.0 120.0
122.0 123.0
120.0 123.0
110.0 123.0
107.0 123.0
122.0 124.0
117.0 128.0
0.0 128.0
128.0 130.0
141.0 143.0
