104.0 0.0
178.0 0.0
161.0 0.0
172.0 0.0
177.0 0.0
151.0 0.0
154.0 0.0
146.0 0.0
188.0 0.0
146.0 0.0
255.0 0.0
153.0 0.0
192.0 0.0
172.0 0.0
212.0 0.0
140.0 108.0
111.0 112.0
131.0 118.0
125.0 123.0
124.0 126.0
144.0 127.0
133.0 130.0
138.0 130.0
131.0 130.0
147.0 131.0
134.0 132.0
147.0 133.0
131.0 136.0
143.0 142.0
143.0 142.0
144.0 143.0
152.0 143.0
143.0 144.0
147.0 144.0
255.0 145.0
147.0 146.0
153.0 147.0
146.0 147.0
152.0 148.0
146.0 148.0
0.0 149.0
144.0 151.0
153.0 152.0
153.0 153.0
0.0 153.0
0.0 156.0
158.0 157.0
154.0 157.0
162.0 163.0
162.0 164.0
0.0 169.0
0.0 172.0
0.0 173.0
