73.29399967277578 59.20014015817199
64.69857911011292 59.689398735886286
63.122262285963934 62.56128730621976
62.39055274919749 63.370852295730465
59.00724033608175 63.38739582989653
62.817426284703046 65.3773293412806
67.64595523779369 65.47693779001023
62.49590190297324 65.68032231720353
83.1044719475986 72.01369875602033
83.26047808016129 79.79288183005556
110.14608378808735 81.89091820335724
91.84719718284133 82.49371791970937
71.04440999298474 87.18211732948632
65.8459717348296 89.97402420177583
95.1415308937576 93.78257523845892
75.39525487412638 95.78644168286581
108.858434681337 100.10174166853493
112.57911245831465 100.25338246460853
138.50362170115105 105.54803672311644
121.6925480205508 106.75500999307226
108.00572181712344 108.03730146519246
95.97169175281938 109.05207712680374
155.26763558721655 110.8589234313397
101.26630729860742 111.65737034425315
115.27793755056999 111.78347702608889
120.702469380852 111.84247503626592
167.97487420088916 118.19840126707247
133.12448313789332 118.24471328010594
81.99644560390853 120.37065824434063
121.41789979168038 120.84696429109762
89.96840743962763 121.63633091472082
65.62418228615954 122.69404416663338
122.05158435764125 126.0855024962234
132.58527926036115 131.83195415216264
117.1511705140475 132.0884910599597
138.75115890681315 134.87989818134653
134.2173885250905 138.26543948516246
98.4786920618593 140.84398535198366
144.29046025104006 143.63699625291778
162.77741577430407 144.86888171607833
143.62855750991844 146.91226010401712
153.59645941595946 152.7571062355884
161.99751722285188 154.71987751219464
136.09293337959846 155.4717174806071
149.92144534706773 158.5037603010272
131.3159353806635 158.77228291225074
86.65192930969181 161.4687996247724
163.22959274771253 162.5841259749019
157.72777780253534 165.02546185408653
77.34062983510037 166.15736572067829
173.78065196895218 171.4727501127431
182.43877093247443 172.43303972811188
195.04661698330108 182.02034599669219
188.40188740524357 182.60141214584922
188.6025189198696 186.28888414885282
188.43374236995805 186.69431184777437
183.13194027668118 187.11077067908818
176.98991100014103 188.93113940559695
191.49574234234112 192.1970491800855
188.23275446119467 197.0683899537522
202.63550002198372 199.83434272702732
203.78958859154585 202.23787268640046
176.71518087247318 208.94746006724543
203.68287621558812 214.86382033500217
