130.0 129.0
255.0 130.0
156.0 150.0
255.0 157.0
167.0 160.0
166.0 162.0
162.0 163.0
164.0 163.0
255.0 163.0
167.0 164.0
165.0 164.0
173.0 164.0
171.0 166.0
166.0 167.0
175.0 168.0
255.0 169.0
170.0 169.0
172.0 169.0
170.0 170.0
173.0 170.0
171.0 170.0
170.0 170.0
171.0 170.0
255.0 170.0
171.0 171.0
171.0 171.0
178.0 172.0
175.0 172.0
172.0 172.0
171.0 172.0
177.0 174.0
175.0 175.0
174.0 175.0
177.0 176.0
177.0 177.0
177.0 178.0
180.0 179.0
178.0 180.0
177.0 182.0
255.0 183.0
198.0 190.0
207.0 218.0
169.0 255.0
163.0 255.0
170.0 255.0
171.0 255.0
