255.0 0.0
186.0 0.0
0.0 0.0
174.0 90.0
144.0 120.0
111.0 126.0
141.0 131.0
255.0 133.0
147.0 138.0
150.0 141.0
153.0 144.0
149.0 145.0
255.0 149.0
158.0 149.0
149.0 150.0
148.0 150.0
160.0 150.0
153.0 152.0
168.0 152.0
149.0 153.0
153.0 154.0
155.0 155.0
165.0 155.0
207.0 156.0
255.0 157.0
162.0 157.0
152.0 157.0
159.0 158.0
161.0 158.0
175.0 159.0
168.0 162.0
167.0 163.0
169.0 165.0
167.0 165.0
167.0 165.0
165.0 168.0
169.0 168.0
170.0 168.0
166.0 168.0
171.0 169.0
173.0 171.0
176.0 171.0
192.0 172.0
177.0 172.0
255.0 172.0
176.0 175.0
175.0 176.0
180.0 177.0
141.0 177.0
183.0 180.0
185.0 180.0
0.0 183.0
255.0 187.0
255.0 187.0
191.0 192.0
194.0 193.0
199.0 195.0
0.0 196.0
195.0 196.0
200.0 198.0
204.0 198.0
203.0 200.0
200.0 200.0
0.0 202.0
194.0 208.0
202.0 209.0
212.0 211.0
220.0 214.0
218.0 214.0
182.0 255.0
176.0 255.0
168.0 255.0
