131.0 0.0
124.0 0.0
155.0 0.0
0.0 0.0
156.0 0.0
139.0 0.0
140.0 0.0
138.0 0.0
255.0 57.0
108.0 71.0
149.0 82.0
92.0 87.0
131.0 93.0
147.0 93.0
182.0 95.0
102.0 97.0
114.0 97.0
255.0 99.0
99.0 100.0
110.0 102.0
133.0 102.0
133.0 102.0
107.0 102.0
102.0 103.0
115.0 103.0
108.0 106.0
107.0 107.0
255.0 109.0
255.0 109.0
118.0 109.0
110.0 110.0
143.0 110.0
255.0 111.0
137.0 112.0
116.0 113.0
120.0 114.0
255.0 114.0
112.0 114.0
112.0 116.0
117.0 118.0
115.0 120.0
92.0 120.0
118.0 121.0
127.0 121.0
127.0 121.0
130.0 121.0
119.0 122.0
127.0 123.0
135.0 123.0
172.0 123.0
0.0 124.0
136.0 124.0
128.0 125.0
125.0 125.0
122.0 125.0
255.0 125.0
150.0 125.0
125.0 126.0
127.0 126.0
128.0 127.0
132.0 127.0
120.0 127.0
133.0 128.0
127.0 128.0
134.0 128.0
132.0 128.0
129.0 128.0
255.0 129.0
131.0 129.0
129.0 129.0
138.0 129.0
133.0 129.0
131.0 129.0
126.0 129.0
129.0 130.0
130.0 130.0
129.0 130.0
133.0 130.0
134.0 130.0
132.0 131.0
131.0 131.0
135.0 131.0
131.0 131.0
130.0 131.0
131.0 131.0
130.0 131.0
139.0 131.0
122.0 131.0
134.0 131.0
132.0 132.0
0.0 132.0
132.0 132.0
134.0 132.0
131.0 132.0
131.0 132.0
0.0 132.0
126.0 132.0
139.0 132.0
132.0 132.0
128.0 133.0
133.0 133.0
145.0 133.0
133.0 133.0
166.0 134.0
136.0 134.0
138.0 134.0
133.0 134.0
131.0 134.0
132.0 134.0
140.0 134.0
119.0 134.0
137.0 135.0
136.0 135.0
137.0 135.0
140.0 135.0
140.0 136.0
135.0 136.0
129.0 136.0
135.0 137.0
140.0 137.0
140.0 137.0
136.0 137.0
137.0 137.0
133.0 138.0
141.0 138.0
146.0 138.0
135.0 138.0
141.0 138.0
149.0 139.0
141.0 139.0
144.0 139.0
0.0 139.0
144.0 139.0
139.0 140.0
126.0 140.0
141.0 140.0
142.0 140.0
140.0 140.0
139.0 140.0
255.0 140.0
134.0 141.0
141.0 141.0
148.0 141.0
141.0 141.0
141.0 141.0
139.0 142.0
142.0 142.0
139.0 142.0
141.0 142.0
142.0 142.0
143.0 142.0
151.0 143.0
136.0 143.0
142.0 143.0
139.0 143.0
139.0 143.0
145.0 143.0
142.0 144.0
144.0 144.0
255.0 144.0
142.0 144.0
145.0 145.0
146.0 145.0
150.0 146.0
146.0 146.0
0.0 146.0
149.0 146.0
123.0 146.0
151.0 146.0
141.0 146.0
151.0 146.0
145.0 146.0
138.0 147.0
143.0 147.0
119.0 147.0
144.0 147.0
149.0 147.0
153.0 147.0
147.0 147.0
145.0 148.0
147.0 148.0
140.0 149.0
149.0 149.0
148.0 150.0
135.0 151.0
150.0 151.0
153.0 151.0
153.0 152.0
150.0 153.0
153.0 153.0
154.0 154.0
149.0 154.0
155.0 154.0
155.0 154.0
152.0 155.0
0.0 155.0
0.0 155.0
155.0 155.0
156.0 156.0
157.0 156.0
152.0 157.0
0.0 158.0
160.0 160.0
162.0 163.0
160.0 163.0
0.0 168.0
0.0 168.0
164.0 171.0
255.0 177.0
159.0 190.0
133.0 255.0
