56.0 59.0
103.0 79.0
103.0 100.0
100.0 103.0
105.0 104.0
104.0 105.0
104.0 105.0
103.0 105.0
112.0 105.0
104.0 106.0
107.0 106.0
107.0 106.0
106.0 106.0
118.0 106.0
111.0 107.0
106.0 107.0
107.0 107.0
106.0 107.0
107.0 108.0
110.0 108.0
106.0 108.0
111.0 108.0
109.0 109.0
110.0 109.0
113.0 110.0
107.0 111.0
117.0 111.0
112.0 111.0
112.0 112.0
115.0 112.0
107.0 112.0
111.0 112.0
112.0 113.0
99.0 114.0
113.0 116.0
0.0 116.0
115.0 117.0
118.0 117.0
119.0 119.0
