197.0 0.0
146.0 0.0
163.0 0.0
176.0 0.0
113.0 99.0
103.0 101.0
89.0 101.0
109.0 102.0
102.0 103.0
106.0 104.0
105.0 104.0
255.0 104.0
110.0 106.0
101.0 106.0
108.0 107.0
101.0 107.0
121.0 107.0
110.0 109.0
112.0 111.0
106.0 111.0
114.0 112.0
113.0 112.0
111.0 112.0
118.0 113.0
143.0 113.0
92.0 113.0
118.0 115.0
115.0 115.0
157.0 115.0
255.0 115.0
116.0 116.0
133.0 116.0
117.0 118.0
255.0 119.0
134.0 119.0
117.0 120.0
122.0 121.0
117.0 121.0
123.0 121.0
123.0 122.0
126.0 122.0
122.0 122.0
119.0 122.0
132.0 123.0
129.0 123.0
114.0 123.0
123.0 124.0
130.0 124.0
121.0 124.0
116.0 124.0
126.0 125.0
125.0 126.0
129.0 127.0
134.0 128.0
126.0 129.0
0.0 129.0
146.0 129.0
142.0 129.0
126.0 129.0
132.0 130.0
129.0 130.0
133.0 130.0
133.0 130.0
132.0 131.0
128.0 131.0
135.0 131.0
134.0 132.0
130.0 132.0
139.0 132.0
136.0 132.0
134.0 133.0
132.0 133.0
132.0 133.0
134.0 134.0
136.0 134.0
132.0 134.0
119.0 134.0
141.0 134.0
138.0 135.0
134.0 135.0
108.0 135.0
137.0 135.0
134.0 136.0
135.0 137.0
138.0 137.0
138.0 137.0
136.0 138.0
138.0 139.0
139.0 139.0
140.0 140.0
153.0 141.0
0.0 141.0
140.0 141.0
141.0 142.0
134.0 142.0
137.0 142.0
136.0 142.0
143.0 142.0
0.0 143.0
146.0 143.0
141.0 143.0
141.0 143.0
145.0 143.0
141.0 143.0
143.0 144.0
142.0 144.0
147.0 144.0
145.0 145.0
134.0 145.0
143.0 145.0
139.0 145.0
136.0 145.0
148.0 145.0
144.0 145.0
142.0 146.0
145.0 146.0
141.0 147.0
150.0 147.0
147.0 147.0
148.0 148.0
0.0 148.0
145.0 149.0
147.0 149.0
152.0 149.0
139.0 149.0
151.0 149.0
151.0 149.0
142.0 150.0
150.0 150.0
134.0 150.0
153.0 150.0
137.0 150.0
151.0 151.0
144.0 151.0
151.0 151.0
155.0 151.0
152.0 151.0
152.0 151.0
150.0 151.0
116.0 152.0
152.0 152.0
151.0 152.0
157.0 152.0
151.0 153.0
153.0 153.0
151.0 154.0
157.0 154.0
0.0 154.0
154.0 154.0
139.0 154.0
147.0 154.0
153.0 155.0
156.0 155.0
158.0 155.0
152.0 156.0
137.0 157.0
123.0 157.0
162.0 157.0
156.0 158.0
159.0 159.0
156.0 160.0
153.0 160.0
128.0 161.0
160.0 161.0
255.0 161.0
162.0 162.0
161.0 162.0
153.0 162.0
144.0 163.0
163.0 167.0
0.0 168.0
154.0 168.0
173.0 169.0
162.0 169.0
162.0 170.0
166.0 171.0
143.0 174.0
156.0 174.0
183.0 181.0
155.0 255.0
0.0 255.0
0.0 255.0
129.0 255.0
135.0 255.0
151.0 255.0
146.0 255.0
128.0 255.0
106.0 255.0
80.0 255.0
91.0 255.0
154.0 255.0
104.0 255.0
155.0 255.0
148.0 255.0
150.0 255.0
91.0 255.0
66.0 255.0
141.0 255.0
114.0 255.0
125.0 255.0
