91.0 0.0
158.0 0.0
124.0 0.0
113.0 0.0
158.0 0.0
129.0 0.0
0.0 0.0
92.0 0.0
129.0 0.0
140.0 0.0
68.0 53.0
128.0 53.0
98.0 60.0
78.0 64.0
137.0 75.0
106.0 80.0
140.0 82.0
133.0 89.0
0.0 93.0
103.0 93.0
114.0 96.0
0.0 96.0
117.0 96.0
117.0 97.0
107.0 97.0
158.0 97.0
109.0 97.0
112.0 99.0
107.0 101.0
112.0 101.0
105.0 102.0
113.0 104.0
0.0 106.0
109.0 108.0
117.0 109.0
120.0 112.0
120.0 113.0
109.0 113.0
133.0 113.0
118.0 115.0
102.0 122.0
170.0 122.0
128.0 126.0
128.0 127.0
132.0 128.0
150.0 129.0
132.0 130.0
0.0 130.0
129.0 131.0
133.0 134.0
140.0 139.0
0.0 149.0
149.0 149.0
150.0 150.0
0.0 151.0
153.0 157.0
