54.0 57.0
83.0 66.0
255.0 70.0
255.0 70.0
60.0 71.0
78.0 77.0
100.0 84.0
97.0 88.0
255.0 88.0
95.0 93.0
128.0 97.0
110.0 98.0
91.0 101.0
135.0 101.0
103.0 105.0
110.0 105.0
104.0 105.0
109.0 107.0
108.0 107.0
255.0 108.0
105.0 110.0
110.0 112.0
124.0 120.0
125.0 121.0
118.0 122.0
138.0 122.0
120.0 123.0
255.0 123.0
125.0 127.0
137.0 127.0
141.0 130.0
131.0 133.0
132.0 133.0
131.0 135.0
127.0 135.0
144.0 136.0
129.0 137.0
151.0 150.0
174.0 255.0
70.0 255.0
