63.0 0.0
82.0 0.0
48.0 53.0
80.0 58.0
68.0 66.0
94.0 76.0
101.0 83.0
62.0 83.0
94.0 92.0
103.0 92.0
96.0 93.0
101.0 94.0
113.0 96.0
102.0 100.0
103.0 103.0
103.0 103.0
107.0 104.0
110.0 105.0
108.0 107.0
107.0 108.0
114.0 109.0
111.0 109.0
110.0 109.0
0.0 109.0
106.0 110.0
112.0 111.0
109.0 111.0
114.0 112.0
119.0 114.0
108.0 114.0
140.0 115.0
127.0 117.0
114.0 118.0
92.0 118.0
111.0 123.0
0.0 124.0
128.0 125.0
0.0 130.0
122.0 131.0
132.0 132.0
131.0 133.0
130.0 134.0
133.0 134.0
0.0 139.0
0.0 139.0
0.0 144.0
104.0 145.0
0.0 147.0
0.0 147.0
0.0 149.0
150.0 151.0
151.0 160.0
128.0 161.0
