100.0 108.0
141.0 136.0
155.0 150.0
152.0 153.0
154.0 153.0
158.0 155.0
156.0 155.0
154.0 155.0
255.0 156.0
156.0 156.0
154.0 156.0
255.0 157.0
158.0 158.0
160.0 158.0
157.0 159.0
160.0 160.0
162.0 161.0
159.0 161.0
165.0 161.0
162.0 162.0
164.0 162.0
255.0 162.0
163.0 163.0
165.0 163.0
165.0 163.0
163.0 165.0
169.0 166.0
153.0 166.0
167.0 166.0
168.0 166.0
171.0 167.0
168.0 168.0
157.0 169.0
169.0 169.0
170.0 170.0
169.0 170.0
172.0 171.0
146.0 171.0
169.0 174.0
178.0 178.0
182.0 180.0
188.0 184.0
198.0 191.0
212.0 212.0
154.0 255.0
158.0 255.0
148.0 255.0
148.0 255.0
165.0 255.0
