77.0 93.0
139.0 136.0
165.0 137.0
140.0 140.0
255.0 142.0
255.0 143.0
145.0 145.0
147.0 149.0
150.0 150.0
155.0 152.0
150.0 152.0
155.0 154.0
153.0 155.0
155.0 156.0
154.0 156.0
154.0 157.0
154.0 157.0
154.0 157.0
160.0 158.0
158.0 159.0
160.0 161.0
162.0 162.0
152.0 162.0
164.0 163.0
166.0 166.0
163.0 167.0
170.0 171.0
171.0 173.0
171.0 173.0
171.0 175.0
190.0 183.0
143.0 255.0
158.0 255.0
159.0 255.0
162.0 255.0
149.0 255.0
119.0 255.0
159.0 255.0
154.0 255.0
151.0 255.0
148.0 255.0
255.0 255.0
149.0 255.0
163.0 255.0
146.0 255.0
137.0 255.0
