62.0 0.0
255.0 0.0
255.0 0.0
109.0 0.0
0.0 0.0
105.0 0.0
255.0 0.0
75.0 0.0
47.0 46.0
51.0 47.0
100.0 49.0
52.0 50.0
56.0 54.0
56.0 54.0
56.0 56.0
59.0 56.0
56.0 58.0
255.0 58.0
62.0 59.0
66.0 59.0
65.0 59.0
255.0 59.0
63.0 60.0
64.0 60.0
65.0 60.0
56.0 60.0
58.0 60.0
64.0 61.0
255.0 62.0
76.0 62.0
59.0 62.0
66.0 63.0
65.0 63.0
56.0 63.0
255.0 64.0
63.0 64.0
65.0 65.0
67.0 65.0
57.0 65.0
255.0 65.0
63.0 66.0
0.0 66.0
56.0 66.0
73.0 67.0
72.0 67.0
63.0 67.0
78.0 68.0
71.0 69.0
63.0 69.0
66.0 69.0
0.0 69.0
71.0 70.0
72.0 70.0
70.0 71.0
54.0 72.0
63.0 76.0
49.0 77.0
73.0 77.0
88.0 79.0
60.0 81.0
70.0 83.0
89.0 85.0
0.0 103.0
78.0 103.0
63.0 113.0
92.0 137.0
