66.0 52.0
255.0 97.0
114.0 113.0
120.0 113.0
109.0 113.0
133.0 113.0
255.0 118.0
110.0 118.0
255.0 119.0
170.0 122.0
136.0 124.0
129.0 129.0
126.0 130.0
131.0 131.0
141.0 131.0
255.0 134.0
157.0 135.0
140.0 135.0
136.0 136.0
145.0 138.0
143.0 140.0
125.0 141.0
142.0 142.0
150.0 143.0
155.0 145.0
150.0 146.0
255.0 146.0
147.0 147.0
146.0 148.0
150.0 150.0
141.0 150.0
150.0 151.0
158.0 151.0
178.0 152.0
152.0 153.0
153.0 153.0
153.0 157.0
159.0 158.0
167.0 160.0
160.0 160.0
162.0 163.0
165.0 165.0
169.0 169.0
255.0 192.0
174.0 193.0
142.0 255.0
146.0 255.0
160.0 255.0
255.0 255.0
