65.0 69.0
156.0 155.0
147.0 158.0
255.0 159.0
164.0 163.0
255.0 171.0
171.0 171.0
174.0 172.0
255.0 173.0
178.0 175.0
179.0 175.0
182.0 176.0
188.0 178.0
183.0 180.0
174.0 181.0
184.0 182.0
188.0 185.0
185.0 186.0
190.0 186.0
202.0 188.0
190.0 188.0
200.0 190.0
196.0 196.0
204.0 198.0
171.0 200.0
199.0 201.0
205.0 201.0
204.0 204.0
199.0 205.0
210.0 207.0
207.0 208.0
188.0 208.0
207.0 208.0
212.0 210.0
203.0 255.0
159.0 255.0
166.0 255.0
146.0 255.0
149.0 255.0
197.0 255.0
