123.0 0.0
97.0 0.0
255.0 0.0
177.0 0.0
122.0 0.0
255.0 0.0
82.0 58.0
84.0 58.0
83.0 71.0
78.0 74.0
81.0 78.0
103.0 79.0
88.0 85.0
91.0 88.0
76.0 88.0
101.0 88.0
80.0 88.0
103.0 89.0
95.0 91.0
137.0 91.0
0.0 91.0
255.0 92.0
97.0 92.0
97.0 93.0
98.0 93.0
94.0 93.0
106.0 94.0
97.0 94.0
104.0 95.0
100.0 95.0
0.0 96.0
99.0 97.0
87.0 98.0
105.0 98.0
97.0 98.0
100.0 98.0
106.0 99.0
0.0 100.0
99.0 100.0
103.0 100.0
99.0 101.0
76.0 101.0
104.0 101.0
104.0 102.0
255.0 102.0
105.0 103.0
104.0 103.0
104.0 103.0
100.0 103.0
107.0 104.0
108.0 104.0
105.0 104.0
110.0 104.0
106.0 105.0
104.0 105.0
105.0 105.0
104.0 105.0
106.0 105.0
103.0 105.0
112.0 105.0
104.0 106.0
102.0 106.0
107.0 106.0
107.0 106.0
107.0 106.0
106.0 106.0
106.0 106.0
118.0 106.0
0.0 106.0
114.0 106.0
102.0 106.0
111.0 107.0
255.0 107.0
106.0 107.0
108.0 107.0
107.0 107.0
104.0 107.0
106.0 107.0
108.0 107.0
108.0 108.0
107.0 108.0
107.0 108.0
109.0 108.0
110.0 108.0
255.0 108.0
106.0 108.0
106.0 108.0
111.0 108.0
0.0 108.0
109.0 109.0
110.0 109.0
106.0 109.0
97.0 109.0
110.0 109.0
113.0 110.0
106.0 110.0
108.0 111.0
107.0 111.0
111.0 111.0
117.0 111.0
113.0 111.0
112.0 111.0
115.0 112.0
107.0 112.0
111.0 112.0
111.0 112.0
117.0 112.0
110.0 113.0
110.0 113.0
112.0 113.0
115.0 113.0
105.0 113.0
99.0 114.0
102.0 114.0
108.0 114.0
114.0 115.0
113.0 116.0
0.0 116.0
115.0 117.0
113.0 117.0
102.0 117.0
118.0 117.0
119.0 119.0
140.0 119.0
123.0 120.0
95.0 120.0
102.0 120.0
119.0 120.0
121.0 121.0
121.0 122.0
122.0 123.0
120.0 123.0
110.0 123.0
107.0 123.0
126.0 124.0
122.0 124.0
123.0 124.0
117.0 128.0
0.0 128.0
131.0 129.0
128.0 130.0
131.0 131.0
133.0 132.0
133.0 132.0
124.0 132.0
135.0 133.0
109.0 136.0
141.0 143.0
114.0 166.0
67.0 255.0
104.0 255.0
0.0 255.0
57.0 255.0
84.0 255.0
