131.0 0.0
125.0 0.0
123.0 0.0
143.0 0.0
145.0 0.0
66.0 53.0
70.0 59.0
44.0 69.0
100.0 82.0
86.0 85.0
97.0 85.0
101.0 90.0
106.0 99.0
112.0 101.0
77.0 102.0
103.0 103.0
106.0 104.0
112.0 105.0
108.0 106.0
115.0 106.0
112.0 107.0
101.0 107.0
109.0 108.0
0.0 108.0
109.0 108.0
112.0 109.0
109.0 109.0
106.0 109.0
104.0 110.0
76.0 110.0
110.0 112.0
118.0 115.0
114.0 116.0
116.0 116.0
123.0 121.0
127.0 121.0
119.0 128.0
134.0 128.0
128.0 130.0
0.0 132.0
141.0 138.0
0.0 143.0
145.0 144.0
146.0 145.0
140.0 149.0
153.0 151.0
