90.0 91.0
173.0 165.0
187.0 166.0
255.0 170.0
185.0 171.0
187.0 181.0
182.0 181.0
186.0 185.0
188.0 186.0
190.0 186.0
190.0 188.0
187.0 189.0
194.0 189.0
192.0 189.0
195.0 189.0
191.0 190.0
192.0 191.0
192.0 191.0
197.0 192.0
195.0 192.0
193.0 193.0
188.0 193.0
192.0 193.0
194.0 195.0
199.0 195.0
196.0 195.0
195.0 197.0
206.0 198.0
194.0 198.0
197.0 198.0
204.0 199.0
197.0 199.0
205.0 199.0
197.0 204.0
200.0 206.0
207.0 207.0
191.0 255.0
195.0 255.0
255.0 255.0
166.0 255.0
