122.0 0.0
118.0 0.0
115.0 0.0
67.0 51.0
56.0 55.0
255.0 56.0
255.0 56.0
62.0 58.0
60.0 59.0
55.0 59.0
62.0 59.0
60.0 59.0
0.0 60.0
72.0 60.0
255.0 61.0
255.0 61.0
65.0 63.0
255.0 63.0
69.0 65.0
83.0 66.0
69.0 70.0
71.0 70.0
72.0 71.0
73.0 71.0
255.0 74.0
72.0 77.0
255.0 78.0
82.0 80.0
72.0 80.0
255.0 81.0
109.0 82.0
0.0 88.0
71.0 90.0
61.0 92.0
87.0 100.0
67.0 104.0
104.0 106.0
87.0 107.0
99.0 107.0
111.0 109.0
96.0 109.0
88.0 111.0
102.0 112.0
89.0 114.0
88.0 115.0
117.0 115.0
97.0 118.0
97.0 118.0
94.0 119.0
112.0 124.0
113.0 131.0
0.0 255.0
62.0 255.0
59.0 255.0
