68.0 64.0
0.0 74.0
76.0 79.0
58.0 83.0
59.0 111.0
59.0 114.0
98.0 124.0
105.0 133.0
59.0 255.0
57.0 255.0
0.0 255.0
0.0 255.0
0.0 255.0
91.0 255.0
87.0 255.0
49.0 255.0
58.0 255.0
59.0 255.0
0.0 255.0
61.0 255.0
0.0 255.0
52.0 255.0
0.0 255.0
71.0 255.0
63.0 255.0
94.0 255.0
67.0 255.0
58.0 255.0
51.0 255.0
55.0 255.0
0.0 255.0
60.0 255.0
0.0 255.0
63.0 255.0
58.0 255.0
132.0 255.0
61.0 255.0
57.0 255.0
67.0 255.0
66.0 255.0
80.0 255.0
60.0 255.0
98.0 255.0
86.0 255.0
