87.0 0.0
97.0 0.0
78.0 64.0
51.0 64.0
78.0 81.0
68.0 82.0
88.0 82.0
75.0 84.0
76.0 88.0
101.0 88.0
97.0 90.0
112.0 94.0
0.0 96.0
103.0 99.0
134.0 101.0
105.0 104.0
99.0 105.0
101.0 106.0
121.0 107.0
82.0 110.0
0.0 111.0
110.0 111.0
113.0 112.0
110.0 112.0
92.0 113.0
116.0 113.0
121.0 119.0
0.0 119.0
123.0 120.0
121.0 120.0
121.0 120.0
68.0 120.0
0.0 124.0
0.0 124.0
120.0 125.0
120.0 128.0
133.0 129.0
128.0 131.0
133.0 132.0
0.0 132.0
0.0 132.0
124.0 132.0
0.0 133.0
134.0 133.0
0.0 133.0
108.0 135.0
131.0 136.0
133.0 136.0
107.0 139.0
0.0 139.0
140.0 140.0
0.0 141.0
0.0 145.0
140.0 146.0
0.0 146.0
147.0 147.0
147.0 149.0
0.0 153.0
0.0 154.0
0.0 155.0
156.0 155.0
92.0 165.0
0.0 168.0
93.0 188.0
80.0 255.0
