52.0 52.0
181.0 159.0
168.0 168.0
172.0 169.0
174.0 170.0
172.0 171.0
255.0 172.0
174.0 174.0
178.0 174.0
177.0 175.0
181.0 177.0
178.0 177.0
182.0 178.0
187.0 179.0
175.0 180.0
182.0 180.0
185.0 181.0
178.0 182.0
255.0 182.0
182.0 182.0
186.0 183.0
182.0 183.0
184.0 183.0
187.0 184.0
190.0 186.0
181.0 188.0
188.0 189.0
188.0 189.0
192.0 191.0
189.0 192.0
197.0 193.0
198.0 197.0
196.0 197.0
197.0 198.0
255.0 201.0
212.0 211.0
170.0 255.0
172.0 255.0
173.0 255.0
