175.0 0.0
167.0 0.0
148.0 0.0
201.0 0.0
123.0 0.0
95.0 0.0
129.0 0.0
146.0 0.0
68.0 53.0
90.0 71.0
89.0 74.0
82.0 74.0
92.0 87.0
87.0 88.0
131.0 93.0
83.0 96.0
0.0 100.0
104.0 101.0
101.0 106.0
104.0 110.0
112.0 111.0
137.0 113.0
255.0 115.0
123.0 120.0
135.0 123.0
125.0 124.0
135.0 127.0
120.0 128.0
124.0 128.0
0.0 132.0
135.0 133.0
137.0 137.0
141.0 139.0
143.0 141.0
140.0 141.0
136.0 143.0
147.0 144.0
151.0 144.0
143.0 145.0
148.0 147.0
171.0 168.0
133.0 170.0
202.0 203.0
107.0 255.0
