135.0 0.0
131.0 0.0
255.0 0.0
125.0 0.0
124.0 0.0
143.0 0.0
143.0 0.0
155.0 0.0
142.0 0.0
154.0 0.0
158.0 0.0
156.0 0.0
156.0 0.0
77.0 0.0
169.0 0.0
151.0 0.0
151.0 0.0
144.0 0.0
144.0 0.0
134.0 0.0
0.0 0.0
114.0 0.0
140.0 0.0
150.0 0.0
154.0 0.0
163.0 0.0
122.0 0.0
255.0 57.0
255.0 63.0
137.0 73.0
149.0 82.0
152.0 83.0
130.0 91.0
97.0 94.0
99.0 100.0
107.0 107.0
255.0 108.0
107.0 110.0
112.0 114.0
150.0 125.0
129.0 130.0
134.0 134.0
144.0 139.0
139.0 140.0
155.0 155.0
157.0 156.0
