0.0 0.0
78.0 0.0
113.0 0.0
0.0 0.0
129.0 0.0
115.0 0.0
62.0 0.0
92.0 0.0
75.0 0.0
0.0 0.0
119.0 0.0
145.0 0.0
131.0 0.0
87.0 0.0
68.0 0.0
92.0 0.0
99.0 0.0
78.0 0.0
0.0 0.0
51.0 0.0
174.0 0.0
145.0 0.0
0.0 0.0
107.0 0.0
55.0 42.0
56.0 43.0
43.0 44.0
61.0 46.0
46.0 46.0
0.0 46.0
45.0 47.0
57.0 48.0
128.0 53.0
52.0 54.0
45.0 54.0
52.0 57.0
0.0 57.0
65.0 58.0
70.0 59.0
72.0 59.0
67.0 60.0
88.0 60.0
88.0 62.0
66.0 63.0
59.0 63.0
0.0 68.0
90.0 68.0
44.0 69.0
71.0 70.0
83.0 74.0
77.0 76.0
94.0 76.0
77.0 78.0
106.0 78.0
83.0 80.0
86.0 80.0
106.0 80.0
0.0 81.0
97.0 81.0
59.0 84.0
91.0 84.0
0.0 93.0
101.0 94.0
109.0 97.0
0.0 98.0
105.0 102.0
105.0 103.0
108.0 107.0
113.0 110.0
0.0 110.0
112.0 112.0
109.0 113.0
119.0 114.0
91.0 118.0
0.0 129.0
0.0 130.0
0.0 140.0
0.0 141.0
0.0 143.0
145.0 144.0
0.0 144.0
0.0 147.0
0.0 149.0
