129.0 0.0
255.0 58.0
55.0 59.0
51.0 64.0
121.0 82.0
110.0 82.0
255.0 96.0
98.0 98.0
90.0 105.0
255.0 109.0
135.0 110.0
110.0 111.0
110.0 117.0
121.0 119.0
111.0 124.0
0.0 127.0
128.0 128.0
130.0 129.0
132.0 130.0
129.0 131.0
131.0 132.0
129.0 132.0
133.0 133.0
124.0 133.0
130.0 134.0
123.0 139.0
142.0 140.0
142.0 142.0
143.0 144.0
153.0 144.0
145.0 147.0
147.0 147.0
148.0 149.0
118.0 149.0
147.0 149.0
255.0 150.0
141.0 151.0
200.0 153.0
121.0 154.0
159.0 156.0
160.0 159.0
152.0 159.0
103.0 161.0
132.0 163.0
135.0 174.0
138.0 183.0
154.0 184.0
93.0 188.0
160.0 191.0
180.0 192.0
110.0 255.0
146.0 255.0
127.0 255.0
97.0 255.0
113.0 255.0
161.0 255.0
138.0 255.0
146.0 255.0
196.0 255.0
129.0 255.0
0.0 255.0
68.0 255.0
