192.0 0.0
212.0 0.0
61.0 59.0
191.0 126.0
255.0 131.0
139.0 136.0
138.0 142.0
255.0 142.0
155.0 148.0
176.0 148.0
149.0 151.0
153.0 151.0
151.0 152.0
255.0 153.0
255.0 154.0
255.0 154.0
255.0 156.0
159.0 157.0
163.0 157.0
255.0 158.0
159.0 159.0
159.0 159.0
255.0 159.0
156.0 160.0
160.0 161.0
164.0 163.0
255.0 163.0
162.0 163.0
138.0 164.0
122.0 165.0
169.0 167.0
159.0 167.0
179.0 168.0
175.0 170.0
166.0 171.0
187.0 173.0
255.0 177.0
178.0 183.0
169.0 185.0
255.0 188.0
197.0 194.0
205.0 212.0
211.0 214.0
160.0 255.0
143.0 255.0
157.0 255.0
160.0 255.0
255.0 255.0
167.0 255.0
114.0 255.0
