255.0 0.0
146.0 0.0
80.0 56.0
66.0 59.0
255.0 61.0
69.0 62.0
63.0 65.0
67.0 66.0
65.0 67.0
255.0 69.0
107.0 73.0
255.0 74.0
81.0 75.0
255.0 75.0
72.0 77.0
78.0 79.0
78.0 79.0
69.0 80.0
83.0 80.0
53.0 80.0
255.0 81.0
132.0 84.0
81.0 85.0
0.0 85.0
88.0 85.0
98.0 86.0
70.0 86.0
83.0 87.0
73.0 90.0
71.0 90.0
93.0 92.0
95.0 92.0
88.0 94.0
90.0 94.0
89.0 95.0
97.0 96.0
80.0 97.0
97.0 98.0
84.0 98.0
98.0 99.0
105.0 100.0
97.0 100.0
89.0 101.0
86.0 101.0
78.0 102.0
103.0 103.0
102.0 103.0
84.0 103.0
103.0 104.0
106.0 104.0
104.0 104.0
99.0 105.0
105.0 105.0
88.0 105.0
0.0 106.0
54.0 106.0
104.0 106.0
0.0 107.0
105.0 107.0
105.0 107.0
93.0 109.0
109.0 109.0
116.0 110.0
96.0 110.0
69.0 110.0
81.0 110.0
108.0 111.0
114.0 112.0
116.0 114.0
88.0 114.0
100.0 116.0
83.0 119.0
100.0 121.0
92.0 124.0
98.0 124.0
122.0 127.0
85.0 128.0
128.0 131.0
123.0 131.0
83.0 137.0
111.0 142.0
143.0 169.0
76.0 255.0
72.0 255.0
83.0 255.0
0.0 255.0
78.0 255.0
58.0 255.0
61.0 255.0
