66.0 0.0
107.0 102.0
126.0 123.0
134.0 131.0
255.0 132.0
131.0 132.0
166.0 134.0
255.0 134.0
138.0 134.0
255.0 135.0
255.0 135.0
137.0 136.0
255.0 136.0
255.0 138.0
255.0 139.0
141.0 142.0
142.0 143.0
146.0 144.0
143.0 144.0
148.0 146.0
149.0 147.0
160.0 147.0
149.0 147.0
148.0 147.0
146.0 148.0
255.0 150.0
154.0 153.0
153.0 153.0
146.0 153.0
154.0 154.0
154.0 154.0
155.0 154.0
158.0 155.0
153.0 159.0
162.0 160.0
159.0 167.0
164.0 167.0
181.0 176.0
179.0 176.0
183.0 179.0
184.0 184.0
185.0 184.0
161.0 185.0
204.0 203.0
135.0 255.0
134.0 255.0
131.0 255.0
139.0 255.0
156.0 255.0
158.0 255.0
255.0 255.0
255.0 255.0
112.0 255.0
156.0 255.0
138.0 255.0
150.0 255.0
