59.0 55.0
255.0 137.0
255.0 144.0
155.0 153.0
153.0 153.0
180.0 153.0
164.0 164.0
171.0 165.0
178.0 165.0
166.0 165.0
167.0 166.0
174.0 171.0
174.0 171.0
170.0 171.0
175.0 174.0
183.0 175.0
255.0 176.0
178.0 178.0
179.0 181.0
176.0 183.0
180.0 185.0
176.0 186.0
185.0 186.0
191.0 188.0
192.0 190.0
194.0 191.0
201.0 193.0
200.0 197.0
197.0 199.0
199.0 199.0
199.0 199.0
198.0 200.0
200.0 200.0
205.0 203.0
204.0 203.0
205.0 203.0
206.0 204.0
203.0 204.0
202.0 205.0
199.0 205.0
205.0 205.0
207.0 207.0
217.0 214.0
154.0 255.0
167.0 255.0
