0.0 64.0
187.0 191.0
197.0 191.0
200.0 191.0
199.0 192.0
255.0 192.0
206.0 193.0
255.0 193.0
255.0 196.0
199.0 197.0
198.0 197.0
200.0 197.0
203.0 198.0
255.0 198.0
199.0 198.0
200.0 198.0
196.0 199.0
201.0 199.0
207.0 200.0
201.0 200.0
201.0 200.0
201.0 201.0
204.0 201.0
200.0 202.0
203.0 202.0
202.0 202.0
200.0 203.0
202.0 203.0
205.0 203.0
201.0 203.0
206.0 203.0
202.0 204.0
202.0 204.0
203.0 204.0
205.0 204.0
203.0 204.0
204.0 205.0
255.0 205.0
202.0 206.0
204.0 206.0
200.0 206.0
206.0 207.0
208.0 207.0
204.0 207.0
255.0 210.0
212.0 212.0
201.0 255.0
