89.0 0.0
191.0 0.0
222.0 0.0
255.0 0.0
209.0 0.0
255.0 156.0
0.0 161.0
166.0 163.0
187.0 166.0
255.0 170.0
168.0 171.0
185.0 171.0
178.0 176.0
204.0 179.0
187.0 181.0
182.0 181.0
185.0 183.0
188.0 184.0
197.0 185.0
186.0 185.0
188.0 186.0
190.0 186.0
190.0 188.0
187.0 189.0
194.0 189.0
255.0 189.0
192.0 189.0
195.0 189.0
191.0 190.0
202.0 190.0
187.0 191.0
197.0 191.0
197.0 191.0
200.0 191.0
192.0 191.0
192.0 191.0
199.0 192.0
197.0 192.0
255.0 192.0
195.0 192.0
193.0 193.0
188.0 193.0
206.0 193.0
193.0 193.0
192.0 193.0
255.0 193.0
201.0 193.0
255.0 194.0
193.0 194.0
194.0 195.0
199.0 195.0
196.0 195.0
197.0 196.0
255.0 196.0
195.0 196.0
0.0 196.0
195.0 197.0
199.0 197.0
200.0 197.0
193.0 197.0
198.0 197.0
200.0 197.0
206.0 198.0
203.0 198.0
255.0 198.0
194.0 198.0
197.0 198.0
199.0 198.0
200.0 198.0
196.0 199.0
204.0 199.0
201.0 199.0
201.0 199.0
201.0 199.0
197.0 199.0
200.0 199.0
205.0 199.0
255.0 199.0
207.0 200.0
207.0 200.0
197.0 200.0
171.0 200.0
201.0 200.0
201.0 200.0
200.0 200.0
200.0 200.0
201.0 200.0
197.0 201.0
255.0 201.0
199.0 201.0
201.0 201.0
201.0 201.0
204.0 201.0
205.0 202.0
207.0 202.0
255.0 202.0
201.0 202.0
200.0 202.0
203.0 202.0
204.0 202.0
202.0 202.0
255.0 202.0
203.0 202.0
206.0 203.0
206.0 203.0
200.0 203.0
202.0 203.0
204.0 203.0
205.0 203.0
201.0 203.0
206.0 203.0
202.0 204.0
197.0 204.0
202.0 204.0
203.0 204.0
205.0 204.0
203.0 204.0
208.0 204.0
205.0 205.0
205.0 205.0
204.0 205.0
210.0 205.0
205.0 205.0
0.0 205.0
255.0 205.0
255.0 206.0
202.0 206.0
200.0 206.0
0.0 206.0
207.0 206.0
204.0 206.0
200.0 206.0
206.0 207.0
208.0 207.0
210.0 207.0
207.0 207.0
204.0 207.0
208.0 207.0
207.0 207.0
208.0 207.0
207.0 207.0
210.0 208.0
210.0 208.0
209.0 209.0
211.0 209.0
211.0 209.0
255.0 210.0
212.0 210.0
255.0 210.0
212.0 211.0
206.0 211.0
210.0 211.0
255.0 211.0
213.0 212.0
220.0 212.0
212.0 212.0
214.0 213.0
212.0 213.0
218.0 213.0
215.0 213.0
212.0 214.0
216.0 214.0
220.0 215.0
217.0 216.0
0.0 224.0
191.0 255.0
194.0 255.0
195.0 255.0
163.0 255.0
217.0 255.0
201.0 255.0
255.0 255.0
212.0 255.0
210.0 255.0
166.0 255.0
