1.0 30.174315942023224
2.0 31.694291606075435
3.0 31.08200361877416
4.0 30.088412963751054
5.0 29.317592215830963
6.0 28.534944197733584
7.0 28.177440672999197
8.0 27.847941181895518
9.0 27.42828261575812
10.0 27.178480685092566
11.0 26.9632458260554
12.0 26.78241242120504
13.0 26.6644607694653
14.0 26.479716393039
15.0 26.40240052782341
16.0 26.323466252066495
17.0 26.263016338015174
18.0 26.191304149428124
19.0 26.141247662750068
20.0 26.098868063454294
21.0 26.058120665351886
22.0 26.030203990521223
23.0 26.009987967107264
24.0 25.984642522970063
25.0 25.962568154507156
26.0 25.951477873369782
27.0 25.936409636113236
28.0 25.919457311702526
29.0 25.911720502622252
30.0 25.90496244698704
31.0 25.89867418126383
32.0 25.89209559331394
33.0 25.886321576446395
34.0 25.88296153179986
35.0 25.879765376262842
36.0 25.87653641975121
37.0 25.87423367959078
38.0 25.871978037925842
39.0 25.870062753024243
40.0 25.868732962830723
41.0 25.86750058770887
42.0 25.866522143987627
43.0 25.86560819376266
44.0 25.864804137580354
45.0 25.864225610333534
46.0 25.863730663374685
47.0 25.863050933688655
48.0 25.862711094788867
49.0 25.86234173169866
50.0 25.862105258839346
