55.73249542970152 50.08531688350642
54.67281192383245 51.62599360568528
47.83040502306452 51.70354499358915
55.43641852040502 54.67378479129696
63.54948024559413 56.89670757040749
54.96198807445104 58.0285901023616
78.3941556692075 60.34013209889778
60.706474855318326 61.21764078219275
60.391529042354556 63.2789899249377
58.62043018296032 63.64076073029798
84.51587876757287 64.5769765709763
67.18135637068191 65.48148652761085
67.98250021791527 67.79551537448053
72.18056513277753 70.08643693764981
64.8671134126354 70.39975842952367
68.11154789340694 71.4334263301466
67.67518179320287 72.41026595049874
70.90110882112626 72.66187340113522
69.65820995901029 73.36390730183612
80.93450112476125 74.21581245621911
64.82262259472161 76.20980105659731
95.63345275302241 77.86911170728999
80.5994759161659 78.19492005243649
81.44648864987289 78.62103630560676
69.39791915102835 80.03595448572526
81.94820190372212 81.7020647492016
94.66122114946836 82.25937959782209
61.112613865287535 83.96812547764436
86.7624169006365 87.05983519809507
66.3240093936573 89.8534222980187
96.34957431878564 90.1021556175081
80.50612218739614 92.22006252021608
89.11431448099542 93.41370415396469
100.1336237726378 94.76470141557651
113.7412100335072 96.37183325459479
104.85483459721328 96.51473513998586
97.87770374763326 96.56638790028208
94.2925625638443 98.51418910198007
116.37189682901419 99.98450865864389
121.75362411039936 100.4243000515313
85.76635909026996 100.81751802290172
74.8497913834715 101.93371541194523
108.72245751264883 103.91829887096334
109.15924694719037 104.10086526914485
105.1861696960162 105.10947094769142
127.49153865374387 108.85573550538145
134.12886029248517 109.92031659933826
119.11601542953585 110.12343728220391
111.12972591895812 110.62097330807238
115.86891153505158 116.40698686083263
118.11017660827758 116.55567252451802
116.61150882468024 118.51496049484365
111.39061708204532 119.45913413628101
112.58127735684707 119.6252536796231
111.22820049178435 121.18012832452445
105.67226126638884 121.64187127248152
134.37842460168474 121.72716901992251
128.33023168178016 122.27285454864594
122.44246494544338 122.29239625734358
127.61127916743445 122.69140829685968
127.03910619059135 123.19826005769112
96.06278046281287 124.0438867107221
125.49894596898285 125.87048110497486
126.93216774830337 126.65384164682659
128.9970962489532 127.53452045095499
132.47830800274997 127.8670377823262
128.13747333537512 128.47414207699282
130.77698054874108 129.91952823851724
134.5211848807705 131.25672124301073
130.0790713899141 132.62263496158621
141.1928458896707 132.81318791772523
134.81283484572407 132.89763550884012
126.41023976764961 133.32351388910416
86.67598760975086 134.8799418793764
82.78257249674476 135.43816386225592
143.18033664773637 138.57893710893097
134.25764932747717 139.19906940066318
167.1737759165918 140.280844790915
135.31560530346167 141.65804359246735
143.18055601131684 142.56268668549768
143.02873415333806 142.7594558276473
137.81822317717135 145.8494871382892
150.17912640115182 146.70543263695654
143.51995041595586 147.4585429681224
154.7230570166473 147.84881880101773
140.63161973803102 151.91095903575473
170.08098273135772 152.36290504044482
152.9796990598368 152.5569607711548
193.55293973031954 152.7794640569649
157.49891863769568 155.19120142319093
108.51683994799734 156.38898175395371
160.64892972109828 158.05341115557846
160.42754421383196 160.21748586110922
157.0261430493959 161.07411224907588
177.09742848121172 161.14910061032367
140.9456339521625 165.31983355730685
167.98644228900181 165.6420651091967
163.72699975292383 166.09816104017958
201.96606950699962 168.56470838413168
171.41996501991645 170.34693978389382
140.1989590582269 170.4565033220662
162.69405104530674 171.08639088201306
173.35500445573618 171.27774148623809
157.55267462747133 172.17008928107808
174.8122085939472 172.75500725322746
169.2080302075621 172.76533804243672
174.849852857251 172.8935148452726
181.36935640249536 173.78310565616874
178.41526513260692 177.42481800725892
144.86176613656207 177.78403827530838
192.31907480547326 179.9073799565938
184.01525093858868 181.87035752525003
102.75538976914912 184.4820971619031
185.73129423643834 184.65167351780562
200.99373692954762 190.16408643894684
194.04031226522616 190.72097447760285
193.87737263394638 190.77108033017507
195.99195547869348 196.90659917951606
187.01449392958367 197.30819188575546
196.98861094881389 201.60420896123006
201.18216120501776 201.81799612919332
206.5550639011884 201.8536175965913
202.60791943290394 201.99958514207313
200.9742410429229 202.32348902219343
207.01945619869394 209.4658246475869
213.37974965915072 210.09708407325203
215.78705056330037 215.5321867455308
218.00105497551036 220.60799789263814
