94.0 53.0
64.0 67.0
74.0 70.0
98.0 82.0
82.0 87.0
86.0 89.0
116.0 91.0
109.0 95.0
100.0 95.0
92.0 95.0
91.0 96.0
73.0 104.0
99.0 105.0
119.0 106.0
115.0 107.0
127.0 108.0
109.0 110.0
105.0 111.0
99.0 112.0
99.0 114.0
98.0 114.0
54.0 115.0
79.0 115.0
96.0 116.0
94.0 116.0
113.0 118.0
95.0 122.0
117.0 123.0
118.0 124.0
145.0 126.0
114.0 127.0
138.0 127.0
129.0 130.0
119.0 136.0
143.0 141.0
156.0 145.0
108.0 146.0
120.0 148.0
106.0 150.0
177.0 159.0
140.0 160.0
170.0 186.0
