101.0 100.0
172.0 150.0
166.0 155.0
167.0 157.0
165.0 159.0
184.0 161.0
169.0 162.0
170.0 166.0
167.0 168.0
181.0 169.0
176.0 169.0
173.0 170.0
186.0 170.0
169.0 170.0
172.0 171.0
184.0 172.0
173.0 172.0
185.0 173.0
175.0 173.0
183.0 173.0
147.0 174.0
175.0 174.0
178.0 174.0
174.0 175.0
179.0 175.0
178.0 175.0
179.0 176.0
181.0 176.0
179.0 176.0
184.0 176.0
183.0 176.0
174.0 177.0
182.0 177.0
183.0 177.0
173.0 178.0
179.0 178.0
182.0 178.0
180.0 178.0
166.0 179.0
179.0 179.0
169.0 179.0
185.0 180.0
186.0 180.0
185.0 180.0
180.0 180.0
191.0 181.0
183.0 181.0
190.0 182.0
183.0 182.0
181.0 182.0
187.0 182.0
187.0 182.0
185.0 182.0
186.0 182.0
182.0 182.0
190.0 183.0
190.0 183.0
187.0 183.0
187.0 183.0
180.0 183.0
184.0 184.0
180.0 184.0
189.0 184.0
190.0 184.0
181.0 184.0
186.0 184.0
184.0 184.0
183.0 184.0
185.0 184.0
187.0 185.0
179.0 185.0
180.0 185.0
188.0 185.0
192.0 185.0
188.0 185.0
183.0 185.0
188.0 185.0
188.0 185.0
185.0 186.0
180.0 186.0
193.0 186.0
189.0 186.0
185.0 186.0
188.0 186.0
188.0 186.0
186.0 186.0
171.0 186.0
167.0 187.0
189.0 187.0
192.0 187.0
187.0 187.0
184.0 187.0
189.0 187.0
180.0 187.0
190.0 187.0
181.0 188.0
187.0 188.0
192.0 188.0
181.0 188.0
189.0 188.0
189.0 189.0
187.0 189.0
186.0 189.0
193.0 189.0
192.0 189.0
188.0 189.0
194.0 189.0
185.0 189.0
187.0 190.0
197.0 190.0
192.0 190.0
189.0 190.0
191.0 191.0
193.0 191.0
179.0 191.0
177.0 191.0
190.0 191.0
187.0 191.0
193.0 191.0
195.0 192.0
196.0 192.0
192.0 192.0
195.0 192.0
193.0 193.0
190.0 193.0
189.0 193.0
196.0 193.0
190.0 193.0
196.0 193.0
191.0 193.0
187.0 194.0
200.0 194.0
200.0 194.0
192.0 194.0
194.0 194.0
194.0 194.0
191.0 194.0
192.0 195.0
200.0 195.0
186.0 195.0
195.0 195.0
199.0 195.0
191.0 195.0
194.0 196.0
195.0 196.0
197.0 196.0
194.0 197.0
203.0 197.0
199.0 198.0
200.0 198.0
200.0 198.0
201.0 198.0
197.0 198.0
197.0 199.0
205.0 199.0
200.0 200.0
198.0 200.0
203.0 202.0
202.0 204.0
191.0 204.0
218.0 207.0
198.0 207.0
209.0 213.0
