49.34454906455085 46.09966916095049
65.11568918443938 49.12926471520533
57.21789089123974 54.22571741812074
64.50723169965293 64.91339414846294
64.39087177741422 67.15538469086098
76.54670337037018 68.70420748466888
64.99934297191153 72.12692477312785
76.8137944448684 74.29193245200261
74.36418401954508 76.10731661581374
67.81058542272987 78.10152375810311
75.46940305144608 79.70869627818236
69.48342958310616 80.0667247154082
83.91899157805817 80.19762689671663
89.8973416139909 82.39852054571675
106.58707311807056 96.68726074773669
93.37384488840247 98.02555901448757
84.39020393016148 99.15533919934285
74.53765612321219 102.04496784331198
86.98412075125934 102.67032195266314
108.24472647301164 103.09457235043767
111.20197482023794 103.31366018502484
106.75261469084279 103.55150584625451
105.00787977983981 104.93922712508514
115.76180406076519 109.42284538641569
211.03438959725818 113.28052013709073
124.76928919664812 115.15104720823015
112.91513373494776 116.20283185207425
111.80398849828235 117.84112219629569
119.34638945055454 117.90607684721438
129.63608667629438 118.82824961217206
116.66851293837065 120.59019677427739
135.56375889757743 123.11903201053795
130.08171030137768 126.09805957574726
128.56890670593586 127.24680130816944
131.15945140551037 130.2777808255529
129.9784228429545 132.4424876363381
129.9246651577229 134.25296202673493
82.9423399151367 135.5145403114545
138.26589264810164 138.45928588544785
127.59302965277962 140.35092930521375
158.84941685151625 142.1804155707813
143.26078357763686 142.51070529088227
120.52381263509976 145.01390934757663
145.51022716115247 149.23202921806933
137.70535130879134 150.50569528297916
160.07024650167162 150.91418129718573
156.2424718893985 151.8086933451364
155.50526191196371 154.71478809356475
158.8823121616978 164.1515841009911
170.94438891733947 167.02567934263266
166.89980778145863 168.6882358352947
170.80163830759525 169.5292135441477
108.98444399964453 169.96002203691432
183.21806833963436 174.09571506589538
177.12310442564015 175.0254003780167
173.19696267815226 177.3429626057319
182.31220796624973 180.67299818834394
217.36920765137023 187.1287784089687
196.61083098066126 192.2413636654271
168.19752447136725 193.85047251840888
199.23697072005908 197.67673306209065
198.8231154916765 200.27847048034354
201.87084540003377 201.0130522608031
210.85730222467004 212.88895702481966
