1.0 92.94106026940229
2.0 91.61088045720962
3.0 90.23898012239172
4.0 88.61162486854091
5.0 87.34988134902453
6.0 86.42594024819532
7.0 85.57575028625753
8.0 84.98589492205109
9.0 84.03144244023139
10.0 83.51777200054612
11.0 83.17832543009406
12.0 82.59647818560344
13.0 82.27420277890843
14.0 82.31286900099946
15.0 82.12591832199124
16.0 81.93901301704172
17.0 81.74065697009327
18.0 81.67124408636059
19.0 81.50535036293726
20.0 81.47118903141292
21.0 81.23401326995257
22.0 81.12641224162532
23.0 81.224835046346
24.0 81.16206646124817
25.0 81.10020547165719
26.0 81.04022943316261
27.0 81.03050198846337
28.0 80.98780302262094
29.0 80.95866613938738
30.0 80.96190000746029
31.0 80.94571310614525
32.0 80.92558384532886
33.0 80.91896719521625
34.0 80.91316450825784
35.0 80.89973822861366
36.0 80.90356719863159
37.0 80.90353936938895
38.0 80.89820891431297
39.0 80.90091617561738
40.0 80.89321829614966
41.0 80.88464370555953
42.0 80.87886367409108
43.0 80.87195820386549
44.0 80.86740515302893
45.0 80.86576479545032
46.0 80.86604606730117
47.0 80.86664873235269
48.0 80.86382094621598
49.0 80.86296383694695
50.0 80.8624975138063
