133.0 80.0
87.0 86.0
114.0 101.0
130.0 105.0
140.0 108.0
59.0 110.0
119.0 112.0
117.0 112.0
98.0 114.0
114.0 114.0
120.0 114.0
118.0 115.0
139.0 115.0
148.0 116.0
118.0 117.0
161.0 118.0
111.0 118.0
129.0 119.0
154.0 119.0
116.0 120.0
123.0 120.0
105.0 121.0
136.0 121.0
132.0 121.0
138.0 121.0
140.0 122.0
117.0 122.0
138.0 122.0
132.0 122.0
130.0 122.0
110.0 123.0
127.0 123.0
125.0 123.0
126.0 123.0
127.0 124.0
130.0 124.0
123.0 124.0
121.0 124.0
127.0 125.0
120.0 125.0
128.0 126.0
132.0 126.0
139.0 126.0
120.0 126.0
119.0 127.0
147.0 127.0
139.0 127.0
128.0 127.0
128.0 127.0
123.0 127.0
127.0 127.0
106.0 128.0
128.0 128.0
128.0 128.0
136.0 129.0
130.0 129.0
128.0 129.0
128.0 129.0
130.0 130.0
134.0 130.0
134.0 131.0
151.0 131.0
133.0 131.0
127.0 131.0
134.0 131.0
118.0 131.0
153.0 131.0
137.0 132.0
134.0 132.0
130.0 132.0
137.0 133.0
100.0 133.0
143.0 133.0
134.0 133.0
137.0 133.0
138.0 133.0
133.0 133.0
136.0 133.0
150.0 133.0
129.0 134.0
125.0 134.0
120.0 134.0
135.0 134.0
125.0 134.0
133.0 134.0
118.0 134.0
154.0 134.0
125.0 134.0
137.0 134.0
92.0 135.0
139.0 136.0
125.0 136.0
142.0 136.0
128.0 136.0
134.0 136.0
126.0 137.0
138.0 137.0
132.0 137.0
125.0 137.0
113.0 138.0
131.0 138.0
135.0 138.0
135.0 138.0
121.0 139.0
138.0 139.0
148.0 139.0
139.0 139.0
136.0 139.0
130.0 139.0
110.0 139.0
130.0 139.0
153.0 139.0
149.0 139.0
141.0 139.0
118.0 140.0
144.0 140.0
131.0 140.0
138.0 140.0
139.0 141.0
88.0 141.0
157.0 141.0
156.0 141.0
137.0 141.0
128.0 141.0
133.0 141.0
127.0 141.0
98.0 142.0
134.0 142.0
130.0 142.0
143.0 142.0
143.0 142.0
136.0 142.0
139.0 142.0
153.0 142.0
136.0 142.0
146.0 142.0
118.0 143.0
142.0 143.0
153.0 143.0
120.0 143.0
144.0 143.0
116.0 144.0
144.0 144.0
133.0 144.0
131.0 144.0
142.0 144.0
119.0 144.0
140.0 144.0
156.0 144.0
134.0 144.0
130.0 145.0
140.0 145.0
127.0 145.0
134.0 145.0
123.0 145.0
123.0 145.0
142.0 146.0
129.0 146.0
144.0 146.0
153.0 146.0
132.0 147.0
150.0 147.0
149.0 147.0
140.0 148.0
143.0 148.0
134.0 148.0
127.0 148.0
139.0 148.0
130.0 148.0
159.0 149.0
144.0 149.0
154.0 149.0
128.0 151.0
157.0 151.0
134.0 152.0
124.0 152.0
130.0 152.0
75.0 152.0
162.0 152.0
157.0 153.0
153.0 154.0
127.0 154.0
131.0 154.0
129.0 154.0
143.0 154.0
140.0 155.0
150.0 155.0
146.0 156.0
128.0 157.0
161.0 158.0
150.0 158.0
96.0 158.0
117.0 159.0
145.0 159.0
124.0 160.0
138.0 160.0
144.0 161.0
137.0 161.0
152.0 162.0
149.0 162.0
126.0 163.0
150.0 163.0
140.0 163.0
119.0 163.0
161.0 165.0
108.0 166.0
146.0 170.0
143.0 171.0
172.0 172.0
122.0 174.0
133.0 175.0
114.0 176.0
127.0 177.0
141.0 178.0
112.0 178.0
142.0 182.0
94.0 183.0
164.0 183.0
114.0 187.0
113.0 190.0
163.0 193.0
