105.0 93.0
110.0 101.0
87.0 102.0
138.0 104.0
107.0 106.0
102.0 106.0
133.0 109.0
126.0 109.0
110.0 110.0
106.0 111.0
102.0 111.0
95.0 112.0
96.0 112.0
114.0 112.0
123.0 113.0
107.0 114.0
114.0 115.0
105.0 116.0
128.0 117.0
120.0 119.0
133.0 119.0
112.0 120.0
113.0 121.0
99.0 122.0
108.0 122.0
106.0 122.0
110.0 122.0
120.0 123.0
116.0 123.0
110.0 124.0
125.0 124.0
108.0 125.0
107.0 125.0
116.0 125.0
104.0 125.0
110.0 125.0
114.0 125.0
113.0 126.0
122.0 126.0
105.0 126.0
124.0 127.0
121.0 127.0
121.0 127.0
117.0 127.0
83.0 128.0
123.0 128.0
119.0 128.0
116.0 130.0
128.0 132.0
120.0 132.0
137.0 137.0
111.0 137.0
131.0 137.0
115.0 137.0
139.0 138.0
115.0 139.0
109.0 141.0
139.0 141.0
84.0 141.0
134.0 142.0
126.0 145.0
117.0 147.0
105.0 147.0
106.0 156.0
109.0 159.0
132.0 162.0
113.0 166.0
106.0 168.0
