66.0 58.0
71.0 66.0
75.0 67.0
72.0 69.0
80.0 69.0
70.0 70.0
63.0 71.0
68.0 71.0
79.0 71.0
81.0 72.0
79.0 72.0
70.0 73.0
78.0 73.0
78.0 74.0
86.0 75.0
76.0 76.0
89.0 77.0
59.0 78.0
78.0 78.0
86.0 79.0
84.0 79.0
95.0 79.0
76.0 79.0
74.0 80.0
81.0 80.0
87.0 80.0
73.0 81.0
70.0 81.0
89.0 82.0
83.0 82.0
83.0 82.0
77.0 83.0
86.0 83.0
88.0 83.0
89.0 84.0
79.0 84.0
109.0 85.0
84.0 85.0
67.0 85.0
80.0 85.0
84.0 85.0
79.0 86.0
64.0 87.0
75.0 87.0
98.0 88.0
78.0 89.0
75.0 89.0
89.0 90.0
105.0 90.0
93.0 90.0
62.0 91.0
91.0 91.0
76.0 91.0
87.0 92.0
84.0 92.0
86.0 92.0
107.0 93.0
86.0 93.0
81.0 93.0
86.0 94.0
91.0 94.0
94.0 94.0
81.0 95.0
98.0 95.0
88.0 95.0
99.0 96.0
90.0 97.0
89.0 98.0
85.0 99.0
85.0 99.0
82.0 99.0
89.0 99.0
73.0 102.0
84.0 102.0
90.0 103.0
88.0 103.0
66.0 103.0
111.0 105.0
94.0 106.0
108.0 107.0
114.0 109.0
91.0 109.0
110.0 146.0
