41.0 38.0
89.0 45.0
56.0 45.0
109.0 46.0
58.0 49.0
57.0 51.0
65.0 52.0
33.0 56.0
113.0 57.0
69.0 58.0
53.0 58.0
103.0 59.0
63.0 59.0
134.0 59.0
129.0 60.0
73.0 60.0
58.0 60.0
114.0 61.0
93.0 61.0
67.0 61.0
56.0 61.0
142.0 61.0
114.0 62.0
68.0 62.0
83.0 63.0
59.0 63.0
149.0 63.0
82.0 64.0
109.0 64.0
129.0 65.0
93.0 65.0
84.0 65.0
68.0 65.0
101.0 65.0
65.0 66.0
89.0 66.0
104.0 66.0
122.0 66.0
72.0 66.0
77.0 66.0
72.0 67.0
105.0 68.0
145.0 69.0
71.0 69.0
51.0 70.0
90.0 70.0
71.0 70.0
59.0 70.0
68.0 70.0
83.0 70.0
78.0 70.0
76.0 71.0
70.0 71.0
88.0 72.0
59.0 73.0
105.0 73.0
107.0 73.0
94.0 73.0
104.0 74.0
89.0 74.0
73.0 74.0
75.0 75.0
53.0 75.0
82.0 75.0
79.0 76.0
92.0 76.0
98.0 76.0
80.0 76.0
76.0 76.0
84.0 76.0
78.0 76.0
94.0 76.0
84.0 77.0
98.0 77.0
117.0 77.0
132.0 77.0
89.0 78.0
89.0 78.0
112.0 78.0
115.0 78.0
87.0 78.0
104.0 78.0
102.0 78.0
62.0 79.0
70.0 79.0
80.0 79.0
87.0 79.0
94.0 79.0
80.0 79.0
117.0 80.0
95.0 80.0
78.0 80.0
82.0 80.0
82.0 80.0
131.0 81.0
64.0 81.0
102.0 81.0
97.0 81.0
99.0 81.0
90.0 81.0
90.0 81.0
80.0 81.0
59.0 82.0
96.0 82.0
89.0 82.0
93.0 82.0
94.0 82.0
96.0 82.0
82.0 82.0
95.0 82.0
56.0 83.0
82.0 83.0
92.0 83.0
103.0 84.0
88.0 84.0
70.0 84.0
90.0 84.0
84.0 84.0
89.0 85.0
80.0 85.0
98.0 85.0
80.0 86.0
84.0 86.0
83.0 86.0
116.0 86.0
71.0 86.0
113.0 86.0
83.0 86.0
86.0 86.0
48.0 87.0
90.0 87.0
95.0 87.0
94.0 87.0
56.0 88.0
105.0 88.0
103.0 88.0
105.0 88.0
117.0 89.0
82.0 89.0
78.0 89.0
90.0 89.0
70.0 89.0
76.0 89.0
89.0 89.0
91.0 89.0
87.0 89.0
78.0 90.0
79.0 90.0
102.0 90.0
91.0 90.0
90.0 90.0
87.0 90.0
88.0 91.0
139.0 91.0
95.0 91.0
104.0 91.0
113.0 91.0
131.0 92.0
82.0 92.0
92.0 92.0
58.0 92.0
79.0 92.0
73.0 92.0
87.0 92.0
110.0 92.0
88.0 92.0
103.0 92.0
92.0 92.0
159.0 93.0
61.0 93.0
108.0 93.0
100.0 93.0
91.0 93.0
88.0 93.0
52.0 93.0
79.0 93.0
76.0 93.0
117.0 93.0
149.0 93.0
54.0 94.0
102.0 94.0
111.0 94.0
93.0 94.0
83.0 94.0
95.0 94.0
93.0 94.0
117.0 95.0
100.0 95.0
76.0 95.0
92.0 95.0
69.0 95.0
61.0 96.0
102.0 96.0
106.0 96.0
125.0 96.0
97.0 96.0
115.0 97.0
90.0 97.0
95.0 97.0
109.0 97.0
104.0 97.0
88.0 98.0
82.0 98.0
87.0 98.0
88.0 98.0
93.0 98.0
88.0 98.0
110.0 99.0
97.0 99.0
85.0 99.0
82.0 99.0
111.0 99.0
100.0 99.0
82.0 100.0
94.0 100.0
86.0 100.0
90.0 100.0
109.0 100.0
89.0 100.0
95.0 100.0
96.0 100.0
79.0 100.0
105.0 100.0
107.0 100.0
149.0 101.0
140.0 101.0
103.0 101.0
102.0 101.0
77.0 101.0
106.0 101.0
122.0 101.0
100.0 101.0
105.0 101.0
99.0 101.0
102.0 101.0
112.0 101.0
107.0 101.0
111.0 101.0
71.0 102.0
77.0 102.0
94.0 102.0
103.0 102.0
74.0 103.0
106.0 103.0
93.0 103.0
103.0 103.0
98.0 103.0
87.0 103.0
80.0 104.0
107.0 104.0
97.0 104.0
112.0 104.0
105.0 104.0
95.0 104.0
115.0 104.0
100.0 104.0
103.0 104.0
115.0 104.0
77.0 105.0
104.0 105.0
106.0 105.0
108.0 105.0
104.0 105.0
101.0 105.0
103.0 106.0
123.0 106.0
108.0 106.0
94.0 106.0
100.0 106.0
105.0 107.0
107.0 107.0
99.0 107.0
106.0 107.0
106.0 107.0
108.0 107.0
116.0 107.0
95.0 107.0
110.0 108.0
115.0 108.0
94.0 108.0
113.0 108.0
104.0 108.0
114.0 108.0
108.0 108.0
89.0 109.0
105.0 109.0
112.0 109.0
82.0 109.0
106.0 109.0
105.0 109.0
110.0 110.0
120.0 110.0
107.0 110.0
90.0 110.0
108.0 110.0
114.0 110.0
104.0 110.0
103.0 111.0
75.0 111.0
113.0 111.0
66.0 111.0
120.0 111.0
110.0 111.0
98.0 111.0
102.0 111.0
77.0 112.0
79.0 112.0
103.0 112.0
89.0 112.0
98.0 112.0
86.0 113.0
82.0 114.0
101.0 114.0
95.0 114.0
91.0 114.0
119.0 114.0
93.0 114.0
90.0 115.0
108.0 115.0
81.0 115.0
115.0 117.0
119.0 117.0
93.0 117.0
82.0 118.0
89.0 118.0
104.0 118.0
125.0 119.0
66.0 119.0
110.0 119.0
124.0 120.0
106.0 120.0
116.0 120.0
68.0 121.0
75.0 121.0
107.0 121.0
124.0 121.0
110.0 121.0
99.0 122.0
106.0 122.0
71.0 123.0
93.0 125.0
102.0 125.0
123.0 125.0
106.0 125.0
112.0 125.0
93.0 126.0
104.0 128.0
76.0 131.0
78.0 131.0
97.0 132.0
98.0 135.0
78.0 137.0
83.0 137.0
62.0 143.0
119.0 143.0
110.0 144.0
127.0 145.0
88.0 146.0
135.0 148.0
90.0 151.0
82.0 153.0
107.0 172.0
