153.0 84.0
93.0 88.0
129.0 92.0
76.0 92.0
114.0 93.0
104.0 93.0
125.0 93.0
81.0 96.0
156.0 97.0
87.0 98.0
123.0 99.0
84.0 100.0
81.0 101.0
102.0 101.0
121.0 101.0
87.0 102.0
111.0 102.0
99.0 103.0
82.0 104.0
66.0 104.0
97.0 105.0
109.0 105.0
78.0 105.0
108.0 105.0
134.0 106.0
94.0 106.0
84.0 107.0
140.0 108.0
95.0 108.0
97.0 109.0
93.0 109.0
160.0 109.0
126.0 109.0
109.0 109.0
110.0 110.0
114.0 111.0
106.0 111.0
144.0 112.0
114.0 112.0
82.0 114.0
107.0 114.0
120.0 114.0
136.0 114.0
104.0 114.0
109.0 115.0
96.0 115.0
118.0 116.0
105.0 116.0
117.0 116.0
127.0 117.0
123.0 117.0
108.0 117.0
128.0 117.0
109.0 118.0
104.0 118.0
103.0 119.0
114.0 119.0
133.0 119.0
67.0 120.0
108.0 120.0
149.0 120.0
127.0 121.0
105.0 122.0
102.0 123.0
108.0 125.0
117.0 125.0
98.0 125.0
111.0 125.0
101.0 126.0
105.0 126.0
111.0 127.0
167.0 127.0
121.0 127.0
130.0 127.0
130.0 127.0
99.0 127.0
176.0 128.0
83.0 128.0
123.0 128.0
87.0 128.0
98.0 129.0
155.0 129.0
129.0 129.0
155.0 129.0
57.0 130.0
152.0 131.0
116.0 131.0
127.0 131.0
95.0 132.0
120.0 132.0
143.0 133.0
121.0 133.0
86.0 134.0
109.0 134.0
104.0 135.0
108.0 135.0
126.0 135.0
119.0 135.0
156.0 136.0
110.0 136.0
106.0 136.0
88.0 136.0
114.0 136.0
124.0 137.0
137.0 137.0
86.0 137.0
111.0 137.0
143.0 138.0
139.0 138.0
81.0 138.0
108.0 139.0
147.0 139.0
83.0 140.0
108.0 140.0
109.0 141.0
84.0 141.0
104.0 142.0
134.0 142.0
132.0 142.0
96.0 143.0
100.0 144.0
114.0 144.0
126.0 145.0
117.0 147.0
105.0 147.0
115.0 147.0
95.0 148.0
88.0 149.0
125.0 151.0
153.0 151.0
115.0 152.0
160.0 153.0
124.0 156.0
95.0 156.0
154.0 159.0
109.0 159.0
129.0 160.0
130.0 160.0
136.0 161.0
137.0 162.0
120.0 164.0
168.0 165.0
108.0 165.0
129.0 166.0
113.0 166.0
126.0 167.0
106.0 168.0
126.0 170.0
159.0 170.0
129.0 171.0
161.0 174.0
136.0 178.0
109.0 183.0
155.0 185.0
177.0 185.0
