68.0 65.0
70.0 71.0
153.0 84.0
104.0 84.0
82.0 89.0
102.0 90.0
88.0 92.0
114.0 93.0
125.0 93.0
97.0 97.0
100.0 99.0
94.0 100.0
95.0 100.0
122.0 101.0
106.0 101.0
87.0 102.0
98.0 103.0
97.0 105.0
91.0 107.0
84.0 107.0
112.0 108.0
97.0 109.0
160.0 109.0
103.0 111.0
98.0 111.0
114.0 112.0
109.0 115.0
96.0 115.0
107.0 115.0
80.0 117.0
123.0 117.0
75.0 118.0
139.0 119.0
119.0 119.0
103.0 119.0
114.0 119.0
108.0 120.0
102.0 123.0
108.0 125.0
117.0 125.0
107.0 125.0
111.0 125.0
110.0 126.0
105.0 126.0
130.0 127.0
99.0 127.0
87.0 128.0
98.0 129.0
155.0 129.0
127.0 131.0
64.0 132.0
97.0 132.0
95.0 132.0
88.0 136.0
78.0 137.0
86.0 137.0
143.0 138.0
108.0 139.0
83.0 140.0
108.0 140.0
134.0 144.0
95.0 148.0
88.0 149.0
95.0 156.0
126.0 167.0
129.0 171.0
