91.0 91.0
184.0 152.0
176.0 158.0
169.0 159.0
188.0 159.0
193.0 170.0
169.0 171.0
186.0 172.0
159.0 173.0
181.0 173.0
163.0 173.0
180.0 175.0
184.0 176.0
183.0 177.0
169.0 177.0
178.0 178.0
186.0 178.0
175.0 178.0
186.0 178.0
176.0 178.0
170.0 179.0
182.0 179.0
182.0 180.0
185.0 180.0
188.0 180.0
185.0 180.0
178.0 180.0
186.0 181.0
173.0 181.0
186.0 181.0
189.0 182.0
178.0 182.0
178.0 182.0
180.0 183.0
179.0 183.0
182.0 183.0
189.0 184.0
194.0 184.0
169.0 185.0
172.0 186.0
170.0 186.0
188.0 189.0
191.0 189.0
195.0 191.0
170.0 194.0
