175.0 148.0
164.0 149.0
184.0 152.0
175.0 155.0
198.0 163.0
173.0 164.0
173.0 165.0
145.0 166.0
164.0 169.0
188.0 173.0
159.0 174.0
180.0 174.0
174.0 175.0
184.0 176.0
170.0 177.0
141.0 177.0
178.0 177.0
175.0 177.0
202.0 177.0
136.0 178.0
173.0 179.0
184.0 179.0
165.0 180.0
190.0 180.0
166.0 181.0
191.0 181.0
171.0 181.0
184.0 181.0
174.0 181.0
183.0 182.0
186.0 182.0
170.0 182.0
189.0 185.0
178.0 185.0
184.0 185.0
172.0 186.0
167.0 187.0
188.0 188.0
189.0 188.0
174.0 188.0
183.0 188.0
193.0 188.0
181.0 189.0
145.0 189.0
149.0 189.0
190.0 191.0
173.0 191.0
188.0 192.0
184.0 192.0
178.0 193.0
129.0 193.0
190.0 194.0
191.0 194.0
185.0 195.0
192.0 195.0
190.0 195.0
205.0 196.0
198.0 197.0
185.0 197.0
180.0 197.0
192.0 198.0
193.0 199.0
