173.0 114.0
176.0 126.0
47.0 128.0
178.0 132.0
171.0 135.0
183.0 135.0
188.0 138.0
186.0 140.0
142.0 143.0
154.0 143.0
183.0 145.0
177.0 147.0
175.0 148.0
197.0 150.0
153.0 150.0
184.0 152.0
164.0 153.0
171.0 153.0
163.0 156.0
157.0 156.0
190.0 156.0
180.0 157.0
176.0 158.0
180.0 158.0
179.0 158.0
169.0 159.0
162.0 159.0
188.0 159.0
170.0 160.0
164.0 161.0
174.0 162.0
114.0 162.0
170.0 162.0
176.0 163.0
175.0 163.0
166.0 163.0
173.0 163.0
176.0 164.0
195.0 164.0
172.0 164.0
165.0 165.0
150.0 165.0
195.0 165.0
169.0 165.0
179.0 165.0
162.0 166.0
188.0 166.0
170.0 166.0
179.0 167.0
181.0 167.0
177.0 167.0
187.0 168.0
179.0 168.0
159.0 168.0
187.0 168.0
163.0 169.0
200.0 169.0
199.0 169.0
178.0 169.0
173.0 169.0
193.0 170.0
178.0 170.0
187.0 170.0
176.0 170.0
167.0 171.0
169.0 171.0
162.0 171.0
175.0 171.0
169.0 171.0
177.0 171.0
175.0 171.0
179.0 172.0
182.0 172.0
178.0 172.0
186.0 172.0
188.0 172.0
189.0 172.0
187.0 172.0
174.0 173.0
166.0 173.0
184.0 173.0
184.0 173.0
185.0 173.0
159.0 173.0
182.0 173.0
179.0 173.0
181.0 173.0
193.0 173.0
163.0 173.0
191.0 173.0
181.0 174.0
178.0 174.0
184.0 174.0
169.0 174.0
195.0 174.0
186.0 174.0
188.0 174.0
193.0 174.0
180.0 175.0
185.0 175.0
182.0 175.0
180.0 175.0
171.0 175.0
170.0 175.0
172.0 175.0
178.0 176.0
182.0 176.0
177.0 176.0
184.0 176.0
171.0 176.0
197.0 176.0
190.0 176.0
181.0 176.0
179.0 177.0
186.0 177.0
183.0 177.0
169.0 177.0
177.0 177.0
202.0 177.0
182.0 177.0
185.0 178.0
189.0 178.0
175.0 178.0
186.0 178.0
178.0 178.0
188.0 178.0
186.0 178.0
175.0 178.0
183.0 178.0
186.0 178.0
187.0 178.0
176.0 178.0
176.0 178.0
172.0 179.0
170.0 179.0
175.0 179.0
182.0 179.0
163.0 179.0
180.0 179.0
172.0 179.0
166.0 179.0
187.0 179.0
182.0 180.0
177.0 180.0
185.0 180.0
182.0 180.0
185.0 180.0
187.0 180.0
187.0 180.0
196.0 180.0
188.0 180.0
177.0 180.0
186.0 180.0
167.0 180.0
185.0 180.0
179.0 180.0
167.0 180.0
178.0 180.0
173.0 180.0
179.0 180.0
182.0 181.0
189.0 181.0
186.0 181.0
194.0 181.0
179.0 181.0
182.0 181.0
181.0 181.0
176.0 181.0
184.0 181.0
173.0 181.0
176.0 181.0
185.0 181.0
189.0 181.0
189.0 181.0
162.0 181.0
183.0 181.0
186.0 181.0
153.0 181.0
179.0 181.0
180.0 182.0
189.0 182.0
187.0 182.0
184.0 182.0
178.0 182.0
183.0 182.0
189.0 182.0
178.0 182.0
177.0 182.0
178.0 182.0
169.0 182.0
182.0 182.0
181.0 183.0
189.0 183.0
188.0 183.0
185.0 183.0
180.0 183.0
179.0 183.0
183.0 183.0
188.0 183.0
180.0 183.0
182.0 183.0
194.0 183.0
185.0 183.0
199.0 183.0
179.0 183.0
188.0 183.0
196.0 183.0
179.0 183.0
164.0 183.0
188.0 183.0
178.0 183.0
169.0 183.0
183.0 184.0
196.0 184.0
184.0 184.0
185.0 184.0
185.0 184.0
183.0 184.0
189.0 184.0
199.0 184.0
194.0 184.0
189.0 184.0
180.0 184.0
187.0 184.0
170.0 184.0
184.0 184.0
189.0 185.0
185.0 185.0
182.0 185.0
193.0 185.0
167.0 185.0
188.0 185.0
182.0 185.0
183.0 185.0
197.0 185.0
189.0 185.0
189.0 185.0
169.0 185.0
203.0 185.0
172.0 185.0
185.0 185.0
183.0 185.0
177.0 185.0
187.0 186.0
189.0 186.0
186.0 186.0
188.0 186.0
189.0 186.0
189.0 186.0
190.0 186.0
178.0 186.0
187.0 186.0
187.0 186.0
193.0 186.0
185.0 186.0
189.0 186.0
183.0 186.0
189.0 186.0
183.0 186.0
191.0 186.0
189.0 186.0
194.0 186.0
193.0 186.0
193.0 186.0
187.0 186.0
190.0 186.0
176.0 186.0
172.0 186.0
170.0 186.0
181.0 187.0
186.0 187.0
196.0 187.0
181.0 187.0
195.0 187.0
199.0 187.0
190.0 187.0
186.0 187.0
205.0 187.0
191.0 187.0
189.0 187.0
192.0 187.0
180.0 187.0
200.0 187.0
188.0 188.0
194.0 188.0
177.0 188.0
187.0 188.0
189.0 188.0
184.0 188.0
194.0 188.0
190.0 188.0
183.0 188.0
187.0 188.0
188.0 188.0
190.0 188.0
172.0 188.0
193.0 188.0
193.0 188.0
194.0 188.0
185.0 188.0
194.0 188.0
183.0 188.0
186.0 188.0
194.0 188.0
191.0 189.0
190.0 189.0
187.0 189.0
186.0 189.0
190.0 189.0
192.0 189.0
188.0 189.0
187.0 189.0
201.0 189.0
189.0 189.0
186.0 189.0
194.0 189.0
192.0 189.0
189.0 189.0
191.0 189.0
184.0 189.0
174.0 189.0
188.0 189.0
188.0 190.0
192.0 190.0
186.0 190.0
190.0 190.0
193.0 190.0
189.0 190.0
189.0 190.0
188.0 190.0
185.0 190.0
191.0 190.0
190.0 190.0
207.0 190.0
190.0 190.0
197.0 190.0
175.0 190.0
186.0 190.0
197.0 190.0
182.0 190.0
194.0 191.0
188.0 191.0
190.0 191.0
195.0 191.0
183.0 191.0
182.0 191.0
178.0 191.0
188.0 191.0
191.0 191.0
188.0 191.0
191.0 191.0
190.0 191.0
194.0 191.0
191.0 191.0
189.0 191.0
190.0 191.0
192.0 191.0
195.0 191.0
200.0 191.0
192.0 191.0
197.0 192.0
191.0 192.0
193.0 192.0
186.0 192.0
194.0 192.0
188.0 192.0
186.0 192.0
189.0 192.0
193.0 192.0
182.0 192.0
193.0 192.0
185.0 192.0
182.0 192.0
188.0 192.0
192.0 192.0
174.0 192.0
189.0 192.0
197.0 193.0
189.0 193.0
200.0 193.0
206.0 193.0
191.0 193.0
192.0 193.0
185.0 193.0
178.0 193.0
175.0 193.0
189.0 193.0
200.0 193.0
195.0 193.0
178.0 193.0
195.0 193.0
187.0 193.0
200.0 193.0
201.0 193.0
196.0 193.0
180.0 193.0
202.0 193.0
182.0 193.0
198.0 194.0
199.0 194.0
204.0 194.0
194.0 194.0
185.0 194.0
206.0 194.0
202.0 194.0
193.0 194.0
206.0 194.0
203.0 194.0
190.0 194.0
196.0 194.0
170.0 194.0
194.0 194.0
181.0 194.0
191.0 194.0
187.0 194.0
192.0 195.0
194.0 195.0
194.0 195.0
195.0 195.0
193.0 195.0
192.0 195.0
196.0 195.0
190.0 195.0
189.0 195.0
195.0 195.0
155.0 195.0
198.0 196.0
193.0 196.0
195.0 196.0
184.0 196.0
206.0 196.0
195.0 196.0
196.0 196.0
189.0 196.0
190.0 196.0
201.0 196.0
185.0 196.0
196.0 196.0
205.0 196.0
182.0 196.0
189.0 197.0
195.0 197.0
191.0 197.0
189.0 197.0
188.0 197.0
188.0 197.0
189.0 197.0
199.0 197.0
199.0 197.0
197.0 197.0
191.0 197.0
189.0 197.0
180.0 197.0
198.0 198.0
196.0 198.0
200.0 198.0
204.0 198.0
191.0 198.0
202.0 198.0
182.0 198.0
204.0 199.0
199.0 199.0
200.0 199.0
192.0 200.0
197.0 200.0
185.0 200.0
197.0 200.0
195.0 200.0
173.0 200.0
202.0 201.0
203.0 201.0
200.0 201.0
193.0 201.0
207.0 201.0
194.0 202.0
199.0 202.0
195.0 202.0
195.0 202.0
203.0 202.0
205.0 202.0
196.0 203.0
183.0 203.0
196.0 203.0
201.0 203.0
203.0 203.0
197.0 203.0
199.0 203.0
204.0 203.0
207.0 204.0
202.0 204.0
199.0 204.0
201.0 204.0
196.0 204.0
194.0 204.0
202.0 205.0
190.0 205.0
206.0 205.0
200.0 205.0
194.0 205.0
208.0 205.0
208.0 205.0
193.0 205.0
203.0 206.0
206.0 206.0
205.0 206.0
204.0 206.0
202.0 206.0
209.0 206.0
200.0 206.0
196.0 206.0
204.0 207.0
201.0 207.0
192.0 207.0
206.0 208.0
202.0 208.0
