42.0 47.0
59.0 49.0
80.0 52.0
79.0 54.0
67.0 55.0
83.0 55.0
65.0 57.0
106.0 58.0
66.0 58.0
87.0 59.0
56.0 59.0
72.0 60.0
94.0 60.0
56.0 61.0
62.0 61.0
68.0 63.0
73.0 63.0
71.0 66.0
104.0 66.0
75.0 67.0
97.0 68.0
77.0 68.0
100.0 68.0
68.0 69.0
72.0 69.0
78.0 69.0
70.0 70.0
99.0 71.0
63.0 71.0
68.0 71.0
79.0 71.0
89.0 72.0
71.0 72.0
67.0 72.0
81.0 72.0
79.0 72.0
83.0 73.0
78.0 73.0
78.0 74.0
73.0 74.0
56.0 75.0
85.0 75.0
86.0 75.0
66.0 76.0
97.0 76.0
76.0 76.0
97.0 76.0
91.0 76.0
84.0 77.0
67.0 77.0
89.0 77.0
65.0 78.0
73.0 78.0
59.0 78.0
93.0 78.0
78.0 78.0
124.0 79.0
61.0 79.0
86.0 79.0
82.0 79.0
84.0 79.0
95.0 79.0
76.0 79.0
113.0 80.0
102.0 80.0
94.0 80.0
75.0 80.0
74.0 80.0
81.0 80.0
88.0 80.0
87.0 80.0
84.0 80.0
72.0 81.0
84.0 81.0
79.0 81.0
87.0 81.0
73.0 81.0
80.0 81.0
70.0 81.0
82.0 82.0
89.0 82.0
83.0 82.0
88.0 82.0
83.0 82.0
77.0 83.0
86.0 83.0
88.0 83.0
83.0 83.0
90.0 84.0
89.0 84.0
79.0 84.0
94.0 84.0
75.0 85.0
57.0 85.0
109.0 85.0
84.0 85.0
80.0 85.0
84.0 85.0
86.0 85.0
73.0 85.0
77.0 86.0
116.0 86.0
86.0 86.0
79.0 86.0
109.0 87.0
75.0 87.0
94.0 88.0
113.0 88.0
98.0 88.0
92.0 88.0
90.0 89.0
78.0 89.0
91.0 89.0
106.0 89.0
75.0 89.0
84.0 89.0
100.0 90.0
91.0 90.0
86.0 90.0
89.0 90.0
105.0 90.0
77.0 91.0
89.0 91.0
62.0 91.0
91.0 91.0
76.0 91.0
126.0 92.0
87.0 92.0
80.0 92.0
86.0 92.0
107.0 93.0
86.0 93.0
81.0 93.0
94.0 93.0
94.0 94.0
86.0 94.0
91.0 94.0
94.0 94.0
81.0 95.0
88.0 95.0
93.0 96.0
99.0 96.0
89.0 98.0
99.0 98.0
85.0 99.0
85.0 99.0
82.0 99.0
93.0 99.0
85.0 99.0
89.0 99.0
102.0 99.0
111.0 100.0
111.0 100.0
111.0 100.0
95.0 101.0
94.0 101.0
88.0 102.0
73.0 102.0
72.0 102.0
76.0 102.0
84.0 102.0
147.0 103.0
90.0 103.0
88.0 103.0
126.0 105.0
89.0 105.0
111.0 105.0
103.0 106.0
94.0 106.0
91.0 106.0
107.0 107.0
91.0 107.0
108.0 107.0
101.0 108.0
96.0 108.0
85.0 108.0
113.0 109.0
114.0 109.0
90.0 109.0
91.0 109.0
85.0 110.0
85.0 110.0
120.0 110.0
76.0 112.0
72.0 112.0
94.0 112.0
93.0 112.0
68.0 113.0
105.0 113.0
90.0 115.0
98.0 120.0
82.0 121.0
65.0 126.0
78.0 131.0
75.0 137.0
110.0 146.0
