126.0 92.0
124.0 96.0
127.0 97.0
105.0 97.0
151.0 104.0
128.0 105.0
113.0 107.0
113.0 110.0
133.0 110.0
133.0 112.0
129.0 115.0
109.0 115.0
145.0 117.0
127.0 117.0
113.0 118.0
120.0 120.0
126.0 121.0
129.0 122.0
109.0 123.0
136.0 123.0
121.0 124.0
174.0 126.0
130.0 127.0
146.0 130.0
165.0 130.0
141.0 131.0
147.0 132.0
144.0 133.0
145.0 138.0
128.0 139.0
171.0 140.0
142.0 142.0
119.0 144.0
141.0 145.0
137.0 146.0
143.0 146.0
123.0 148.0
154.0 149.0
112.0 151.0
137.0 156.0
141.0 156.0
124.0 158.0
138.0 159.0
157.0 160.0
143.0 163.0
115.0 163.0
120.0 163.0
109.0 165.0
156.0 167.0
146.0 168.0
