111.0 128.0
151.0 140.0
150.0 142.0
147.0 146.0
153.0 148.0
147.0 148.0
153.0 148.0
148.0 150.0
153.0 151.0
150.0 151.0
152.0 152.0
157.0 152.0
157.0 153.0
152.0 153.0
149.0 153.0
146.0 153.0
144.0 154.0
157.0 154.0
158.0 154.0
154.0 155.0
152.0 155.0
140.0 155.0
160.0 155.0
165.0 156.0
158.0 156.0
154.0 156.0
164.0 157.0
153.0 157.0
156.0 158.0
150.0 158.0
166.0 158.0
154.0 159.0
148.0 159.0
149.0 159.0
157.0 159.0
137.0 160.0
144.0 160.0
149.0 160.0
156.0 161.0
154.0 161.0
157.0 163.0
152.0 163.0
153.0 164.0
165.0 165.0
173.0 166.0
155.0 166.0
166.0 167.0
157.0 170.0
173.0 170.0
169.0 173.0
154.0 178.0
149.0 180.0
170.0 182.0
