76.0 71.0
113.0 71.0
161.0 74.0
141.0 75.0
155.0 80.0
138.0 82.0
124.0 82.0
145.0 82.0
159.0 88.0
101.0 88.0
121.0 89.0
124.0 91.0
130.0 93.0
157.0 94.0
124.0 95.0
92.0 96.0
137.0 96.0
120.0 96.0
149.0 97.0
127.0 97.0
150.0 97.0
163.0 97.0
131.0 99.0
142.0 99.0
105.0 100.0
122.0 100.0
159.0 102.0
84.0 102.0
122.0 103.0
147.0 103.0
151.0 104.0
157.0 104.0
139.0 104.0
161.0 104.0
132.0 107.0
110.0 109.0
114.0 110.0
113.0 110.0
116.0 110.0
133.0 110.0
150.0 110.0
101.0 111.0
121.0 111.0
120.0 111.0
133.0 112.0
116.0 112.0
130.0 112.0
123.0 112.0
97.0 112.0
154.0 113.0
107.0 113.0
103.0 114.0
129.0 115.0
109.0 115.0
120.0 115.0
132.0 115.0
124.0 115.0
128.0 116.0
127.0 116.0
110.0 116.0
121.0 116.0
105.0 116.0
145.0 117.0
122.0 117.0
124.0 117.0
136.0 117.0
127.0 117.0
126.0 117.0
117.0 118.0
123.0 118.0
180.0 118.0
106.0 119.0
120.0 119.0
128.0 119.0
119.0 119.0
117.0 119.0
125.0 119.0
133.0 119.0
128.0 119.0
156.0 120.0
112.0 120.0
123.0 120.0
139.0 121.0
132.0 121.0
115.0 121.0
123.0 121.0
121.0 121.0
133.0 121.0
142.0 122.0
129.0 122.0
129.0 122.0
131.0 122.0
134.0 122.0
140.0 122.0
125.0 122.0
131.0 122.0
141.0 122.0
131.0 122.0
109.0 123.0
130.0 123.0
130.0 123.0
149.0 123.0
130.0 123.0
136.0 123.0
128.0 124.0
145.0 124.0
130.0 124.0
141.0 124.0
134.0 125.0
133.0 125.0
128.0 125.0
135.0 125.0
131.0 126.0
125.0 126.0
130.0 127.0
144.0 127.0
136.0 127.0
134.0 127.0
138.0 127.0
128.0 127.0
125.0 127.0
139.0 127.0
125.0 128.0
141.0 128.0
127.0 128.0
129.0 128.0
129.0 128.0
135.0 128.0
128.0 128.0
130.0 129.0
129.0 129.0
137.0 129.0
136.0 129.0
148.0 129.0
130.0 129.0
128.0 130.0
129.0 130.0
132.0 130.0
124.0 130.0
123.0 131.0
136.0 131.0
134.0 131.0
124.0 131.0
142.0 131.0
138.0 131.0
141.0 131.0
136.0 131.0
130.0 132.0
139.0 132.0
135.0 132.0
121.0 132.0
131.0 132.0
131.0 133.0
128.0 133.0
138.0 133.0
115.0 134.0
138.0 134.0
128.0 134.0
125.0 134.0
143.0 134.0
147.0 134.0
134.0 134.0
89.0 135.0
141.0 135.0
141.0 135.0
145.0 135.0
139.0 136.0
152.0 136.0
132.0 136.0
138.0 136.0
136.0 136.0
140.0 137.0
123.0 137.0
131.0 137.0
138.0 137.0
129.0 137.0
139.0 137.0
144.0 138.0
125.0 138.0
141.0 138.0
128.0 139.0
142.0 142.0
126.0 142.0
111.0 143.0
140.0 144.0
119.0 144.0
136.0 145.0
142.0 145.0
130.0 146.0
143.0 146.0
138.0 147.0
137.0 148.0
141.0 150.0
138.0 159.0
