55.0 53.0
96.0 62.0
96.0 70.0
120.0 72.0
115.0 76.0
128.0 80.0
146.0 81.0
92.0 86.0
97.0 86.0
108.0 86.0
143.0 88.0
98.0 91.0
117.0 91.0
106.0 91.0
162.0 92.0
105.0 93.0
146.0 94.0
124.0 95.0
94.0 95.0
99.0 96.0
134.0 96.0
131.0 96.0
91.0 97.0
103.0 97.0
102.0 97.0
158.0 97.0
82.0 98.0
104.0 98.0
144.0 98.0
147.0 99.0
142.0 99.0
131.0 99.0
148.0 99.0
116.0 99.0
108.0 99.0
101.0 99.0
138.0 100.0
92.0 101.0
94.0 101.0
116.0 101.0
114.0 101.0
96.0 101.0
120.0 102.0
108.0 102.0
113.0 102.0
114.0 102.0
79.0 103.0
122.0 103.0
99.0 103.0
147.0 103.0
134.0 104.0
138.0 104.0
129.0 104.0
95.0 104.0
97.0 104.0
130.0 104.0
109.0 105.0
132.0 105.0
111.0 105.0
116.0 105.0
136.0 105.0
88.0 105.0
156.0 105.0
107.0 106.0
102.0 106.0
108.0 106.0
107.0 107.0
160.0 107.0
113.0 107.0
111.0 107.0
156.0 107.0
109.0 107.0
114.0 108.0
118.0 108.0
109.0 108.0
112.0 108.0
110.0 108.0
110.0 108.0
103.0 109.0
106.0 109.0
133.0 109.0
112.0 109.0
109.0 109.0
104.0 109.0
106.0 109.0
113.0 109.0
111.0 109.0
114.0 109.0
117.0 109.0
153.0 110.0
121.0 110.0
111.0 110.0
141.0 110.0
112.0 110.0
123.0 110.0
114.0 110.0
116.0 110.0
136.0 110.0
111.0 110.0
107.0 111.0
71.0 111.0
116.0 111.0
95.0 111.0
126.0 111.0
112.0 111.0
111.0 111.0
115.0 111.0
115.0 111.0
113.0 111.0
87.0 111.0
95.0 112.0
96.0 112.0
85.0 112.0
105.0 112.0
87.0 112.0
112.0 112.0
116.0 112.0
87.0 112.0
116.0 112.0
117.0 112.0
120.0 112.0
97.0 112.0
116.0 112.0
95.0 113.0
112.0 113.0
123.0 113.0
111.0 113.0
125.0 113.0
116.0 113.0
122.0 113.0
113.0 113.0
120.0 113.0
125.0 113.0
133.0 114.0
166.0 114.0
116.0 114.0
111.0 114.0
114.0 114.0
129.0 114.0
130.0 114.0
98.0 114.0
110.0 114.0
111.0 114.0
103.0 114.0
115.0 114.0
107.0 114.0
110.0 114.0
114.0 114.0
117.0 114.0
117.0 114.0
117.0 114.0
111.0 114.0
108.0 114.0
123.0 114.0
120.0 114.0
112.0 114.0
84.0 115.0
110.0 115.0
102.0 115.0
101.0 115.0
128.0 115.0
117.0 115.0
115.0 115.0
114.0 115.0
114.0 115.0
121.0 115.0
113.0 115.0
93.0 115.0
137.0 115.0
115.0 115.0
122.0 115.0
135.0 116.0
130.0 116.0
117.0 116.0
112.0 116.0
115.0 116.0
105.0 116.0
103.0 116.0
118.0 116.0
121.0 116.0
119.0 116.0
116.0 116.0
132.0 116.0
110.0 116.0
144.0 117.0
124.0 117.0
145.0 117.0
118.0 117.0
119.0 117.0
101.0 117.0
115.0 117.0
114.0 117.0
122.0 117.0
116.0 117.0
115.0 117.0
110.0 117.0
114.0 117.0
123.0 117.0
119.0 117.0
119.0 117.0
115.0 117.0
122.0 117.0
110.0 117.0
125.0 117.0
133.0 117.0
89.0 118.0
109.0 118.0
120.0 118.0
115.0 118.0
112.0 118.0
136.0 118.0
124.0 118.0
120.0 118.0
129.0 118.0
120.0 118.0
115.0 118.0
113.0 118.0
106.0 118.0
128.0 118.0
104.0 119.0
132.0 119.0
115.0 119.0
129.0 119.0
116.0 119.0
120.0 119.0
114.0 119.0
117.0 119.0
115.0 119.0
119.0 119.0
122.0 119.0
117.0 119.0
125.0 119.0
119.0 119.0
113.0 119.0
116.0 119.0
123.0 119.0
154.0 119.0
118.0 119.0
76.0 119.0
128.0 119.0
125.0 119.0
127.0 119.0
91.0 120.0
104.0 120.0
114.0 120.0
136.0 120.0
118.0 120.0
112.0 120.0
116.0 120.0
123.0 120.0
117.0 120.0
112.0 120.0
116.0 120.0
117.0 120.0
130.0 120.0
121.0 120.0
131.0 120.0
123.0 120.0
148.0 121.0
162.0 121.0
117.0 121.0
126.0 121.0
131.0 121.0
117.0 121.0
136.0 121.0
113.0 121.0
122.0 121.0
115.0 121.0
129.0 121.0
125.0 121.0
117.0 121.0
121.0 121.0
120.0 121.0
113.0 121.0
121.0 121.0
129.0 121.0
140.0 122.0
108.0 122.0
116.0 122.0
147.0 122.0
138.0 122.0
115.0 122.0
116.0 122.0
122.0 122.0
123.0 122.0
124.0 122.0
129.0 122.0
117.0 122.0
106.0 122.0
116.0 122.0
121.0 122.0
119.0 122.0
130.0 122.0
110.0 122.0
116.0 122.0
119.0 122.0
131.0 122.0
110.0 122.0
121.0 122.0
120.0 123.0
110.0 123.0
132.0 123.0
116.0 123.0
123.0 123.0
125.0 123.0
101.0 123.0
110.0 123.0
130.0 123.0
126.0 123.0
135.0 123.0
129.0 123.0
113.0 123.0
137.0 123.0
108.0 124.0
146.0 124.0
130.0 124.0
116.0 124.0
121.0 124.0
124.0 124.0
115.0 124.0
127.0 124.0
130.0 124.0
126.0 124.0
124.0 124.0
123.0 124.0
124.0 124.0
123.0 124.0
140.0 124.0
122.0 124.0
125.0 124.0
131.0 124.0
121.0 125.0
124.0 125.0
148.0 125.0
115.0 125.0
133.0 125.0
95.0 125.0
123.0 125.0
116.0 125.0
135.0 125.0
115.0 125.0
122.0 125.0
122.0 125.0
104.0 125.0
125.0 125.0
121.0 125.0
110.0 125.0
114.0 125.0
158.0 126.0
116.0 126.0
125.0 126.0
129.0 126.0
109.0 126.0
114.0 126.0
118.0 126.0
147.0 126.0
123.0 126.0
113.0 126.0
122.0 126.0
123.0 126.0
120.0 126.0
121.0 126.0
127.0 126.0
133.0 126.0
113.0 126.0
125.0 126.0
120.0 126.0
109.0 126.0
124.0 127.0
130.0 127.0
121.0 127.0
126.0 127.0
116.0 127.0
135.0 127.0
117.0 127.0
117.0 127.0
122.0 127.0
124.0 127.0
124.0 127.0
123.0 127.0
126.0 127.0
117.0 127.0
111.0 128.0
111.0 128.0
123.0 128.0
121.0 128.0
119.0 128.0
127.0 128.0
127.0 128.0
137.0 128.0
127.0 128.0
139.0 128.0
128.0 128.0
124.0 128.0
105.0 128.0
129.0 128.0
141.0 128.0
129.0 129.0
131.0 129.0
111.0 129.0
131.0 129.0
110.0 129.0
130.0 129.0
124.0 129.0
129.0 129.0
116.0 129.0
128.0 129.0
139.0 130.0
130.0 130.0
116.0 130.0
103.0 130.0
131.0 130.0
120.0 130.0
125.0 130.0
121.0 130.0
128.0 130.0
114.0 130.0
125.0 130.0
127.0 130.0
96.0 131.0
122.0 131.0
139.0 131.0
150.0 131.0
107.0 131.0
108.0 131.0
151.0 131.0
136.0 131.0
128.0 132.0
130.0 132.0
137.0 132.0
130.0 132.0
117.0 132.0
123.0 132.0
119.0 132.0
125.0 133.0
100.0 133.0
137.0 133.0
131.0 133.0
136.0 133.0
122.0 133.0
125.0 133.0
136.0 133.0
130.0 133.0
150.0 133.0
129.0 134.0
152.0 134.0
125.0 134.0
153.0 134.0
143.0 134.0
121.0 134.0
124.0 134.0
100.0 134.0
118.0 134.0
125.0 134.0
125.0 134.0
133.0 134.0
133.0 134.0
117.0 134.0
137.0 135.0
126.0 135.0
135.0 135.0
146.0 135.0
120.0 135.0
150.0 135.0
125.0 135.0
128.0 135.0
114.0 136.0
105.0 136.0
124.0 136.0
152.0 136.0
122.0 136.0
132.0 136.0
125.0 137.0
124.0 137.0
131.0 137.0
111.0 137.0
138.0 137.0
132.0 137.0
115.0 137.0
115.0 138.0
113.0 138.0
119.0 138.0
123.0 138.0
126.0 138.0
112.0 139.0
141.0 139.0
115.0 139.0
138.0 139.0
130.0 139.0
110.0 139.0
148.0 139.0
120.0 139.0
146.0 139.0
141.0 139.0
111.0 139.0
118.0 140.0
130.0 140.0
137.0 140.0
92.0 141.0
159.0 141.0
139.0 141.0
128.0 141.0
133.0 141.0
127.0 141.0
146.0 142.0
143.0 142.0
139.0 142.0
118.0 143.0
120.0 143.0
130.0 143.0
116.0 144.0
126.0 144.0
108.0 144.0
106.0 144.0
169.0 145.0
112.0 145.0
127.0 145.0
135.0 146.0
117.0 147.0
136.0 147.0
125.0 147.0
125.0 148.0
122.0 148.0
127.0 148.0
134.0 148.0
104.0 149.0
127.0 149.0
149.0 150.0
145.0 150.0
147.0 150.0
91.0 150.0
180.0 151.0
133.0 152.0
75.0 152.0
151.0 153.0
157.0 153.0
130.0 153.0
153.0 154.0
106.0 154.0
129.0 154.0
83.0 154.0
140.0 155.0
148.0 156.0
174.0 156.0
106.0 156.0
158.0 157.0
128.0 157.0
170.0 159.0
123.0 159.0
140.0 159.0
117.0 159.0
130.0 160.0
171.0 160.0
136.0 161.0
132.0 162.0
122.0 162.0
161.0 165.0
108.0 166.0
122.0 166.0
133.0 167.0
135.0 167.0
140.0 173.0
94.0 174.0
133.0 175.0
94.0 183.0
140.0 184.0
