44.09948380896062 46.30810996806894
48.7677774808438 51.99895549320971
60.71304574507113 54.31927175357502
76.92655102611167 61.48998337052798
57.61973368009987 62.32223870473058
63.443625438844116 63.16914993621769
64.97667949388804 63.80993324729192
65.84838650865731 64.53613202685008
101.40639485999269 76.16134820518519
83.28168429946442 76.26283084670521
81.21148839367197 78.7506815895041
68.58494262395392 82.26120229933413
80.66456048478534 86.43408962117597
98.58723755918665 86.56766349828139
84.13816099422655 89.18214062043522
106.68886033343435 89.42448647640948
86.13984582002728 90.8327553625953
83.0287060790548 92.46229262368266
107.53041717687627 93.45792433846361
96.67388925354857 94.21648888358908
109.03339539262558 96.7194720448926
91.22106991103821 100.66688246061457
88.8408627092365 106.62336568173853
107.71446177545434 108.55528907311272
109.22150163982029 108.82116392467445
109.483408442967 110.01473472852324
132.47592612122514 114.42003788095128
128.74241451512003 117.29161256511942
103.97345934269046 117.67269474144965
106.51808421626394 119.52885787403271
111.81894919434559 121.27742877821355
119.13322854254763 122.16878919644326
117.34002502426885 124.00588978856314
128.02727073919252 125.741354147889
122.15974556247505 127.64538499102618
114.56359626538755 127.78089268709813
124.58986555688863 128.0719715111014
139.51128938093967 128.74651321310782
130.9729910082359 129.859730290222
128.63697151282108 131.020876490854
133.0388673072546 132.90223782234554
104.1065032937572 134.94451843187477
121.33405531744776 135.2886686220696
134.197942548054 136.47400310221397
163.5097212674688 137.74087629175628
150.00282326339916 138.19376002978254
155.6183843338909 138.59533760419995
150.66176893351846 139.34358225767758
135.4390616716314 139.357316692412
141.49720636191572 139.98207136540432
146.47437323176882 140.21507535030344
155.9981774032035 140.70588166033517
136.96953388807154 146.40161295849913
122.03878897902517 148.19567171845418
113.88169389624804 150.07801880904066
151.9428296959144 152.25655121416887
172.56956647815716 155.34521274494782
170.77867833226094 157.7169573465846
135.0375716766116 158.73846298123553
158.3827117735391 161.56303421305577
151.02244885718494 163.99940577114072
174.13231746223704 179.54161682801777
177.4547533788204 181.3870535912397
187.30360883302677 186.0353647469771
