147.0 92.0
126.0 93.0
112.0 95.0
137.0 96.0
104.0 100.0
177.0 104.0
114.0 106.0
114.0 106.0
110.0 108.0
118.0 119.0
127.0 119.0
127.0 124.0
142.0 128.0
132.0 130.0
151.0 130.0
144.0 133.0
136.0 133.0
126.0 133.0
126.0 134.0
115.0 135.0
141.0 136.0
129.0 137.0
132.0 138.0
146.0 139.0
140.0 139.0
127.0 140.0
122.0 140.0
155.0 140.0
127.0 142.0
133.0 143.0
140.0 145.0
139.0 147.0
148.0 150.0
146.0 150.0
123.0 152.0
148.0 152.0
137.0 153.0
143.0 156.0
141.0 160.0
181.0 165.0
129.0 169.0
156.0 172.0
118.0 175.0
