129.0 129.0
154.0 138.0
151.0 140.0
160.0 145.0
147.0 146.0
138.0 146.0
143.0 150.0
148.0 150.0
150.0 151.0
151.0 151.0
157.0 152.0
157.0 153.0
152.0 153.0
146.0 153.0
144.0 154.0
150.0 154.0
158.0 154.0
140.0 155.0
160.0 155.0
158.0 156.0
153.0 157.0
174.0 158.0
152.0 158.0
156.0 158.0
154.0 158.0
166.0 158.0
154.0 159.0
148.0 159.0
149.0 159.0
157.0 159.0
149.0 160.0
156.0 161.0
154.0 162.0
157.0 163.0
162.0 163.0
152.0 163.0
154.0 164.0
165.0 165.0
138.0 166.0
173.0 166.0
155.0 166.0
166.0 167.0
140.0 169.0
138.0 169.0
162.0 169.0
157.0 170.0
169.0 173.0
167.0 176.0
161.0 177.0
146.0 177.0
131.0 178.0
158.0 178.0
154.0 178.0
151.0 182.0
162.0 189.0
165.0 190.0
