162.0 101.0
135.0 101.0
128.0 106.0
147.0 106.0
110.0 107.0
133.0 110.0
96.0 111.0
129.0 111.0
135.0 111.0
119.0 112.0
142.0 113.0
153.0 117.0
133.0 119.0
133.0 119.0
144.0 119.0
163.0 120.0
154.0 121.0
163.0 122.0
186.0 123.0
128.0 125.0
176.0 125.0
108.0 126.0
140.0 126.0
153.0 127.0
130.0 127.0
137.0 128.0
149.0 128.0
145.0 128.0
125.0 129.0
136.0 129.0
153.0 130.0
134.0 130.0
102.0 130.0
184.0 130.0
146.0 130.0
134.0 132.0
155.0 132.0
156.0 132.0
148.0 132.0
139.0 133.0
138.0 133.0
114.0 133.0
138.0 133.0
138.0 133.0
138.0 134.0
130.0 134.0
134.0 134.0
134.0 134.0
148.0 134.0
138.0 135.0
155.0 135.0
134.0 135.0
154.0 135.0
141.0 135.0
135.0 136.0
150.0 136.0
141.0 136.0
145.0 136.0
156.0 136.0
151.0 137.0
149.0 137.0
145.0 138.0
154.0 138.0
146.0 138.0
130.0 138.0
155.0 138.0
148.0 138.0
157.0 139.0
138.0 139.0
132.0 139.0
141.0 139.0
151.0 139.0
141.0 139.0
139.0 139.0
150.0 139.0
120.0 139.0
146.0 139.0
131.0 140.0
141.0 140.0
137.0 140.0
134.0 140.0
100.0 140.0
146.0 140.0
151.0 140.0
144.0 140.0
162.0 140.0
132.0 140.0
147.0 140.0
146.0 140.0
145.0 140.0
176.0 141.0
133.0 141.0
142.0 141.0
141.0 141.0
138.0 141.0
142.0 141.0
150.0 142.0
133.0 142.0
142.0 142.0
145.0 142.0
142.0 142.0
123.0 142.0
161.0 142.0
150.0 142.0
146.0 142.0
146.0 143.0
154.0 143.0
153.0 143.0
140.0 144.0
149.0 144.0
124.0 145.0
130.0 145.0
166.0 145.0
173.0 145.0
149.0 145.0
160.0 145.0
134.0 145.0
139.0 146.0
147.0 146.0
161.0 146.0
132.0 146.0
145.0 146.0
146.0 146.0
138.0 146.0
142.0 146.0
149.0 147.0
122.0 147.0
145.0 147.0
130.0 147.0
150.0 147.0
139.0 148.0
130.0 148.0
139.0 148.0
146.0 148.0
160.0 148.0
153.0 148.0
138.0 148.0
129.0 148.0
118.0 148.0
147.0 148.0
153.0 148.0
126.0 149.0
143.0 149.0
140.0 149.0
148.0 149.0
143.0 150.0
139.0 150.0
135.0 150.0
144.0 150.0
148.0 150.0
170.0 150.0
124.0 150.0
143.0 150.0
143.0 150.0
158.0 151.0
158.0 151.0
112.0 151.0
153.0 151.0
162.0 151.0
150.0 151.0
142.0 151.0
151.0 151.0
141.0 152.0
152.0 152.0
146.0 152.0
157.0 152.0
178.0 153.0
137.0 153.0
157.0 153.0
152.0 153.0
146.0 153.0
149.0 153.0
146.0 153.0
150.0 154.0
115.0 154.0
144.0 154.0
148.0 154.0
157.0 154.0
150.0 154.0
158.0 154.0
139.0 155.0
154.0 155.0
152.0 155.0
140.0 155.0
157.0 155.0
160.0 155.0
127.0 156.0
147.0 156.0
151.0 156.0
158.0 156.0
137.0 156.0
169.0 156.0
154.0 156.0
143.0 156.0
147.0 157.0
175.0 157.0
153.0 157.0
140.0 157.0
174.0 158.0
170.0 158.0
152.0 158.0
154.0 158.0
150.0 158.0
166.0 158.0
152.0 158.0
165.0 159.0
154.0 159.0
148.0 159.0
149.0 159.0
157.0 159.0
133.0 159.0
160.0 160.0
157.0 160.0
137.0 160.0
144.0 160.0
149.0 160.0
175.0 161.0
161.0 161.0
156.0 161.0
101.0 161.0
128.0 161.0
157.0 163.0
152.0 163.0
153.0 164.0
139.0 164.0
146.0 164.0
154.0 164.0
121.0 165.0
165.0 165.0
128.0 165.0
138.0 166.0
155.0 166.0
173.0 166.0
111.0 166.0
155.0 166.0
128.0 167.0
166.0 167.0
140.0 169.0
157.0 170.0
169.0 173.0
138.0 174.0
161.0 177.0
163.0 177.0
149.0 177.0
158.0 178.0
154.0 178.0
149.0 180.0
151.0 182.0
154.0 187.0
165.0 190.0
