111.0 60.0
113.0 63.0
94.0 63.0
99.0 65.0
76.0 69.0
78.0 73.0
118.0 73.0
136.0 73.0
80.0 78.0
110.0 79.0
117.0 80.0
104.0 80.0
83.0 80.0
77.0 81.0
87.0 83.0
125.0 84.0
101.0 85.0
98.0 87.0
107.0 87.0
89.0 87.0
91.0 87.0
118.0 87.0
100.0 88.0
111.0 89.0
105.0 89.0
149.0 90.0
134.0 91.0
151.0 92.0
118.0 92.0
143.0 93.0
84.0 93.0
86.0 93.0
129.0 94.0
116.0 94.0
126.0 95.0
95.0 96.0
68.0 96.0
123.0 96.0
148.0 97.0
110.0 97.0
109.0 97.0
100.0 97.0
109.0 98.0
95.0 98.0
113.0 99.0
110.0 99.0
129.0 100.0
122.0 101.0
126.0 103.0
104.0 104.0
114.0 104.0
104.0 105.0
104.0 105.0
143.0 106.0
112.0 106.0
138.0 107.0
122.0 107.0
110.0 107.0
115.0 107.0
110.0 108.0
103.0 108.0
112.0 109.0
107.0 109.0
120.0 110.0
93.0 110.0
114.0 110.0
113.0 110.0
96.0 111.0
145.0 111.0
89.0 111.0
99.0 111.0
123.0 112.0
111.0 112.0
138.0 112.0
114.0 112.0
106.0 113.0
137.0 114.0
151.0 114.0
74.0 114.0
125.0 114.0
114.0 114.0
122.0 114.0
114.0 116.0
94.0 116.0
106.0 117.0
87.0 117.0
121.0 118.0
104.0 118.0
112.0 118.0
108.0 118.0
102.0 118.0
136.0 119.0
133.0 119.0
128.0 119.0
103.0 119.0
99.0 120.0
110.0 120.0
124.0 121.0
147.0 121.0
135.0 121.0
100.0 122.0
133.0 123.0
135.0 123.0
98.0 123.0
144.0 124.0
137.0 125.0
107.0 125.0
110.0 126.0
133.0 126.0
100.0 126.0
162.0 127.0
111.0 128.0
133.0 128.0
104.0 128.0
125.0 129.0
156.0 130.0
134.0 130.0
141.0 130.0
149.0 131.0
147.0 132.0
105.0 132.0
95.0 133.0
115.0 133.0
136.0 134.0
123.0 134.0
117.0 134.0
137.0 134.0
125.0 135.0
140.0 135.0
99.0 136.0
67.0 136.0
140.0 136.0
144.0 136.0
99.0 137.0
96.0 137.0
135.0 137.0
130.0 137.0
133.0 139.0
154.0 140.0
129.0 141.0
144.0 141.0
72.0 142.0
109.0 142.0
102.0 142.0
156.0 143.0
120.0 143.0
139.0 144.0
134.0 144.0
129.0 146.0
105.0 146.0
141.0 146.0
154.0 147.0
142.0 148.0
175.0 150.0
124.0 151.0
109.0 152.0
145.0 152.0
139.0 152.0
96.0 152.0
116.0 153.0
105.0 154.0
119.0 156.0
145.0 158.0
169.0 158.0
175.0 166.0
