93.0 96.0
158.0 97.0
116.0 111.0
133.0 114.0
166.0 114.0
109.0 118.0
148.0 125.0
176.0 128.0
129.0 129.0
152.0 131.0
128.0 132.0
136.0 134.0
153.0 134.0
126.0 135.0
114.0 136.0
130.0 137.0
147.0 139.0
148.0 139.0
137.0 140.0
72.0 142.0
115.0 147.0
136.0 147.0
172.0 147.0
122.0 148.0
149.0 150.0
145.0 150.0
133.0 152.0
151.0 153.0
153.0 154.0
124.0 156.0
139.0 156.0
123.0 159.0
129.0 160.0
130.0 160.0
136.0 161.0
132.0 162.0
122.0 162.0
133.0 167.0
106.0 168.0
126.0 170.0
159.0 170.0
140.0 184.0
155.0 185.0
177.0 185.0
