60.32373094749762 61.55675046456018
59.863849875830624 65.57971730275773
80.54707230818013 68.26708868498146
88.51395141599396 92.31049473140502
93.58231167664121 93.17742621251328
119.87200641386586 106.52743067124217
102.92020691473154 110.22415453579261
118.05194120735669 116.3984767232925
121.50622454459472 123.11408580449671
116.63470753015596 130.0799348886171
152.0898294139119 135.2623189274996
144.03920765780265 137.50859339458833
138.94868519458626 139.79373685506073
155.55959050437767 156.82318604870056
166.1646208413185 171.38271126371043
186.2243760105774 184.3643948395393
