99.0 71.0
161.0 90.0
162.0 101.0
147.0 106.0
151.0 112.0
178.0 113.0
133.0 119.0
133.0 119.0
115.0 119.0
168.0 121.0
140.0 122.0
160.0 126.0
136.0 129.0
154.0 130.0
124.0 135.0
155.0 135.0
123.0 136.0
134.0 137.0
151.0 137.0
149.0 139.0
131.0 140.0
184.0 140.0
166.0 145.0
146.0 146.0
146.0 147.0
170.0 148.0
167.0 148.0
185.0 150.0
143.0 150.0
158.0 151.0
174.0 158.0
198.0 159.0
165.0 159.0
157.0 160.0
128.0 165.0
175.0 171.0
172.0 171.0
199.0 178.0
177.0 180.0
