31.462536671056625 27.555210910641875
47.43134009162035 41.43565707297535
30.89566891673326 42.01152275685315
44.06265550730916 42.26971734962439
55.00866982303162 44.50748279753368
46.667696205504626 44.712232763508304
47.672487461716095 46.14191350956739
38.176368686554696 46.56269310900459
52.045656877685474 47.56621755318132
78.6951912212248 50.364653382807894
128.03321481249924 50.51986727133208
61.818740846201656 50.64784822469049
47.50758042881078 51.19790855723296
52.48268329204079 52.95836774041322
56.19559300800422 54.278331002651605
60.11898221064406 54.94847412603013
106.7453843465486 57.687692649847236
53.39963913727891 58.056799054025696
130.71078279787525 59.98520364206035
114.0 61.0
70.09151748667843 61.42511587774696
72.12418215010571 62.15735486911841
60.65907841243898 62.23940004443929
71.07802642957421 63.84910345988865
81.77407423269774 65.91642921468186
67.22882508708321 66.16722509363292
90.82367708139613 66.67738589810797
92.19025917006373 68.43221219252554
63.341551925073645 68.43893434575476
66.40308675095845 69.94129479515792
67.51993519563374 70.20733796080853
65.48663960938471 70.50861758799257
88.64264125003572 70.53894674100371
137.56967062689873 71.41072418899444
60.20106505444072 71.42902880803562
61.37591480494604 72.39964931032148
98.68527816982194 72.59821399504064
73.26503967854875 73.22354818338283
79.84921541784986 74.50800352718953
74.98608445040917 74.94433780163669
139.54743914042243 75.9588379060284
87.62225156824586 75.97112166904539
91.78150379457551 76.50858626291685
89.0 78.0
69.21828543111916 78.65295658032476
92.21509398969295 78.76630829042865
76.70357348064526 82.19423355912545
96.87223305186748 82.74548287237296
103.89944045470968 82.91841084696753
80.90293785511375 82.9579091141353
103.22792640145558 83.56595288483838
80.84688336087694 84.31031083741816
86.75274755719347 84.90986475295378
131.25043146296454 86.40234274637741
70.51724595094404 86.48732218586444
97.25689227363331 87.08755781811202
57.662125739290225 87.148965058413
85.34217662049315 87.73554458914056
102.95088241854792 88.48621389106692
91.99600293555305 88.68426707322674
135.88663495598541 88.92222805691505
110.50029326168196 89.870045336443
106.8495584496543 90.48283501925282
84.64702720275478 91.56004738210963
96.25591190644256 92.50390460254862
87.10443416177749 92.58645475163009
92.45638608887252 92.82455502085253
97.63334555927891 93.05136795324331
132.59157991032956 93.85420570163531
49.21918381790576 93.95551983288787
72.98816037331729 94.33630597887651
90.69886989022882 94.53980636549515
99.69303621837584 94.91887668373562
148.117972177754 95.08955738000218
129.93760825690325 96.02403710246938
84.90038210472456 96.26045043057982
80.47600786509595 96.49137658265973
170.43425700005292 96.98921371218331
93.15293445729372 97.25778997131121
108.3642764572271 98.58309174483007
85.67060126660579 98.84653761584289
131.46746226487656 99.17330709945914
103.08631907843719 99.26931020034793
176.65155603181168 99.63982496930518
119.72942024986538 99.78001913849359
98.38230462453288 100.87148802505983
105.72882324772029 101.02953608273698
84.70700989463744 101.53946442727103
102.86848691821655 101.84758161302369
94.38016638482377 102.30424192894012
105.76114024742361 102.74517752903998
78.18086295483099 102.7765326296429
134.0 106.0
112.10042456758075 106.05630589832501
120.96568674297221 106.13091647976438
80.31094647427977 106.39839890363199
132.88113292139244 107.28922403670838
128.79299139826597 107.29008847683806
88.93136509601973 107.37165077577845
110.08482657013482 108.2701762346963
105.17725486846383 109.63184340760517
125.2704528157363 111.05443216132075
131.6858962451875 111.91450493448718
80.01399028980408 112.0977503521649
138.82313703117555 112.28230947383155
122.43962699193293 112.49117152784389
140.1741428991059 112.69047688948287
123.92976010395977 112.80357942699057
113.25514876812665 115.02843329211592
115.53062748099268 116.1597951631408
129.45118629483463 116.22133169975332
130.19957314924415 116.67122342848808
147.51324454296554 117.10861265954847
131.4022949970408 117.36873108942639
123.29226758317496 117.37901989273465
104.03784132544007 118.44479584638594
125.0330671514826 118.61568493451325
97.79945117681517 118.8241597069979
140.7100385708909 118.92008783155435
74.72993577149735 118.95612884196487
129.01873944492763 118.98429006233792
122.76707633482562 119.25803549491178
103.56000380383217 120.33733634809721
135.09668478269515 120.51101300530507
131.15653833291256 122.13393324178523
129.89724448603567 122.26625719332974
124.25173729991762 122.2747012222151
127.65082594414557 122.30769363558618
125.19117684609289 122.49952771617504
120.0465492807611 122.83733323411244
133.98946984903793 123.04101883505383
94.54770759620938 123.25654299842638
122.58596386380938 123.82882770419462
154.71598311773613 124.09358227613384
127.8582836584347 124.32860942666113
124.31096778614244 124.96294512834213
93.87968074964049 125.26924476377116
151.7547189802427 126.36298626145852
105.63806767003938 126.92724006574203
116.9302805212337 127.41209305281701
127.48085761733495 127.83783364269419
117.78229010070126 128.19798023129178
133.94624437547162 128.555706232434
144.2436539856085 128.58341770048196
114.34004007716295 128.58583246549622
104.38751014721639 128.85796578986674
143.68921250029558 128.87068312769264
132.1352465555087 129.22412949930788
102.87213785640111 129.312137551364
133.24433856094726 129.5896314230549
115.67589810895913 130.08336933322835
125.35636305709383 130.5208229237698
115.20492426135017 130.91131601155675
136.41486447754022 131.30191067009662
124.0925052323006 131.82677476027618
123.87748301016336 131.90846592886484
132.05026557322472 131.97187484432237
119.85491301000069 133.0221223494462
119.41376961562757 133.083057190257
122.10572104481236 133.1023948725531
99.75824016614368 133.27303153183183
135.0665903195628 133.4414870725216
172.4197536693708 133.72512671700005
111.03402176272303 133.75381649914004
132.26478091070123 136.34297250611783
176.6389503518904 136.36161519097072
105.70374814784256 137.00986378408308
98.94997707793411 137.44537776109328
148.85780993926647 137.6456292475158
114.39817252012999 137.74618734312295
105.86222090397474 138.18263646358548
135.33330434142553 138.787574168673
148.95263072318184 138.91762619210803
138.2133222467081 139.02247330922577
124.18426777086485 139.35300918393796
102.34935257745495 140.5943302311327
165.66417148102988 141.3721108309415
142.6461184273321 142.25553678232905
168.50199907175383 142.32066946215133
148.23040129416296 142.32935999368826
145.90289980390054 142.59540584493686
146.5947140332599 142.79019553326503
135.60929192663974 143.03539815157941
147.15303708614456 143.07681297353525
142.99102701453322 143.8135509484301
177.14384752545234 143.8294867553328
122.76447950887098 144.17243094886186
158.67247947897994 145.00458915922735
147.25026344345153 145.2996952951606
129.64174713006472 146.0076742659455
141.4443898555834 146.54928929346502
117.49012460741032 147.0599356393555
146.17996619128024 147.12917708958693
137.32272234688003 147.74969121370924
129.51836683241592 149.11707747320457
139.74020320751677 149.1489246094493
153.06420163513545 149.51965733757467
130.31083997036745 149.6416637466585
156.1599761114263 150.01375464585522
166.9289031959017 150.1386648031674
113.7052392980585 150.1921696798571
118.34321433391133 152.0647903755058
159.5426982597435 152.08844513061285
170.12877541791715 152.45506452522233
175.45060378833548 152.47961453602363
151.44567054579974 152.73235114095547
152.1715279705555 152.85890731198003
161.21386727336653 152.92499464752876
138.0349448167401 153.1449883028202
155.88625185663764 153.2817434695922
84.79489168495456 153.80594553800333
82.62475453335021 153.81123381248102
103.90139012393763 153.9083390698169
145.54835861794257 154.23906537750844
138.80556998220084 155.1458056099738
171.38899801791734 155.78778078570335
150.73135397364263 156.028268324552
145.32596742454444 156.85067828151426
171.66887753246075 156.88796769480814
140.7893873577259 158.03804038994863
175.67105942995647 159.6446414265684
158.715178242618 160.1199070021966
141.6510434490492 160.76040355422091
154.17641062965012 162.0726919642232
173.0389803448548 162.09084057523472
113.05024273677876 162.97272862845082
169.42979074269587 163.49244231403912
165.93783619834048 163.92460842926835
173.64122936133782 164.75140342471116
119.19761175309372 165.55092734032542
164.52263824835822 170.83917294897657
168.9561368226561 172.46311820649436
180.13741421037582 172.76909734521726
153.20337515291595 172.97647966317982
178.31107831578836 173.1218061839406
167.4841061535667 173.47607862768166
179.89410012088283 174.68001981080994
158.69309857749994 175.27041004359438
182.98209342965487 176.02029411305764
170.90943952291244 176.07640182051432
201.58438227077838 176.36742598583692
106.80984454435405 176.6843254600437
183.30391606614248 176.9403385341577
179.63865852945446 177.79962610480752
176.4978213351488 178.08160080924657
199.2610214734111 178.41954484620138
165.7245882729347 180.06145548890353
178.02187055970862 181.43426320229082
162.84705527182643 181.66280118140756
184.02235027158662 185.1878508937661
177.26702428246847 188.32217211492048
188.27485387150176 188.5839066105279
193.508851677586 188.77764380617083
192.46220331982428 191.81768713364696
189.7675587039048 192.36279568725016
199.70042094133845 200.13923834604105
