120.0 113.0
117.0 114.0
123.0 114.0
123.0 117.0
119.0 117.0
122.0 117.0
133.0 117.0
129.0 118.0
120.0 118.0
119.0 119.0
123.0 119.0
125.0 119.0
127.0 119.0
117.0 120.0
116.0 120.0
122.0 121.0
115.0 121.0
129.0 121.0
117.0 121.0
129.0 121.0
121.0 122.0
116.0 122.0
126.0 123.0
135.0 123.0
129.0 123.0
140.0 124.0
122.0 124.0
125.0 125.0
121.0 125.0
120.0 126.0
121.0 126.0
127.0 126.0
117.0 127.0
124.0 128.0
141.0 128.0
124.0 129.0
116.0 129.0
114.0 130.0
125.0 130.0
127.0 130.0
123.0 132.0
119.0 132.0
130.0 133.0
125.0 135.0
132.0 136.0
111.0 137.0
126.0 138.0
148.0 140.0
135.0 147.0
