1.0 53.56254403687735
2.0 52.237575889933915
3.0 50.5640351526031
4.0 49.09037761789861
5.0 48.14395715206018
6.0 47.300265791145485
7.0 46.540106154543
8.0 45.966101562842944
9.0 45.40319432305611
10.0 44.964634638436706
11.0 44.58710974223993
12.0 44.30878386537187
13.0 44.07708583755725
14.0 43.893737183530774
15.0 43.70791197613587
16.0 43.57571007834427
17.0 43.46068922342515
18.0 43.36336948489846
19.0 43.27716362998704
20.0 43.20048755969957
21.0 43.137897120630086
22.0 43.08790262550995
23.0 43.04377261832472
24.0 43.00704810400783
25.0 42.977334784582666
26.0 42.94996178247256
27.0 42.92835211205878
28.0 42.9092453247838
29.0 42.892768567598715
30.0 42.879271233028675
31.0 42.86799602329051
32.0 42.85854830321855
33.0 42.85097836611265
34.0 42.84390573598299
35.0 42.83824212492939
36.0 42.83338392988451
37.0 42.82926877717352
38.0 42.82574458013656
39.0 42.822737908888634
40.0 42.82027428200242
41.0 42.81812043057335
42.0 42.816437923357114
43.0 42.814887013273584
44.0 42.81363095486313
45.0 42.8125991802287
46.0 42.81173194736743
47.0 42.81094377215844
48.0 42.81029656952713
49.0 42.80977960407247
50.0 42.80934207577602
