1.0 3.2991641305425414
2.0 3.3174604796769
3.0 3.3780954625854873
4.0 3.1080151525558546
5.0 2.9799220027185207
6.0 2.9785953043219258
7.0 2.8741844286510565
8.0 3.0269679456480594
9.0 2.850383313934656
10.0 2.8858513665021315
11.0 2.8634782197670883
12.0 2.875939039515437
13.0 2.8346626028920197
14.0 2.8370332978683135
15.0 2.8041148115560675
16.0 2.80543340575241
17.0 2.836550854243545
18.0 2.8239551137604084
19.0 2.803288662422253
20.0 2.822704747048514
21.0 2.803570493248484
22.0 2.8186776117266805
23.0 2.803596380908861
24.0 2.8072542947134287
25.0 2.777242171427945
26.0 2.7812781767548964
27.0 2.7815963238880568
28.0 2.7888483236335824
29.0 2.7933063962950024
30.0 2.795265413066307
31.0 2.795308655781527
32.0 2.7957380770482336
33.0 2.7898901856295306
34.0 2.790156360820896
35.0 2.792482891076312
36.0 2.7926998816036
37.0 2.792277756841163
38.0 2.792073208369264
39.0 2.7892845473321533
40.0 2.7897190661143463
41.0 2.7901438538490657
42.0 2.7891924337238687
43.0 2.789153817250667
44.0 2.7890486004939814
45.0 2.789015994537402
46.0 2.789011875119039
47.0 2.7890484084246725
48.0 2.7890415662050385
49.0 2.7891348185877978
50.0 2.7891233877335115
