1.0 74.3135480906106
2.0 73.55578902082313
3.0 72.41882968117945
4.0 70.8323302665853
5.0 69.34179790387417
6.0 68.74236566559995
7.0 67.80247319789491
8.0 67.18733058639266
9.0 66.5540440685704
10.0 66.11979260166
11.0 65.62317015662522
12.0 65.14906135200017
13.0 64.83059539424598
14.0 64.67768605136382
15.0 64.44691398401093
16.0 64.30857889161659
17.0 64.14297443461153
18.0 63.97384313668182
19.0 63.81702859673055
20.0 63.762703665226134
21.0 63.67422876673327
22.0 63.591476818669996
23.0 63.5530884674305
24.0 63.49880288660723
25.0 63.45078044430397
26.0 63.41189965023771
27.0 63.35606837584973
28.0 63.327608160419906
29.0 63.30937690114708
30.0 63.29841337782216
31.0 63.28094875645566
32.0 63.26668065802274
33.0 63.25108816099244
34.0 63.24691072940561
35.0 63.23768181264124
36.0 63.231786345005915
37.0 63.225252484416494
38.0 63.21687647290039
39.0 63.21209761336882
40.0 63.208105452212614
41.0 63.20171166190776
42.0 63.20149257052881
43.0 63.199231066538715
44.0 63.19835967877332
45.0 63.19687368895975
46.0 63.19512547748793
47.0 63.193830463837244
48.0 63.19274213738506
49.0 63.19204354744578
50.0 63.191425532276924
