1.0 8.159160756492842
2.0 7.604235832187393
3.0 7.1278341668996665
4.0 7.181951244348008
5.0 7.662749413784341
6.0 7.244623655325856
7.0 7.2313750729428365
8.0 7.149620448061576
9.0 7.102280357958454
10.0 6.9801141897536345
11.0 7.067812374869859
12.0 7.176988414125151
13.0 7.204570498207221
14.0 7.000145533950339
15.0 6.939679853128448
16.0 7.021970312594529
17.0 7.093882168849944
18.0 7.038092236012145
19.0 7.081072959981378
20.0 7.022703431289827
21.0 7.015241280474662
22.0 6.91783799571144
23.0 6.9496880747909
24.0 6.966385166649168
25.0 6.926219552281946
26.0 6.9808638544347685
27.0 6.962057770340459
28.0 6.957074480493779
29.0 6.958758510069494
30.0 6.955685961367368
31.0 6.949294790329675
32.0 6.9461903619326195
33.0 6.939878285717295
34.0 6.937347762877836
35.0 6.930742722370548
36.0 6.931296769162001
37.0 6.938802050124966
38.0 6.939305676447172
39.0 6.939472366556918
40.0 6.936934913081826
41.0 6.934935981122934
42.0 6.935143882707635
43.0 6.935701121543779
44.0 6.933280290292649
45.0 6.932835668474179
46.0 6.93406787632141
47.0 6.934107223285983
48.0 6.9336495372106635
49.0 6.934496178830808
50.0 6.93484144088315
