1.0 79.07980693374118
2.0 79.42922879133646
3.0 77.28780908525782
4.0 75.88766948979037
5.0 74.50402474697765
6.0 73.27369607953531
7.0 72.44866941870718
8.0 71.75791251037589
9.0 70.90268071271419
10.0 70.49448000972943
11.0 70.03365697476856
12.0 69.79570943837464
13.0 69.49886635694197
14.0 69.27488003658009
15.0 69.1052017373378
16.0 68.896431954012
17.0 68.72384333059395
18.0 68.60580117123044
19.0 68.47467990998037
20.0 68.32425573534073
21.0 68.27556014999199
22.0 68.16360417274298
23.0 68.1020533395419
24.0 68.06360266701274
25.0 68.0187594483144
26.0 67.97228033278888
27.0 67.95831738155415
28.0 67.92633104129679
29.0 67.90282160433922
30.0 67.88104723416502
31.0 67.86027914938349
32.0 67.84842826095897
33.0 67.8378029448727
34.0 67.83001181894198
35.0 67.82647309269036
36.0 67.82006129279097
37.0 67.81203661632931
38.0 67.80517595395638
39.0 67.8005504370246
40.0 67.7972601709245
41.0 67.79238567152515
42.0 67.7902765346739
43.0 67.78862672692945
44.0 67.78603935320737
45.0 67.78229895272683
46.0 67.78202311056728
47.0 67.78084479205476
48.0 67.77944044487772
49.0 67.77863683069728
50.0 67.77724426647899
