1.0 4.0039145476511
2.0 3.7374239315914006
3.0 3.560389992848408
4.0 3.4838846209527143
5.0 3.518640798376987
6.0 3.518169079875707
7.0 3.3967003192442737
8.0 3.363974457554758
9.0 3.31989631069314
10.0 3.269663784282577
11.0 3.3211954342529304
12.0 3.33762074427495
13.0 3.2684077957699147
14.0 3.2951195751939015
15.0 3.235479112148218
16.0 3.31387327436588
17.0 3.3355649647114225
18.0 3.285191128630473
19.0 3.269365197893714
20.0 3.2412920218776176
21.0 3.280244198859607
22.0 3.257613729430128
23.0 3.237211693806979
24.0 3.2417522990069045
25.0 3.256623329581458
26.0 3.250289301441987
27.0 3.2377121743378052
28.0 3.2372065072259106
29.0 3.2341054331447276
30.0 3.2342495297961023
31.0 3.2454903126395305
32.0 3.2428470136261285
33.0 3.238035037167136
34.0 3.2379287566855948
35.0 3.233989076105776
36.0 3.2345124886467365
37.0 3.234556557180612
38.0 3.2346154901470365
39.0 3.235007099471622
40.0 3.2343701689333715
41.0 3.233486673332113
42.0 3.2337048824378076
43.0 3.2344587519840924
44.0 3.234216920094867
45.0 3.2339589222498932
46.0 3.2343658154011887
47.0 3.2351729402198157
48.0 3.2347997229676833
49.0 3.2344041243079165
50.0 3.2345092406270215
