1.0 64.71645946453324
2.0 63.981259276045726
3.0 63.00765529207058
4.0 62.250871659268554
5.0 60.686885323654955
6.0 59.805617624949434
7.0 58.732724751532366
8.0 57.98685707365533
9.0 57.29706034211847
10.0 56.63755022643063
11.0 56.170403815328214
12.0 55.83260406456475
13.0 55.55003055589434
14.0 55.2854490729524
15.0 55.07501908775723
16.0 54.89057344343651
17.0 54.75736878158604
18.0 54.62942932758427
19.0 54.529358301506704
20.0 54.43220878345649
21.0 54.35780532142505
22.0 54.299676997672826
23.0 54.24178591681701
24.0 54.20070371657739
25.0 54.159421798286424
26.0 54.12839452482835
27.0 54.09540342945498
28.0 54.0768998676863
29.0 54.05376908157218
30.0 54.037891642492106
31.0 54.02314427944758
32.0 54.010701630286846
33.0 54.00110497591476
34.0 53.99381805773603
35.0 53.986801906345455
36.0 53.980509465788174
37.0 53.974645171798244
38.0 53.97082535285269
39.0 53.967060668250745
40.0 53.963589194902845
41.0 53.96103889757991
42.0 53.959298040975064
43.0 53.95755064584844
44.0 53.9557242591057
45.0 53.954402009289176
46.0 53.9533518801955
47.0 53.95233065763208
48.0 53.95154366960514
49.0 53.95085701187414
50.0 53.95015822202789
