77.0 81.0
131.0 81.0
84.0 85.0
98.0 87.0
105.0 89.0
118.0 92.0
86.0 93.0
117.0 95.0
109.0 97.0
94.0 100.0
114.0 104.0
122.0 107.0
105.0 107.0
115.0 107.0
120.0 110.0
114.0 110.0
96.0 111.0
120.0 111.0
123.0 112.0
106.0 114.0
125.0 114.0
89.0 118.0
133.0 123.0
102.0 125.0
107.0 125.0
110.0 126.0
93.0 126.0
162.0 127.0
103.0 127.0
104.0 128.0
125.0 129.0
156.0 130.0
105.0 132.0
137.0 134.0
125.0 135.0
67.0 136.0
144.0 136.0
96.0 137.0
135.0 137.0
133.0 139.0
154.0 140.0
144.0 141.0
139.0 144.0
129.0 146.0
105.0 146.0
142.0 148.0
145.0 152.0
175.0 166.0
