115.0 76.0
70.0 80.0
106.0 91.0
116.0 101.0
111.0 101.0
108.0 102.0
113.0 102.0
114.0 102.0
111.0 105.0
111.0 107.0
111.0 107.0
118.0 108.0
109.0 108.0
110.0 108.0
110.0 108.0
105.0 109.0
112.0 109.0
109.0 109.0
106.0 109.0
113.0 109.0
111.0 109.0
117.0 109.0
111.0 110.0
112.0 110.0
114.0 110.0
126.0 111.0
111.0 111.0
105.0 112.0
112.0 112.0
116.0 112.0
116.0 112.0
120.0 112.0
116.0 112.0
112.0 113.0
111.0 113.0
125.0 113.0
113.0 113.0
116.0 114.0
111.0 114.0
111.0 114.0
115.0 114.0
114.0 114.0
117.0 114.0
111.0 114.0
108.0 114.0
102.0 115.0
117.0 115.0
115.0 115.0
114.0 115.0
113.0 115.0
115.0 115.0
115.0 116.0
116.0 116.0
114.0 117.0
122.0 117.0
116.0 117.0
115.0 117.0
110.0 117.0
114.0 117.0
119.0 117.0
110.0 117.0
125.0 117.0
112.0 118.0
115.0 118.0
116.0 119.0
119.0 119.0
116.0 119.0
114.0 120.0
113.0 121.0
115.0 122.0
116.0 122.0
110.0 122.0
116.0 122.0
123.0 123.0
133.0 125.0
115.0 125.0
114.0 126.0
