117.0 80.0
90.0 83.0
153.0 84.0
104.0 84.0
98.0 87.0
122.0 89.0
105.0 89.0
172.0 90.0
114.0 93.0
68.0 96.0
156.0 97.0
81.0 97.0
109.0 97.0
109.0 97.0
97.0 97.0
97.0 99.0
94.0 100.0
111.0 100.0
111.0 100.0
79.0 100.0
122.0 101.0
103.0 101.0
102.0 101.0
121.0 101.0
94.0 101.0
111.0 102.0
114.0 104.0
109.0 105.0
108.0 105.0
106.0 105.0
134.0 106.0
102.0 106.0
98.0 106.0
94.0 106.0
122.0 107.0
84.0 107.0
115.0 107.0
101.0 108.0
140.0 108.0
112.0 108.0
97.0 109.0
93.0 109.0
114.0 109.0
160.0 109.0
109.0 109.0
105.0 109.0
120.0 110.0
98.0 111.0
107.0 112.0
144.0 112.0
92.0 113.0
79.0 113.0
137.0 114.0
151.0 114.0
125.0 114.0
114.0 114.0
93.0 114.0
109.0 115.0
90.0 115.0
92.0 115.0
96.0 115.0
107.0 115.0
117.0 116.0
80.0 117.0
81.0 117.0
127.0 117.0
123.0 117.0
94.0 117.0
106.0 117.0
123.0 118.0
121.0 118.0
112.0 118.0
102.0 118.0
139.0 119.0
119.0 119.0
133.0 119.0
103.0 119.0
114.0 119.0
103.0 119.0
83.0 120.0
108.0 120.0
99.0 120.0
98.0 120.0
113.0 121.0
82.0 121.0
100.0 122.0
113.0 122.0
133.0 123.0
100.0 123.0
102.0 123.0
117.0 125.0
107.0 125.0
111.0 125.0
110.0 126.0
111.0 127.0
130.0 127.0
130.0 127.0
99.0 127.0
99.0 128.0
123.0 128.0
133.0 128.0
98.0 128.0
104.0 128.0
87.0 128.0
98.0 129.0
155.0 129.0
129.0 129.0
125.0 129.0
155.0 129.0
57.0 130.0
156.0 130.0
134.0 130.0
141.0 130.0
152.0 131.0
127.0 131.0
91.0 131.0
95.0 131.0
64.0 132.0
97.0 132.0
95.0 132.0
105.0 132.0
86.0 134.0
117.0 134.0
127.0 134.0
125.0 135.0
106.0 136.0
88.0 136.0
114.0 136.0
124.0 137.0
86.0 137.0
96.0 137.0
78.0 137.0
103.0 137.0
112.0 137.0
86.0 137.0
135.0 137.0
143.0 138.0
108.0 139.0
83.0 140.0
154.0 140.0
108.0 140.0
94.0 141.0
144.0 141.0
136.0 142.0
102.0 142.0
132.0 142.0
156.0 143.0
120.0 143.0
139.0 144.0
134.0 144.0
153.0 145.0
95.0 145.0
129.0 146.0
110.0 146.0
154.0 147.0
130.0 147.0
142.0 148.0
95.0 148.0
88.0 149.0
153.0 151.0
145.0 152.0
96.0 152.0
123.0 153.0
105.0 154.0
124.0 156.0
95.0 156.0
169.0 158.0
154.0 159.0
144.0 159.0
130.0 160.0
110.0 163.0
168.0 165.0
175.0 166.0
129.0 166.0
126.0 167.0
110.0 168.0
129.0 171.0
161.0 174.0
136.0 178.0
