60.01236363198646 63.1531615820209
64.38781748701172 67.46731046143951
86.87612145444025 82.8249844308468
84.14703580240153 89.94304928311995
107.76851279079584 97.80811969912256
106.37900348298598 103.1234611039423
108.72599585117496 116.80620335120533
120.01234986764162 122.9255247634006
114.49562482766848 124.73117137599672
150.72442804154443 135.76172159179038
142.59706338546465 137.3271429248127
138.8187125516819 137.39510106648393
152.35966670449645 153.56516913012106
163.89992837655424 170.10472638011254
174.9347205399362 172.62646649433216
190.6385210061246 189.36146321183043
