42.0 24.0
37.0 44.0
59.0 45.0
58.0 48.0
60.0 52.0
56.0 53.0
62.0 54.0
52.0 55.0
77.0 58.0
66.0 58.0
98.0 59.0
87.0 59.0
56.0 61.0
82.0 64.0
93.0 65.0
59.0 65.0
89.0 66.0
61.0 66.0
68.0 67.0
97.0 68.0
51.0 68.0
100.0 68.0
90.0 70.0
54.0 70.0
99.0 71.0
75.0 71.0
74.0 71.0
89.0 72.0
105.0 73.0
83.0 73.0
73.0 74.0
88.0 75.0
66.0 75.0
78.0 76.0
65.0 78.0
87.0 79.0
102.0 80.0
78.0 80.0
75.0 80.0
88.0 80.0
82.0 80.0
64.0 81.0
80.0 81.0
72.0 82.0
94.0 84.0
67.0 85.0
86.0 85.0
58.0 89.0
90.0 89.0
78.0 89.0
78.0 90.0
86.0 90.0
131.0 92.0
126.0 92.0
94.0 94.0
66.0 95.0
92.0 97.0
90.0 97.0
51.0 97.0
93.0 99.0
85.0 99.0
72.0 102.0
76.0 102.0
99.0 103.0
88.0 103.0
66.0 104.0
52.0 106.0
103.0 106.0
91.0 107.0
113.0 109.0
85.0 110.0
114.0 111.0
129.0 111.0
72.0 112.0
108.0 112.0
92.0 113.0
86.0 113.0
90.0 114.0
90.0 115.0
67.0 120.0
78.0 131.0
114.0 144.0
144.0 159.0
