35.09446242605723 39.01671693324412
30.350426070806225 39.5194143338612
43.487281854132554 41.01297149812799
44.70557008368596 43.21957987510015
58.20809870493974 45.06108329191193
39.05200450370413 46.45503268329587
62.36783141060886 48.197681927439106
51.96284490006751 48.76991716288637
62.42394231417035 56.86247734245806
53.39320801883192 58.20255353554637
71.93335685310596 59.4422855111407
67.4537887986443 59.99942733870489
129.0 60.0
66.94538255418763 60.79512189439273
113.32898589402168 61.95490468927679
61.96246879446842 61.96518834370889
61.925898038518724 63.15531409858063
123.17856240596102 63.59838991174874
64.84463514843777 64.33909124501075
143.3375328239915 65.05423735011809
71.70414297900822 66.40878218867677
84.83015807932516 68.5735166888487
88.73406074516593 68.58584592503952
81.51140526964952 69.66684462147036
77.79541051874105 72.10633760397054
114.26772651050354 72.11114785896008
68.6913555022433 72.51243030960086
73.41282385796755 73.44162741610147
106.00417886952921 74.33595076121615
64.20843071059339 74.44386567602523
74.72166974718921 75.36499574966953
77.40367162722212 75.74583143647615
97.38824248716136 77.00930897745675
67.7271326818175 78.99003880792105
151.32038511939544 80.8107707399473
90.10934514365618 81.6576467034049
54.87789841355026 82.54700113574363
75.66943813670976 82.92918931847618
89.73600963100527 84.33472289236293
92.3138280495288 85.27352011662774
100.49779497560291 85.72793886514631
90.136890340996 86.49080017307591
81.88087333569398 86.76645419194419
106.25377534908438 87.66088291894859
97.61052255338905 88.21077462306053
89.53842578260154 88.4875415797716
103.40898998140207 88.52935403169916
83.07569896475103 88.97320506713528
172.0 90.0
161.0 90.0
87.4048208669462 90.30788616813946
87.98106056742006 90.4256224801168
91.68472310486779 90.45027731488797
88.8680914416268 90.80224641280917
143.00401207702356 90.87024188889217
108.25467098792286 91.56529290460129
76.22022747157963 91.75471219903113
83.60561849527768 92.35591849114199
86.20586652162658 93.10644926406519
129.69049356614028 93.52245697553269
85.45877516474783 93.63435565491176
105.71597454266981 94.70687144585892
143.71509332983248 94.77949534093686
98.78655404713619 95.34966811568316
124.41778358313657 96.01879818786426
81.06481066080046 96.42790389479447
60.70521591670447 96.84885771202782
122.2467725429215 96.88673175711763
148.0 97.0
165.2239007619312 97.56512537744366
80.16231877749692 98.16638613943579
132.9833272618764 99.32477281708249
82.07441033914873 99.52017636379287
93.61331818959023 99.78792778096805
87.36369216831724 100.27029161960357
121.83202537331823 100.85158377308652
126.1470911897167 101.77275807861878
105.08161320227534 102.4641928749656
98.98426254450335 103.39140002119233
103.11591097219629 103.67255244411291
155.20290152989332 104.31994925226836
105.68051419221167 104.6784004852565
123.19345485303444 104.88739183801236
175.35656990698416 104.93909633968809
129.12415053691453 105.04777098704733
107.38314454299574 105.1659499972415
129.95106954438154 105.19314902147053
100.1410884914058 106.63213914406451
109.3811735641427 107.00640256206428
88.88047700279914 107.37845319736788
123.47353691509088 109.17839274861915
103.00110720227084 111.12645298083814
95.44093647084723 111.13145087463418
127.82286288210001 111.26503815724404
113.15500217737818 112.03984035793896
117.57928688391014 112.15784937017739
150.16000325985235 113.2085473644995
113.71598575807106 113.37844747476252
115.01364812915129 113.40075503176013
115.60564831131417 113.63263623296649
146.09706670840006 114.35840800465478
109.07682374886986 114.98034378044616
102.13764056046868 115.14193299590775
91.87370034077051 115.85030826914823
107.22927023877381 117.40063445213578
124.10371472564705 117.8537425632156
128.088067528556 119.97386997048386
139.33786159493067 120.2042596747441
118.1947834587787 120.69572323514647
117.96430170223014 120.84321341773527
120.0681056205806 120.84559694562626
136.9266300847315 121.07053382382335
116.7961894801131 122.22667135896678
133.014264830866 122.66927120568462
110.0 123.0
114.91025813748134 123.0491365038831
133.8907145997932 123.4473598848499
87.1943538195347 123.59594978655458
122.51475275325825 123.66092196823634
137.8601827565126 124.09575855862546
107.69818157534719 125.1613077176412
94.74743580953538 125.24316825737817
153.5738302777867 125.2547451203119
124.13723959498233 125.5156749613699
103.24011873782837 125.5303851574691
116.88662460946622 125.67320189172158
163.09162682879403 125.68126439858501
127.67241644412034 126.75009405351061
167.0 127.0
132.9742584254497 127.86561633912373
129.06477110493068 128.48508015742414
127.28333329008767 128.63906338342252
117.03830489015013 128.92447784392417
153.22099339390118 129.4444879086041
118.64102321125918 129.66949316261693
131.74695260053633 129.67711667553743
112.85238580781434 129.78061625917925
109.6366712333045 129.80441726038038
128.74347035160417 129.85799158904305
116.49718096486006 129.94035752062922
175.49860428412643 130.52837955609445
113.01200694291079 130.74827170348044
119.3610727289321 131.13025088466853
101.41101039439712 131.14538640778952
108.86970494293095 131.30325554971577
129.43419505640253 131.69728644548982
158.37492026581384 132.57867879010996
133.65948055383163 132.65453930071527
130.35592349521562 133.3131339362953
85.06823722484347 133.3395032420069
125.4111665130066 133.36504406676775
126.35985872109772 133.57232449535505
131.42963257970956 133.84561628729836
122.46268199810157 134.0839942103023
160.76920379315158 134.51031139950783
180.2987578969072 135.56457768094563
109.11406156484342 135.69238873551646
131.31874029788221 136.11301669289583
122.45333295847487 136.1647223410202
120.27675824256282 136.81853983606408
141.5162665934062 136.88821505757966
150.43834634256092 136.96990063430405
137.58170568711284 137.70657327232377
123.99196925775175 137.97463202811522
134.50963509869442 138.06936539492523
141.2975764293739 139.7793822417442
140.55183214769914 140.36481409136584
169.25002034789665 141.2936216804721
135.89105449183427 141.686666103214
136.54011529289446 142.51417031361748
132.22425627660078 142.64167531112713
179.832862289234 142.95762176042513
105.79766584446006 143.45434073137926
162.205147473277 143.56359684349158
144.2814427856294 144.03944466928095
145.29940437561902 144.16383080039125
116.62990170182334 144.53953116155424
152.98413455263614 144.6095204235568
140.88858429375466 145.07986038238906
163.53170281781516 145.15710239078857
154.64305214475326 145.16868371728629
131.27111449093013 145.90444794136556
161.16868456906076 145.96023029473938
122.23285350377729 146.6016585611848
144.17174958363796 147.1569333378931
164.67011219130086 147.85334823965215
158.03159096255797 148.4418524063713
149.9341860865434 148.48642752693902
147.67796073314673 148.60804081094807
159.9251081156339 148.9737851177214
129.39695516084356 148.99344751213394
148.62072546507625 149.0567353150439
166.8228048869634 150.02202435158873
162.78219540987874 150.50406062023038
178.809984250548 150.5545849960063
142.25980619100994 150.55600061617884
148.9223641509949 150.80847168590472
158.1029041982148 152.48894275349858
148.82530609708456 152.52829830825007
175.27585856743008 152.64580636420612
140.83788639530118 152.6517693504887
146.49659649741963 153.84955155550594
133.64778242284808 154.70018047987608
163.91388504963646 154.7345927630337
129.22410940236557 155.55427694101212
113.28131349515114 155.71871674949566
162.84526968085967 155.75060520340497
159.1205253291674 156.4989394053341
148.82451166408964 156.59981507786088
143.9448831044581 156.68037778697808
176.24785203563198 157.92387502491516
178.36587685203946 158.46450858658574
158.03430943235625 158.47327907738378
161.60493039043908 159.2267482006277
141.7451556732563 159.69400713378542
139.20440889217153 159.72726592696395
161.56964881738844 160.615420607965
156.3264029318737 161.82083897346055
153.30991892181075 162.43447223775922
166.99418655387495 163.1703311858767
129.21201702955253 164.0222025320292
173.82332159713434 164.15838610693942
173.95011056998968 164.96170218890097
153.56797818165836 165.5788842039651
181.13930451819428 166.76465788522304
175.9933843916716 170.9568591694624
164.2027797818008 171.5670654709263
169.62539116083167 172.42597738460552
178.78809060134526 172.49107917710822
162.8500113331825 172.55674573556811
140.78127827124425 173.35892277001216
173.4438067148683 173.36601672133054
155.46182326554828 173.48510885047688
119.65385274833315 174.2759512751636
164.91732142956485 175.8613845074153
190.0 176.0
177.49743216665496 176.145722761509
96.37004745246537 176.69279411003834
179.99604450489755 178.00395549510245
111.00438957155177 178.0534512875625
175.77636771218545 179.7991235098056
184.19444515364853 179.83832820585522
189.04082135619703 180.0035837949268
169.88991385399672 180.7633290457293
178.71596841506812 180.83554098951888
180.83860506887885 181.61624332226603
162.31398860088711 182.76016624090158
175.53860401229346 183.09845129093344
188.9963025330578 183.6100244074726
176.3188849206562 183.7036298701648
174.07350685636766 184.62038873616078
183.78693982514866 185.05640719901822
186.52618175736995 188.8680530944677
191.93616693427637 189.867192417101
190.3483949073165 191.9439526600105
198.7795039361841 197.1638371999828
