65.0 126.0
180.0 127.0
165.0 130.0
167.0 133.0
134.0 134.0
145.0 147.0
156.0 148.0
178.0 148.0
163.0 150.0
183.0 150.0
154.0 150.0
173.0 152.0
153.0 152.0
160.0 152.0
174.0 154.0
179.0 155.0
176.0 155.0
177.0 155.0
160.0 156.0
148.0 156.0
160.0 157.0
164.0 157.0
143.0 157.0
165.0 158.0
173.0 158.0
167.0 159.0
157.0 159.0
161.0 159.0
184.0 159.0
154.0 159.0
154.0 159.0
179.0 159.0
180.0 161.0
162.0 161.0
108.0 162.0
168.0 162.0
160.0 163.0
170.0 163.0
163.0 163.0
157.0 163.0
164.0 164.0
156.0 164.0
161.0 164.0
153.0 165.0
166.0 165.0
164.0 165.0
164.0 165.0
159.0 165.0
169.0 166.0
161.0 166.0
170.0 166.0
154.0 166.0
176.0 166.0
156.0 167.0
173.0 167.0
154.0 167.0
158.0 168.0
164.0 168.0
151.0 170.0
142.0 170.0
199.0 171.0
169.0 172.0
162.0 173.0
156.0 173.0
174.0 173.0
173.0 174.0
172.0 175.0
186.0 175.0
179.0 176.0
194.0 176.0
167.0 176.0
173.0 176.0
183.0 176.0
184.0 177.0
166.0 177.0
164.0 178.0
188.0 179.0
173.0 180.0
162.0 180.0
139.0 180.0
134.0 180.0
178.0 181.0
179.0 181.0
160.0 181.0
175.0 182.0
167.0 182.0
174.0 183.0
200.0 184.0
182.0 184.0
133.0 185.0
173.0 186.0
183.0 187.0
180.0 189.0
157.0 190.0
136.0 190.0
140.0 190.0
149.0 191.0
185.0 191.0
187.0 193.0
172.0 196.0
196.0 197.0
158.0 202.0
