81.0 93.0
161.0 118.0
138.0 121.0
134.0 127.0
136.0 129.0
153.0 130.0
134.0 130.0
129.0 130.0
133.0 131.0
134.0 131.0
142.0 131.0
139.0 132.0
134.0 132.0
134.0 133.0
133.0 133.0
128.0 134.0
125.0 134.0
133.0 134.0
143.0 134.0
137.0 134.0
145.0 135.0
142.0 136.0
141.0 136.0
128.0 136.0
138.0 137.0
131.0 137.0
125.0 137.0
135.0 138.0
148.0 139.0
132.0 139.0
139.0 139.0
136.0 139.0
144.0 140.0
132.0 140.0
150.0 142.0
143.0 142.0
136.0 142.0
153.0 142.0
136.0 142.0
146.0 142.0
144.0 144.0
140.0 145.0
142.0 145.0
134.0 145.0
134.0 145.0
144.0 146.0
145.0 146.0
145.0 147.0
132.0 147.0
149.0 147.0
130.0 148.0
144.0 149.0
154.0 149.0
139.0 150.0
141.0 150.0
157.0 153.0
