42.84618425191629 48.183129845399954
63.85240592449155 52.1876955879391
53.56471148024673 54.08507368944712
47.917800446236214 58.26366974878259
58.82032954355044 59.57017573079408
64.62470645517415 62.69084756647061
64.50276946014438 62.946754922568445
147.0 63.0
103.91892917754849 75.56879418067496
80.93834483648389 80.90114963149807
85.80479867873197 81.57675390431338
92.4324381197132 82.71496945242684
104.65313032098268 83.51389009206117
85.36494226562188 84.99734856034208
96.85730294299458 85.16006026186501
68.05626813215116 85.5912495747245
82.70224996307712 86.50294814408849
85.75894226709576 89.86493396597673
80.3000186792276 91.03575758752234
86.35075385937115 92.6481272402885
92.37000428198708 95.51984211242224
98.66654019218839 98.67799177748003
101.54522333201976 101.98782682376215
104.72776902294419 103.53325004219641
96.51889229334266 105.18479320607592
128.98444927829428 112.50195013624743
119.10793696319675 112.74657100520929
124.54506163763806 114.59655085698623
105.00171661522774 116.78566507035914
116.47917263390124 118.56444784308233
109.97834305327518 119.35671954159797
118.21990285186546 120.75895402141045
121.85730760503542 122.50040001248186
112.87567368257785 125.9113645356562
131.20143573831223 126.27876570530566
127.57405551384153 127.81549550646652
128.97755920011838 128.15797459420122
123.4603026965886 128.18639995492052
145.33126363311047 129.03590749595764
131.24696506684816 130.3096992348673
118.05249062609492 130.8949081732717
115.39132397532696 130.89507700510688
135.28779576619624 133.82310636020233
129.61609308475226 136.4401388114319
146.38261305956598 136.9380850312275
140.55693747357412 137.79570896930375
135.3445766312571 141.72974597679118
141.41822340735817 143.63161625828056
134.31313610771963 144.43256470966224
169.6227641119431 145.0407313623694
134.74444210505968 146.25138085289518
154.0938531955524 146.7470336668845
150.04380629381507 151.77989270549386
85.07864063720032 154.01572812744
162.5512676057289 154.96398028855435
165.41287873917173 155.39289583436508
165.61970623006127 156.96893164022663
160.5922085435774 159.31732175880543
161.4042727435332 164.80669421764165
155.72376358471246 166.32818339997436
165.63254829567555 167.98467830789872
181.76845667728418 181.16078132025933
177.8577889910682 182.27999183096713
193.41000119805315 192.01729585914453
