89.0 63.0
151.0 112.0
178.0 113.0
152.0 132.0
173.0 132.0
155.0 135.0
151.0 137.0
157.0 139.0
157.0 141.0
166.0 145.0
173.0 145.0
139.0 147.0
131.0 148.0
157.0 148.0
170.0 148.0
167.0 148.0
185.0 150.0
148.0 150.0
143.0 150.0
162.0 152.0
150.0 154.0
177.0 155.0
175.0 155.0
151.0 156.0
169.0 156.0
175.0 157.0
174.0 158.0
150.0 158.0
198.0 159.0
151.0 159.0
184.0 159.0
157.0 160.0
146.0 160.0
144.0 161.0
161.0 161.0
187.0 161.0
154.0 162.0
157.0 163.0
150.0 163.0
149.0 163.0
164.0 163.0
153.0 164.0
146.0 164.0
128.0 165.0
155.0 166.0
145.0 166.0
170.0 166.0
150.0 167.0
144.0 167.0
140.0 169.0
164.0 169.0
146.0 170.0
167.0 170.0
139.0 171.0
175.0 171.0
172.0 171.0
143.0 171.0
172.0 172.0
159.0 174.0
180.0 174.0
122.0 174.0
174.0 175.0
184.0 176.0
114.0 176.0
149.0 177.0
141.0 177.0
178.0 177.0
175.0 177.0
158.0 178.0
154.0 178.0
141.0 178.0
199.0 178.0
177.0 180.0
165.0 180.0
190.0 180.0
166.0 180.0
149.0 180.0
166.0 181.0
191.0 181.0
171.0 181.0
162.0 181.0
150.0 181.0
174.0 181.0
174.0 181.0
186.0 182.0
170.0 182.0
173.0 183.0
164.0 183.0
172.0 184.0
172.0 184.0
178.0 185.0
184.0 185.0
151.0 185.0
172.0 186.0
154.0 187.0
189.0 188.0
174.0 188.0
181.0 189.0
162.0 189.0
145.0 189.0
149.0 189.0
192.0 190.0
185.0 191.0
188.0 192.0
184.0 192.0
189.0 192.0
163.0 193.0
129.0 193.0
185.0 195.0
190.0 195.0
185.0 197.0
192.0 198.0
193.0 199.0
159.0 200.0
158.0 202.0
