1.0 32150.139322434243
2.0 29801.582872786603
3.0 29660.62422960115
4.0 29068.035925490083
5.0 28479.740435687047
6.0 27948.155862482294
7.0 27618.853148212103
8.0 27192.85465996894
9.0 26965.39421716663
10.0 26672.991334630486
11.0 26475.82506015538
12.0 26307.39267155218
13.0 26155.33742915404
14.0 26007.220017951724
15.0 25919.824111389185
16.0 25836.85602197921
17.0 25765.824138380944
18.0 25703.336547295512
19.0 25651.22384041998
20.0 25606.035192121944
21.0 25582.86773309802
22.0 25546.94867267174
23.0 25518.26253477232
24.0 25499.321811202044
25.0 25477.623522478338
26.0 25467.155676465336
27.0 25451.175067621047
28.0 25439.582444330576
29.0 25431.46756507359
30.0 25422.80323269006
31.0 25414.199407615644
32.0 25409.558225441924
33.0 25404.92471293165
34.0 25399.84645751958
35.0 25396.589027315003
36.0 25393.856211686278
37.0 25391.25299449517
38.0 25388.847413508178
39.0 25387.275923028294
40.0 25385.87555780197
41.0 25384.568169365073
42.0 25383.516168846396
43.0 25382.559452369787
44.0 25381.665463821653
45.0 25381.338974939103
46.0 25380.78901913832
47.0 25380.10939729573
48.0 25379.696217994242
49.0 25379.42703485405
50.0 25379.106049994294
