1.0 36776.04721273418
2.0 33807.30757826725
3.0 30390.126555340765
4.0 29842.568915443015
5.0 29258.599750054633
6.0 28483.15655449853
7.0 28046.17379908013
8.0 27754.17144899379
9.0 27488.389418285715
10.0 27287.287855263658
11.0 27006.150861580918
12.0 26825.523239747345
13.0 26667.297320733847
14.0 26479.86868477161
15.0 26389.487182321336
16.0 26295.695657375072
17.0 26252.42416848416
18.0 26198.153237377133
19.0 26135.24765487458
20.0 26087.358278677475
21.0 26047.442206585743
22.0 26001.65283094382
23.0 25974.885214884027
24.0 25956.911672853934
25.0 25943.20824805695
26.0 25922.63578139196
27.0 25909.888254595895
28.0 25900.64974119899
29.0 25890.098139173628
30.0 25883.084352346672
31.0 25875.618266453315
32.0 25871.659457117174
33.0 25866.942338303346
34.0 25863.355318954607
35.0 25858.53655397548
36.0 25856.05711328124
37.0 25853.35613947235
38.0 25851.215198098864
39.0 25849.488706640594
40.0 25848.75965349819
41.0 25847.573286451305
42.0 25846.65893036909
43.0 25845.34359906367
44.0 25844.749278920157
45.0 25844.01443548009
46.0 25843.37389326401
47.0 25843.040005353614
48.0 25842.648121643528
49.0 25842.268446868737
50.0 25842.031478835335
