1.0 53.191664806407026
2.0 52.12278871753924
3.0 50.5874335025891
4.0 49.226831698617154
5.0 48.01280639443801
6.0 47.4126611479343
7.0 46.63068423030116
8.0 45.96767308575473
9.0 45.414006000764076
10.0 45.00701482808093
11.0 44.66678071248312
12.0 44.39715810480946
13.0 44.12957846086362
14.0 43.92892282139929
15.0 43.77001949102546
16.0 43.616594049398586
17.0 43.4946038925697
18.0 43.394131011062605
19.0 43.31044195111554
20.0 43.23833036079967
21.0 43.177791520871715
22.0 43.12639737103665
23.0 43.08287478391052
24.0 43.044709203319435
25.0 43.013613011352966
26.0 42.98830187220988
27.0 42.96631944997728
28.0 42.94731955476407
29.0 42.930941461639655
30.0 42.91884185963918
31.0 42.907249196292625
32.0 42.89739268810583
33.0 42.88902373595412
34.0 42.882259307622014
35.0 42.87656364042398
36.0 42.87117984520869
37.0 42.86717894800931
38.0 42.86354874999254
39.0 42.86069497097209
40.0 42.85821433896911
41.0 42.855960006188035
42.0 42.85435368317559
43.0 42.852861012217225
44.0 42.851615916481805
45.0 42.85049921829505
46.0 42.84964268956164
47.0 42.84889770801029
48.0 42.84826840180579
49.0 42.84773639313403
50.0 42.847307567803796
