1.0 31242.619685019665
2.0 26045.610527885103
3.0 24367.663231391824
4.0 23996.014621521266
5.0 23560.902644652946
6.0 22940.924083006987
7.0 22656.601904272353
8.0 22333.844710050525
9.0 22111.444108074873
10.0 21840.339859135973
11.0 21684.817582411826
12.0 21507.08823185307
13.0 21399.304176131613
14.0 21331.06541004774
15.0 21240.891697539995
16.0 21169.38246111537
17.0 21118.25890655403
18.0 21068.163846189025
19.0 21025.099841519725
20.0 20989.12557672138
21.0 20949.74459588022
22.0 20930.534789119338
23.0 20908.229847442082
24.0 20889.452182308705
25.0 20873.421044521776
26.0 20862.040521842
27.0 20852.0739588408
28.0 20844.254509353814
29.0 20835.30307851638
30.0 20827.67510836958
31.0 20822.723619741595
32.0 20817.900386656827
33.0 20814.00753365149
34.0 20811.87579155035
35.0 20809.076001881385
36.0 20806.00590631027
37.0 20803.856860469743
38.0 20801.91148025202
39.0 20800.713986950967
40.0 20799.996593488308
41.0 20798.404153318705
42.0 20797.78546206477
43.0 20797.036214793774
44.0 20796.649254417272
45.0 20795.847333637586
46.0 20795.42662796245
47.0 20795.181030234708
48.0 20794.895126604508
49.0 20794.54261345382
50.0 20794.352576924124
