1.0 23259.716883630994
2.0 20870.82933224499
3.0 19718.499778480113
4.0 19151.34624688736
5.0 18415.350468303393
6.0 18057.11639754623
7.0 17759.12457733373
8.0 17479.384008946527
9.0 17275.247452406107
10.0 17103.6073533376
11.0 16913.96359049628
12.0 16813.60050098126
13.0 16689.5136362159
14.0 16630.05909908619
15.0 16556.48190944622
16.0 16501.776709243826
17.0 16451.309444074494
18.0 16403.56340427962
19.0 16369.320008651244
20.0 16336.798631542559
21.0 16311.912398262893
22.0 16291.036982961556
23.0 16273.261722146462
24.0 16258.568639402905
25.0 16246.81412134569
26.0 16236.890615206095
27.0 16226.230530412331
28.0 16219.416464291517
29.0 16213.217463939092
30.0 16208.074061607324
31.0 16203.223884165121
32.0 16199.342387278082
33.0 16195.697799604408
34.0 16193.835340096828
35.0 16191.271506609828
36.0 16189.419809828512
37.0 16187.888152923597
38.0 16186.42877591625
39.0 16185.189562405365
40.0 16184.20622250799
41.0 16183.32934885087
42.0 16182.631858191586
43.0 16182.129779879595
44.0 16181.59390811534
45.0 16181.107496297494
46.0 16180.778895518924
47.0 16180.490962746619
48.0 16180.219029925947
49.0 16180.015705671618
50.0 16179.840875328468
