48.0 38.0
62.0 40.0
101.0 51.0
111.0 60.0
55.0 61.0
88.0 62.0
94.0 63.0
70.0 66.0
78.0 67.0
108.0 67.0
104.0 68.0
76.0 69.0
52.0 71.0
96.0 71.0
75.0 73.0
103.0 73.0
75.0 75.0
75.0 76.0
61.0 79.0
125.0 84.0
138.0 84.0
118.0 84.0
110.0 84.0
87.0 86.0
115.0 86.0
70.0 88.0
72.0 88.0
100.0 90.0
134.0 91.0
87.0 92.0
100.0 92.0
95.0 98.0
129.0 100.0
143.0 106.0
108.0 107.0
107.0 109.0
121.0 113.0
114.0 116.0
91.0 116.0
106.0 117.0
121.0 118.0
102.0 122.0
130.0 123.0
98.0 129.0
