128.0 67.0
113.0 71.0
161.0 74.0
141.0 75.0
81.0 78.0
155.0 80.0
138.0 82.0
89.0 82.0
124.0 82.0
145.0 82.0
109.0 85.0
101.0 88.0
121.0 89.0
122.0 90.0
124.0 91.0
130.0 93.0
157.0 94.0
92.0 96.0
137.0 96.0
138.0 96.0
110.0 97.0
150.0 97.0
163.0 97.0
130.0 101.0
84.0 102.0
164.0 103.0
161.0 104.0
130.0 105.0
132.0 107.0
110.0 109.0
126.0 109.0
116.0 110.0
133.0 110.0
150.0 110.0
132.0 111.0
121.0 111.0
120.0 111.0
135.0 111.0
116.0 112.0
130.0 112.0
123.0 112.0
128.0 113.0
106.0 113.0
113.0 113.0
101.0 114.0
124.0 115.0
128.0 116.0
127.0 116.0
110.0 116.0
105.0 116.0
153.0 117.0
136.0 117.0
123.0 118.0
120.0 119.0
128.0 119.0
156.0 120.0
112.0 120.0
138.0 120.0
139.0 121.0
132.0 121.0
115.0 121.0
140.0 121.0
129.0 122.0
131.0 122.0
134.0 122.0
110.0 122.0
141.0 122.0
149.0 123.0
128.0 124.0
134.0 125.0
128.0 125.0
133.0 125.0
135.0 125.0
144.0 127.0
136.0 127.0
125.0 128.0
141.0 128.0
130.0 129.0
129.0 129.0
132.0 130.0
124.0 130.0
136.0 131.0
134.0 131.0
151.0 131.0
131.0 132.0
141.0 135.0
136.0 136.0
140.0 137.0
123.0 137.0
129.0 137.0
139.0 137.0
103.0 143.0
129.0 168.0
