85.0 75.0
152.0 132.0
173.0 132.0
136.0 133.0
115.0 135.0
129.0 137.0
139.0 147.0
157.0 148.0
148.0 150.0
143.0 150.0
184.0 152.0
175.0 155.0
156.0 158.0
169.0 158.0
151.0 159.0
132.0 159.0
146.0 160.0
161.0 161.0
187.0 161.0
156.0 161.0
154.0 162.0
157.0 163.0
168.0 163.0
164.0 163.0
153.0 164.0
146.0 164.0
145.0 166.0
170.0 166.0
150.0 167.0
159.0 168.0
162.0 169.0
164.0 169.0
167.0 170.0
159.0 174.0
141.0 177.0
158.0 178.0
154.0 178.0
166.0 181.0
173.0 183.0
151.0 185.0
172.0 186.0
162.0 189.0
145.0 189.0
165.0 190.0
185.0 197.0
