80.0 52.0
155.0 73.0
98.0 78.0
90.0 83.0
98.0 91.0
124.0 96.0
120.0 96.0
114.0 98.0
147.0 99.0
82.0 101.0
159.0 102.0
105.0 104.0
157.0 104.0
139.0 104.0
108.0 105.0
113.0 107.0
111.0 107.0
108.0 107.0
114.0 108.0
122.0 109.0
115.0 110.0
117.0 112.0
114.0 114.0
120.0 114.0
129.0 115.0
120.0 115.0
116.0 116.0
123.0 116.0
145.0 117.0
122.0 117.0
124.0 117.0
101.0 117.0
101.0 117.0
113.0 117.0
127.0 117.0
126.0 117.0
117.0 118.0
113.0 118.0
128.0 119.0
127.0 120.0
130.0 120.0
123.0 121.0
106.0 121.0
126.0 121.0
121.0 121.0
117.0 122.0
130.0 123.0
128.0 125.0
161.0 127.0
108.0 129.0
130.0 129.0
107.0 131.0
124.0 131.0
141.0 131.0
117.0 132.0
117.0 133.0
128.0 133.0
89.0 135.0
103.0 135.0
111.0 137.0
125.0 138.0
117.0 138.0
142.0 142.0
136.0 144.0
119.0 144.0
120.0 145.0
130.0 146.0
143.0 146.0
144.0 146.0
138.0 147.0
125.0 147.0
143.0 148.0
102.0 150.0
132.0 151.0
111.0 152.0
112.0 153.0
130.0 153.0
137.0 156.0
123.0 159.0
