24.0 20.0
63.0 30.0
37.0 34.0
57.0 36.0
51.0 38.0
70.0 39.0
50.0 39.0
53.0 40.0
51.0 41.0
38.0 43.0
50.0 44.0
72.0 44.0
59.0 45.0
56.0 45.0
48.0 46.0
53.0 47.0
53.0 47.0
34.0 47.0
57.0 48.0
91.0 48.0
52.0 48.0
44.0 49.0
78.0 50.0
73.0 50.0
65.0 50.0
58.0 50.0
57.0 51.0
94.0 51.0
57.0 51.0
69.0 51.0
63.0 51.0
50.0 51.0
59.0 52.0
44.0 52.0
55.0 52.0
55.0 53.0
56.0 53.0
54.0 54.0
46.0 54.0
79.0 54.0
54.0 55.0
49.0 56.0
89.0 56.0
64.0 56.0
49.0 57.0
94.0 57.0
62.0 57.0
67.0 57.0
70.0 58.0
67.0 59.0
81.0 59.0
49.0 60.0
52.0 60.0
56.0 60.0
73.0 61.0
63.0 62.0
76.0 62.0
62.0 62.0
73.0 62.0
48.0 62.0
62.0 62.0
55.0 62.0
44.0 62.0
89.0 63.0
69.0 63.0
70.0 63.0
67.0 63.0
68.0 64.0
53.0 64.0
59.0 64.0
90.0 65.0
55.0 65.0
53.0 65.0
129.0 65.0
91.0 65.0
58.0 65.0
63.0 65.0
73.0 66.0
49.0 66.0
53.0 66.0
54.0 67.0
61.0 67.0
60.0 67.0
59.0 67.0
65.0 67.0
55.0 68.0
106.0 68.0
101.0 68.0
66.0 68.0
99.0 68.0
45.0 68.0
70.0 68.0
67.0 69.0
80.0 69.0
65.0 70.0
61.0 70.0
65.0 70.0
70.0 71.0
75.0 71.0
78.0 71.0
74.0 71.0
66.0 72.0
75.0 72.0
75.0 73.0
78.0 73.0
72.0 73.0
75.0 73.0
77.0 73.0
70.0 73.0
75.0 73.0
45.0 74.0
67.0 74.0
67.0 75.0
77.0 75.0
98.0 76.0
71.0 78.0
82.0 78.0
75.0 78.0
71.0 79.0
70.0 80.0
61.0 80.0
103.0 80.0
91.0 81.0
89.0 81.0
53.0 82.0
48.0 82.0
120.0 82.0
92.0 83.0
68.0 84.0
74.0 84.0
54.0 85.0
41.0 85.0
76.0 86.0
64.0 87.0
77.0 88.0
89.0 89.0
81.0 89.0
66.0 90.0
89.0 91.0
51.0 91.0
80.0 91.0
58.0 92.0
84.0 92.0
85.0 93.0
88.0 93.0
61.0 94.0
63.0 95.0
60.0 95.0
102.0 96.0
51.0 96.0
92.0 96.0
86.0 98.0
85.0 99.0
129.0 100.0
72.0 100.0
97.0 103.0
79.0 103.0
66.0 103.0
60.0 106.0
75.0 106.0
63.0 107.0
63.0 107.0
75.0 110.0
92.0 116.0
47.0 128.0
69.0 128.0
88.0 146.0
116.0 153.0
