93.0 61.0
142.0 61.0
129.0 65.0
84.0 65.0
122.0 66.0
145.0 69.0
78.0 70.0
79.0 76.0
89.0 82.0
94.0 82.0
89.0 85.0
83.0 86.0
78.0 87.0
117.0 89.0
79.0 90.0
95.0 91.0
73.0 92.0
110.0 92.0
91.0 93.0
88.0 93.0
146.0 94.0
76.0 94.0
102.0 94.0
90.0 97.0
109.0 97.0
90.0 100.0
96.0 100.0
140.0 101.0
77.0 102.0
80.0 104.0
97.0 104.0
112.0 104.0
77.0 105.0
109.0 105.0
89.0 109.0
118.0 111.0
95.0 111.0
113.0 111.0
94.0 112.0
82.0 114.0
136.0 114.0
115.0 117.0
106.0 120.0
105.0 122.0
95.0 125.0
98.0 125.0
104.0 128.0
104.0 135.0
98.0 135.0
119.0 135.0
104.0 142.0
119.0 143.0
90.0 151.0
136.0 161.0
