161.0 74.0
137.0 96.0
99.0 98.0
147.0 103.0
161.0 104.0
110.0 109.0
121.0 110.0
150.0 110.0
116.0 112.0
123.0 112.0
120.0 115.0
132.0 115.0
128.0 116.0
127.0 116.0
121.0 116.0
122.0 117.0
124.0 117.0
136.0 117.0
113.0 117.0
127.0 117.0
128.0 119.0
117.0 119.0
125.0 119.0
128.0 119.0
156.0 120.0
130.0 120.0
139.0 121.0
123.0 121.0
121.0 121.0
133.0 121.0
117.0 122.0
134.0 122.0
131.0 122.0
141.0 122.0
131.0 122.0
130.0 123.0
130.0 123.0
130.0 123.0
145.0 124.0
130.0 124.0
133.0 125.0
135.0 125.0
131.0 126.0
174.0 126.0
128.0 127.0
125.0 127.0
125.0 128.0
127.0 128.0
129.0 128.0
135.0 128.0
128.0 128.0
148.0 129.0
132.0 130.0
124.0 130.0
134.0 131.0
124.0 131.0
141.0 131.0
130.0 132.0
135.0 132.0
121.0 132.0
128.0 133.0
138.0 133.0
134.0 134.0
141.0 135.0
139.0 136.0
138.0 136.0
136.0 136.0
123.0 137.0
139.0 137.0
125.0 138.0
141.0 138.0
171.0 140.0
126.0 142.0
111.0 143.0
140.0 144.0
119.0 144.0
120.0 145.0
130.0 146.0
143.0 146.0
138.0 147.0
111.0 152.0
112.0 153.0
130.0 153.0
106.0 154.0
147.0 155.0
137.0 156.0
129.0 168.0
