91.0 109.0
185.0 180.0
186.0 180.0
182.0 181.0
189.0 181.0
194.0 181.0
189.0 182.0
199.0 183.0
188.0 183.0
183.0 184.0
183.0 184.0
185.0 185.0
188.0 185.0
189.0 186.0
186.0 186.0
187.0 186.0
193.0 186.0
183.0 186.0
189.0 186.0
191.0 186.0
186.0 187.0
187.0 188.0
189.0 188.0
184.0 188.0
194.0 188.0
191.0 189.0
186.0 189.0
190.0 189.0
187.0 189.0
189.0 189.0
186.0 189.0
192.0 189.0
188.0 189.0
188.0 190.0
192.0 190.0
190.0 190.0
189.0 190.0
189.0 190.0
188.0 190.0
190.0 190.0
190.0 190.0
195.0 191.0
182.0 191.0
191.0 191.0
191.0 191.0
190.0 191.0
189.0 191.0
192.0 191.0
191.0 192.0
186.0 192.0
188.0 192.0
186.0 192.0
189.0 192.0
182.0 192.0
193.0 192.0
182.0 192.0
192.0 192.0
189.0 193.0
191.0 193.0
192.0 193.0
195.0 193.0
194.0 194.0
185.0 194.0
193.0 194.0
187.0 194.0
194.0 195.0
195.0 195.0
189.0 195.0
195.0 196.0
184.0 196.0
195.0 196.0
196.0 196.0
189.0 196.0
196.0 196.0
195.0 197.0
191.0 197.0
189.0 197.0
188.0 197.0
189.0 197.0
199.0 197.0
191.0 197.0
189.0 197.0
202.0 198.0
182.0 198.0
199.0 199.0
192.0 200.0
185.0 200.0
207.0 201.0
199.0 202.0
195.0 202.0
205.0 202.0
196.0 203.0
196.0 203.0
199.0 204.0
190.0 205.0
193.0 205.0
