76.0 76.0
165.0 130.0
146.0 142.0
157.0 143.0
158.0 150.0
154.0 150.0
155.0 151.0
160.0 152.0
163.0 154.0
157.0 156.0
161.0 156.0
152.0 156.0
155.0 156.0
148.0 156.0
157.0 158.0
159.0 158.0
161.0 159.0
163.0 159.0
167.0 159.0
156.0 159.0
179.0 159.0
161.0 160.0
158.0 161.0
156.0 161.0
160.0 161.0
159.0 162.0
160.0 162.0
156.0 163.0
148.0 164.0
154.0 165.0
164.0 165.0
163.0 165.0
157.0 165.0
164.0 165.0
154.0 166.0
162.0 167.0
162.0 167.0
161.0 167.0
141.0 169.0
151.0 170.0
167.0 171.0
156.0 173.0
173.0 179.0
166.0 179.0
163.0 182.0
