138.0 100.0
103.0 102.0
120.0 102.0
156.0 105.0
102.0 106.0
107.0 107.0
156.0 107.0
126.0 109.0
153.0 110.0
116.0 110.0
111.0 110.0
115.0 111.0
115.0 111.0
95.0 112.0
123.0 113.0
110.0 114.0
107.0 114.0
114.0 114.0
114.0 115.0
137.0 115.0
117.0 116.0
119.0 116.0
110.0 116.0
124.0 117.0
118.0 117.0
114.0 117.0
128.0 117.0
120.0 118.0
115.0 118.0
108.0 118.0
106.0 118.0
128.0 118.0
132.0 119.0
115.0 119.0
120.0 119.0
114.0 119.0
133.0 119.0
118.0 120.0
112.0 120.0
112.0 120.0
121.0 120.0
127.0 121.0
113.0 121.0
129.0 121.0
120.0 121.0
99.0 122.0
108.0 122.0
116.0 122.0
122.0 122.0
117.0 122.0
106.0 122.0
119.0 122.0
110.0 122.0
120.0 123.0
116.0 123.0
115.0 124.0
125.0 124.0
121.0 125.0
116.0 125.0
122.0 125.0
110.0 125.0
114.0 125.0
113.0 126.0
122.0 126.0
127.0 126.0
133.0 126.0
125.0 126.0
109.0 126.0
124.0 127.0
121.0 127.0
121.0 127.0
117.0 127.0
83.0 128.0
123.0 128.0
119.0 128.0
141.0 128.0
111.0 129.0
116.0 130.0
103.0 130.0
120.0 130.0
108.0 131.0
120.0 132.0
121.0 133.0
141.0 135.0
110.0 136.0
132.0 136.0
137.0 137.0
111.0 137.0
115.0 137.0
119.0 138.0
123.0 138.0
137.0 140.0
109.0 141.0
129.0 141.0
139.0 141.0
114.0 144.0
126.0 145.0
105.0 147.0
136.0 147.0
153.0 151.0
117.0 160.0
130.0 160.0
