117.0 93.0
116.0 113.0
120.0 113.0
110.0 114.0
117.0 114.0
123.0 114.0
121.0 115.0
119.0 117.0
123.0 117.0
119.0 117.0
122.0 117.0
133.0 117.0
136.0 118.0
124.0 118.0
129.0 118.0
120.0 118.0
115.0 119.0
122.0 119.0
123.0 119.0
125.0 119.0
127.0 119.0
117.0 120.0
116.0 120.0
131.0 121.0
117.0 121.0
122.0 121.0
115.0 121.0
129.0 121.0
117.0 121.0
129.0 121.0
116.0 122.0
124.0 122.0
121.0 122.0
126.0 123.0
135.0 123.0
129.0 123.0
130.0 124.0
116.0 124.0
121.0 124.0
126.0 124.0
124.0 124.0
140.0 124.0
122.0 124.0
124.0 125.0
123.0 125.0
135.0 125.0
122.0 125.0
122.0 125.0
125.0 125.0
121.0 125.0
125.0 126.0
118.0 126.0
123.0 126.0
120.0 126.0
121.0 126.0
127.0 126.0
116.0 127.0
124.0 127.0
117.0 127.0
121.0 128.0
137.0 128.0
127.0 128.0
124.0 128.0
105.0 128.0
124.0 129.0
116.0 129.0
131.0 130.0
120.0 130.0
125.0 130.0
121.0 130.0
114.0 130.0
125.0 130.0
127.0 130.0
123.0 132.0
119.0 132.0
136.0 133.0
125.0 133.0
130.0 133.0
121.0 134.0
137.0 135.0
125.0 135.0
105.0 136.0
124.0 136.0
122.0 136.0
132.0 136.0
126.0 138.0
118.0 140.0
148.0 140.0
126.0 144.0
135.0 146.0
135.0 147.0
