139.0 82.0
169.0 85.0
109.0 87.0
178.0 98.0
177.0 100.0
185.0 106.0
149.0 106.0
173.0 114.0
133.0 116.0
191.0 118.0
181.0 123.0
159.0 125.0
131.0 127.0
165.0 128.0
178.0 132.0
146.0 133.0
183.0 135.0
162.0 135.0
174.0 136.0
170.0 137.0
188.0 138.0
166.0 138.0
159.0 138.0
186.0 140.0
142.0 143.0
154.0 143.0
153.0 144.0
183.0 145.0
176.0 149.0
197.0 150.0
177.0 151.0
151.0 152.0
164.0 153.0
157.0 156.0
180.0 157.0
177.0 157.0
176.0 158.0
179.0 158.0
182.0 159.0
162.0 159.0
177.0 160.0
170.0 160.0
174.0 161.0
114.0 162.0
170.0 162.0
179.0 164.0
176.0 164.0
162.0 166.0
181.0 167.0
165.0 167.0
179.0 168.0
187.0 170.0
182.0 172.0
188.0 173.0
181.0 174.0
182.0 176.0
167.0 180.0
182.0 193.0
