158.0 97.0
89.0 98.0
133.0 114.0
124.0 117.0
109.0 118.0
91.0 120.0
124.0 120.0
135.0 123.0
148.0 125.0
176.0 128.0
152.0 131.0
136.0 134.0
108.0 135.0
126.0 135.0
114.0 136.0
130.0 137.0
83.0 137.0
115.0 139.0
147.0 139.0
72.0 142.0
136.0 147.0
172.0 147.0
122.0 148.0
149.0 150.0
145.0 150.0
125.0 151.0
133.0 152.0
151.0 153.0
153.0 154.0
124.0 156.0
139.0 156.0
154.0 159.0
130.0 160.0
136.0 161.0
133.0 167.0
126.0 170.0
159.0 170.0
140.0 184.0
155.0 185.0
177.0 185.0
