56.0 75.0
143.0 88.0
113.0 93.0
88.0 94.0
144.0 96.0
131.0 99.0
101.0 99.0
134.0 104.0
127.0 108.0
103.0 109.0
123.0 109.0
129.0 110.0
101.0 111.0
110.0 115.0
118.0 117.0
112.0 120.0
117.0 121.0
147.0 122.0
109.0 123.0
121.0 125.0
139.0 125.0
129.0 126.0
128.0 127.0
102.0 128.0
108.0 129.0
121.0 132.0
122.0 133.0
153.0 134.0
120.0 135.0
112.0 139.0
130.0 143.0
119.0 144.0
128.0 150.0
130.0 150.0
114.0 151.0
132.0 153.0
157.0 153.0
140.0 155.0
152.0 156.0
96.0 158.0
139.0 164.0
122.0 166.0
120.0 170.0
