30.64341494069418 39.82897816307524
44.870185976348765 42.50322225123603
55.70650308207204 43.32601198864922
50.03005699300997 44.34705301389183
59.19467040066693 46.21623131941467
41.887927969064236 47.01577002653232
49.785055522784745 52.30849216334451
56.00224370405671 60.16333093722147
115.13042498563087 60.921944569669016
66.17207704297559 61.22699712295542
69.74768551248609 61.90587447179274
69.49063733073218 63.86143982286039
63.523251259417464 65.89406188965877
63.5356676237673 66.06564949475951
89.7423978452739 67.2607803166617
75.42342612475258 70.50133228358871
64.82074100563469 71.98139443498069
73.86416944619323 76.4040957226286
98.06521241066211 79.28906385236776
84.98411054043319 80.02152619064792
79.93898894505018 80.1839592238529
81.94298383489128 81.01943431695058
87.46680637821474 81.91905868932972
78.1823841882248 83.34232128303431
90.15715391954096 83.4657933597426
86.56636890482555 85.49486490071769
63.54867493349887 87.8283440595569
84.10667592966917 89.39184754578673
102.14774390678876 89.52349478234943
80.21028253905993 89.78590724451978
89.83181039899327 90.05450763478798
105.41355238120919 90.98035696434279
100.85363035343511 91.82355133457419
84.87480860090365 92.74085532156502
107.83059467796168 93.59324197578138
96.53716235235228 95.10075012035115
101.80501220413235 95.18817540717791
110.35097888246793 96.63220992512625
110.63798051299055 96.86234564462782
98.1852588871932 102.41852658958666
94.33561873340841 102.42599219308451
106.99554853878082 103.48296756259303
105.02092683212348 103.72247843961026
90.3114581706547 104.09417688183844
120.3406489268416 104.62590473011764
90.44152003014804 105.00390777789663
115.13826506025627 107.06938690333385
94.53743061284663 108.91596975197736
94.42064608666725 109.12600558155876
104.87925724073564 109.3709881424721
117.26617488934255 109.992571739539
107.0 112.0
93.79832583689587 113.74942264765959
114.50318512331822 116.27303998406038
134.52670037988133 116.31277536600881
132.61856645487643 116.61371134684585
117.87942040160885 116.71762393691728
128.51994895144233 117.03995505216761
127.42939845641367 117.7206135320106
133.2313857123456 121.28678176442556
122.56428517270717 121.6716956506865
117.37655815383714 122.08329112852992
105.58140224403503 122.59108563203131
129.11720732116407 123.42253734084056
119.55840258679135 123.9767187292854
119.83441817887204 124.20095409356472
133.69903254934144 125.18140321839661
166.75111493883395 125.40118556763409
137.92550132843638 126.18458815679028
131.46352753752797 127.6256199313284
119.18854011277926 128.39909904979342
115.81744194888107 129.3237843672114
125.44626918312925 129.3764793214034
126.7708575296863 129.51279281698947
132.53801051295324 132.6711131764475
113.9585614693161 132.74158435465003
138.76965179571786 133.84913564508426
126.98094999572584 134.00550369020442
152.04708005152654 134.1723169283145
112.71330731937604 134.226196922724
122.01578432075829 135.72958685823872
158.0556182404048 136.06048338839278
108.8633140602944 136.0870666705614
141.58043205003958 136.3809721797283
134.913854323595 136.633167015241
104.19806536952571 136.85497917422518
137.05065209610387 136.8582197041259
158.64489439816907 138.69635365367168
129.3765468160829 138.95441930950136
147.57382747955853 140.20010932135028
104.90054260774816 140.53773717116724
141.42354111475774 140.794837037462
84.28197529645242 141.14314410669292
153.22501609894871 141.90067752352587
127.707486063101 141.9519809389942
163.21270276240844 143.23346318643124
135.66937701409708 144.37066985571838
123.77628023944038 144.58873959305942
166.10267171471273 144.77024753864512
154.82288881539776 144.894836492888
145.58090940191326 145.1790965172008
149.419181064011 145.32674710421745
160.8344584761718 145.719054199882
124.98702843963162 147.90854033394197
133.74880184887766 151.25402097523093
145.306609173644 153.33257500417437
133.95379959744665 153.33665616846315
172.11316836075125 155.67806649443557
171.40094561689315 157.09461055441855
154.9716232832596 157.40273293188392
170.31359125470257 158.8919110276837
156.71295581893986 159.05171609421043
144.06705934067145 159.23524014160517
168.11184450445492 161.34674574568913
144.58261430730624 161.72719987765907
132.44512589331313 162.3650111843102
156.83099911041572 163.86464020353347
172.08340443989673 163.9307348452714
150.93758978997843 167.31943950362935
173.68838771940153 169.0689036697957
169.3611272757101 172.47655783567797
171.19262384528392 172.9930521267112
179.1135266060537 173.6179290326669
177.10134873319558 177.68479240549723
181.1835844929874 181.875773246898
180.33257480826018 185.31853300981686
187.05868925214256 186.44350520278297
197.03848413361104 194.7981254438062
