63.0 30.0
32.69117385289397 30.924714255339378
33.0 35.0
55.79659606135876 36.4118530730847
25.773991954270684 38.275189520111866
47.35718606604969 38.79242746305388
44.92257689334412 39.72912706035778
37.21080743654225 40.480627282877485
44.51211065125609 41.57526476409741
30.841016265490495 41.730203286710314
40.38534558562131 43.49589384796078
54.97552224356906 44.58285337168631
45.14190845671657 44.77564120288822
51.598606558466024 45.21797239239852
41.61050956599147 46.58214941019976
43.64944988054307 47.64495552124569
62.238004480115066 50.329765487236834
76.56470183494501 50.532381695018216
42.0 52.0
42.0 52.0
54.842014310202075 52.158208041496664
52.55781483605284 54.615595968096315
36.0 55.0
55.507650698901266 55.27273525207738
54.633255303566735 55.6318256299421
63.25391756804856 56.45768040532525
58.276217099166935 56.48419405401287
63.76138434827859 57.12403658804339
68.16300677872482 57.2637794587774
118.30908670119682 57.54703660985009
106.53201433899791 57.9779509487802
106.0 58.0
53.38293617194955 58.19768049348118
50.36514486885746 58.25431980683753
132.3737425594762 59.215101866064494
54.702294458379704 59.29032083505529
61.16096811305116 59.41892279644021
67.7329309454469 59.48654845395147
68.56138145190995 59.78509727294664
147.84681682116772 59.78872299086388
131.13465917744585 60.02244319624097
121.65164086477122 60.51173887454969
71.94699162557977 61.57369758632385
52.75187056700221 63.17145446666077
67.75608124163705 64.14122103565751
68.35007574363509 65.09463747477332
59.39890028669484 66.627458077301
99.20208605794977 66.66250441379475
74.32355602645984 66.981422828799
61.6441946385876 67.28403709351026
94.18044470695274 67.39900641546198
95.15819588409067 67.84033222889516
64.83869705827098 68.37418726257104
65.42511920172446 68.52050238028257
102.9389171323764 69.45933233306661
70.27979567951155 70.26062984874088
81.56018764130577 71.19123613698675
136.835699273365 71.63992797896226
75.05546850709679 71.95470335069832
62.22407939349789 72.16529747943196
76.1798231633646 72.23679810029218
79.5314505977149 72.4191824977412
66.43922980656585 73.42988054603755
73.38896225491908 73.55360062367856
65.74224041692422 73.91796717099167
111.91981607386715 74.4398620554004
88.1607835365764 74.53112770836776
97.29737821250998 74.9390949213419
92.21710620799307 75.0763608342564
75.75636466280994 75.25464797651671
160.92844273950215 75.36731385736509
53.05623844015928 75.43675191476757
115.20090745387621 75.92978475238642
98.0 76.0
71.31829420189156 77.14529031908472
116.73996931741804 77.67805920056888
87.61133784190756 78.26247126786075
86.63613687133528 78.32112452764545
156.0 79.0
89.97712480079078 79.7874089640502
54.3070185033194 80.23480799324231
69.96428677145825 80.37218328791712
70.44309478760077 81.63671567714648
68.94047381886621 81.66983638595104
76.86364872630917 81.7895773127967
70.1897678938156 81.8608423701326
95.42125539253064 82.263766177592
88.60950310970502 83.09752956118041
85.62815844373841 83.27092541608977
98.18555656009514 83.46941462931711
104.97153120193937 83.47710574940741
83.76823099920942 83.62153185118248
84.55702387421327 83.92700944100706
75.53549576268769 84.21758580132519
90.46538004982884 84.84791909193967
86.63256133474859 85.39349709175897
137.17474533146725 86.22853366330534
92.23223545475038 86.4444396701481
118.08163089190151 86.48845186728744
131.74853231209875 86.58471854537255
66.23390150782625 86.67291698249933
96.49043606729069 87.06078835702567
107.06295653349818 87.43866802839905
98.8583835904242 87.54717140347189
57.34725111086316 87.98173560003386
100.30278180311791 88.12144944380074
80.25425009187587 88.41196571413812
81.06886688886833 88.89071309703107
79.4590314056592 89.16460306230604
79.40361393525636 89.55588069366286
90.66995480813132 89.90303501127147
97.88330304349454 90.13529124128686
115.20364271168877 90.29053864275271
108.08701361363377 90.73340997348727
119.65792025943574 90.7338377855845
83.16277370787769 90.74166849587542
90.5596958269844 90.86503247672894
88.0 91.0
164.52421176625265 91.06611280332038
91.62539314192519 91.1617976024842
92.45854919657305 91.24924915572787
129.62391627326315 92.05611401268774
76.86726673467325 92.42821736674964
153.93157538525833 92.55416656839436
95.29493126830492 92.7316933372542
137.39442297786417 92.81918148880608
104.05333778257727 93.25762438126878
104.90239637602062 93.38978111898531
84.3984845786458 93.49996134932863
79.02899150191062 94.06404731575527
118.57398571490957 94.22325981868343
101.61626078000846 94.43264364859414
145.52110287393262 95.03301744781402
94.9766927633125 95.235104358522
147.72763365377202 95.6041856088359
100.18115425396822 96.17479599882539
101.78472044201361 96.18082566542853
135.21872570278916 96.38427545221123
94.63800571389483 96.71674755347529
113.07224277448891 96.91579294365097
153.42020118441877 97.2490321426604
98.1379456442094 97.54150715050179
82.34864681986458 97.54635999604884
149.0840099718016 97.90516147735465
99.05787761122214 98.11674149393386
108.59632613649828 98.17590864756603
96.3297207281567 98.39095730409592
170.14002491505926 98.69874441453932
92.177186096857 98.8179239029617
107.6291739037448 99.28726670351027
119.99000252209697 100.692998684769
134.96946524262614 100.9053309477428
89.20973089248005 101.26694276563934
140.16868253932373 101.27346072311718
119.46299821444616 101.34560473991266
95.48058100155033 101.5359988836552
141.6666498058293 101.61659423688161
98.91630123695782 101.71859082177127
84.0 102.0
148.66495655679253 102.82328525632938
125.69053896239053 102.92228972394467
101.97429771936488 103.00184881852604
105.66995835366119 103.16454846832045
147.7381801573976 103.2113105734313
83.18286884604673 103.68365926824312
120.79399602600147 103.7726563413858
86.83836684917434 104.12182445131032
107.16904644978091 104.25645057919883
128.43756314765943 104.30793370328907
80.62011693268128 104.49346457099756
116.87397497961707 104.67686850221035
102.44098583161767 104.94105548862932
78.0 105.0
122.82676982521602 105.06294370434527
97.02706671232971 105.20586838311225
80.43496158988209 105.53992864370588
115.25986465794287 106.57237861715323
99.01711130496565 106.69415267511407
159.88424702081525 106.9778315501837
42.0 107.0
98.74641118516972 107.23366001667702
102.05573979788767 107.6496079633225
142.51713830149754 107.91191159957415
87.63220369222789 107.92074496133607
112.57431929316445 108.11623849953294
125.41353467814194 108.39269069532027
158.27249811077886 108.39717370526078
113.29672596472162 108.43965576535892
122.74012778633535 108.46314714898747
127.0 109.0
96.90841808236875 109.31956147796824
89.86735330270133 109.81450060401629
97.15447193740087 110.30474977646355
96.91508899256856 111.22284085286499
154.99269952372896 111.99443773236491
105.46555501112702 112.02875015009249
101.0420725339811 112.55902472105846
108.28175229970451 112.69036828679177
113.91857307746477 112.79286760677883
151.31401865526271 112.84170410452404
118.34914031070292 112.85124227962494
113.39274783899305 113.21193636300364
132.4752255318841 113.38788507445265
147.40306151213167 113.95992557393626
82.0 114.0
115.86967804401498 114.01647583707935
109.8947330185911 114.11674688073732
129.29936691220996 114.31683712360055
124.67146910385743 114.35713407742188
123.39138866108964 114.47714623957525
85.13258468300569 114.68105055659294
107.16169971882341 114.68215026817
121.25836924059394 114.70893255215881
121.59471936801658 115.3390633486176
134.03228733766636 115.503663767793
115.7485523223653 115.69155272804932
74.33302769530792 116.47931446255592
88.6417147165545 117.27574310127802
101.30212653408607 117.45369916500732
158.60372131984224 117.70487800492279
118.3379346205517 117.76321833497477
129.67017644522966 118.25260669954366
84.28618520875136 118.25957018836624
130.68941908128406 118.43719208331456
124.0848687630434 118.66306595920813
118.36452275489127 118.7280152546015
136.0 119.0
110.92563029922188 119.49364840566818
124.43105377666542 119.82411039987828
108.82397211455728 120.32647719181762
100.3581072170339 120.46024733025907
132.65042020041162 120.53284075738361
168.72341940395484 120.77122696491762
99.08753603693738 121.5440360860753
105.12521200055339 121.67206652100418
163.0 122.0
111.82429580743842 122.59088938428394
141.46294686699622 122.62946866996312
124.40146893083627 122.95851323403636
121.35146202311498 123.09851449291129
125.52936267913586 123.19894999583438
130.39284740789216 123.49888110060589
100.65374170180937 123.8911955171333
120.96213678698358 124.82427230436879
111.29681633979008 125.11688138437312
143.09069988663546 125.36784591008278
123.70470197241188 125.6747925440514
105.77162821064532 125.69099016411704
139.14535959455137 125.89776571435111
137.20885849077823 126.16220022639013
116.89558403547998 126.26390223409263
135.76949839709894 126.34121496934696
120.62433588575226 126.66241035712092
120.58359880315533 126.71966611914293
94.54282498959459 126.98186910185896
167.0 127.0
167.0 127.0
123.96376097293965 127.64963138551504
136.84673821211643 127.91481870686734
124.69500338387144 127.95892911954815
96.0 128.0
122.2282393204314 128.0053695561759
129.90901933837768 128.32271711686272
107.19514183023104 128.40108204368195
150.60832536600833 128.57812393876932
132.69489772000432 129.40423259240842
153.31626668228535 130.10121194954073
154.51190404702623 130.14288743375047
74.03148155405762 130.39905666046744
162.55728229557204 130.5687027937227
174.59459038368396 131.02452759977106
126.04468914791457 131.18693268713372
123.80260246806432 131.22536699791488
131.25822786611096 131.31005797441455
117.83778053304327 131.5564800104832
129.46848777768264 131.61587046989996
133.53608290613968 132.17432426880168
135.86296310183954 132.32708588372824
154.99402761474497 132.79329370260544
127.51627225769718 132.98140313406034
122.74760345518246 133.79800525023717
183.5876545901367 134.6112341342201
124.25984878166103 134.7713820220769
141.6785402419959 134.87012797191184
150.5060984186234 135.0078574549932
126.52309106845891 135.10467306862856
137.14674274143272 135.2321362881159
141.57786142632477 135.47031463942793
118.84495490732368 135.57546884532445
129.6199407258533 135.9242765654507
109.40775682211809 135.97177596681962
144.3971206518202 136.07396472588258
131.287257423325 136.47772665995535
154.5530895882748 136.59556125889452
164.95606623129214 137.4731993232523
104.9848186337383 137.6615679816429
81.0 138.0
134.4439813510734 138.3856126187861
163.96042639084467 138.40502420008528
139.1458605616905 138.43423283993823
134.02537469308265 138.68624952527725
118.01547845443409 139.09495609493496
146.07072449311372 139.2862116407052
160.78151900607918 139.39588052815142
112.45089668809172 139.5026197875461
148.15170987428985 139.95986421647046
137.17201181496955 140.04675274569104
147.00764415763896 140.12230652222456
130.7294404874721 140.1780564069005
142.98630674866516 140.24035023925424
118.65025150757937 140.34974849242064
102.27981504568011 140.70208864410236
146.88704224178628 140.84665934161876
108.80480473514184 140.9126611225904
115.80120718668499 140.97351571398687
166.7939384532994 141.43371761943177
156.8550154756214 141.74331766483283
117.4614732332464 141.86927334257868
152.2264696345638 142.72895216621646
128.60670906338535 143.1048752277419
134.82257827213255 143.25257552206494
119.01132937037694 143.27721776006513
146.82062050069476 143.2879081953006
141.4329370428377 143.36812252008502
144.31458830280403 143.38709166345885
130.4587962036474 143.552315285668
163.7944782924356 143.58529982852932
167.0 144.0
107.67149526944041 144.11980796499884
115.83662618490557 144.62276189321233
106.60588271348837 144.953577378457
151.5035753596311 145.13976413305537
142.449169352011 145.29453221766553
162.86782815413255 145.52367284169432
114.15630586740323 145.5453954782964
104.9755432414028 146.07794584898727
111.32794396791151 146.3096575286893
124.94724114555775 146.50252419420266
114.78041503212717 146.69112144316077
137.6466932014825 147.3211063967675
176.99411979479632 147.44598965315237
127.96887142486915 147.510053019197
151.89368473401638 147.89014752044403
178.0 147.98248643738702
151.21978345234876 148.00352025714008
180.0018372835402 148.58180830175985
133.6487702786635 148.61825154359423
128.99350588199448 148.71823512737822
148.23517033024612 148.80221928272465
149.3598085075747 148.89832411412272
120.42032338748471 148.91117072586314
142.65729055357932 149.18907788124685
138.13224525301635 149.70083376057
118.7830235109464 149.75131383843464
152.41746442140433 149.76510603133525
145.82909817028954 149.7992734586143
153.52370603891396 150.34825576486801
152.90046992862247 150.52529926659182
162.82341377532688 150.55586845142827
143.09074066556965 150.74198730851023
178.9722197675651 150.8760330875442
90.0 151.0
108.08442432758314 151.04426902973296
160.92064495108127 151.07507021819893
165.22906087353434 151.36395548071926
167.19183686146886 151.4406585184142
135.6645310458344 151.49888305160485
156.9312490850321 151.78362315652788
117.58954316461391 152.1580675926167
132.21186893807462 152.18235259918805
184.1473920292364 152.25793605116368
155.7105487974211 152.95796594865348
160.0 153.0
152.42259444030734 153.04211214992904
146.06169507635096 153.22296638550384
85.02366402417846 154.00473280483567
161.72719751263475 154.061366099602
172.0463635161723 154.49035648700024
148.37237531799505 154.58322006785343
139.0 155.0
118.98973055875393 155.04849137652312
165.5616392927698 155.3890492730143
176.50317288905114 155.5007056500866
127.6201225849584 155.5064790688904
136.92359723250195 155.7229052095847
145.47007304256388 156.86448475904652
138.0 157.0
157.73564499344562 157.20445116441928
163.32760515952214 157.62548323525462
161.6199965613866 157.71153344897132
109.27217824234265 157.8639650373001
124.0 158.0
131.6149101149255 158.00552840514516
170.25694512618043 158.14741611206833
167.35162993338733 158.90829434849908
151.15292875212418 158.99325438873836
115.0 159.0
188.0 159.0
169.3883982559454 159.15985628258164
166.27422970794916 159.47360578993798
156.45095063338076 159.81695978647838
162.97742279632817 159.89840258347692
127.61148947173521 159.94934139916776
135.49761585881978 159.95997994459523
179.5360772166155 160.69647841032864
158.83605033398396 160.73534835336565
177.73825494303316 160.83219145462525
115.18450266233951 160.85247285189615
166.08144843352446 161.002210207941
183.4722554068278 161.35129952245586
156.4898268036886 161.8935752690391
155.74636239497113 161.9347620563725
163.05717878428646 161.9629120228831
108.0 162.0
174.50746444326356 162.00547471234688
108.30618242119874 162.40019306150188
160.32826122154708 162.8760609924233
133.33150863149262 162.918641880468
118.80223449475791 163.2014896631719
190.1115006350748 164.06571340367856
166.78956855253702 164.5348161731786
166.8809843504132 164.84878006772686
100.42130035223332 164.87364896350104
161.26846580241968 164.9555852330518
178.23976127306122 165.03449589025882
162.82246343162814 165.13009730167076
174.79356203718896 165.17158568110133
173.66311974028164 165.68171018957048
168.7037268059753 165.71906458248864
169.76125135404305 166.72279386312334
170.91573461702907 167.47228938117183
143.05504175576718 167.6582450478304
169.61275780897725 168.46568240596346
173.8913590647154 169.17024194984464
165.4715534651085 169.38367577855468
166.82373024156982 169.86177988703986
139.20998769939138 170.38146470099701
157.0903515763522 170.3967014731012
176.40247194114733 171.07659258040755
131.23540578646353 171.08074691303702
175.93664719961228 171.10484776060312
159.70759794397173 171.24086391817974
166.2939804460508 171.4775304669568
177.34522279508323 171.50174482617302
177.72125661329483 171.89122390429984
130.0 172.0
180.67141408542292 172.11922576955874
183.65254951909273 172.564447235685
164.44707257443955 172.9029387147727
154.5162804899267 172.98044066831284
142.0 173.0
142.0 173.0
151.8806797065356 173.19094371306815
150.67409821583828 173.2766596203747
178.0912001999514 173.3176593409035
137.19486337230487 173.72140467232614
183.49302982910933 174.23731245666693
181.08105550039957 174.40159547071676
147.17122395726335 176.09565387619753
173.76991523335883 176.7756371377711
140.0 178.0
166.5669586292908 179.0664382282713
194.9897260079698 179.65930995763892
194.36147497305308 180.10436100274774
177.05533216174584 180.84808783148492
189.0 181.0
195.72957712611404 181.7743832700683
185.5262549830754 181.96033529267854
151.0 182.0
171.3480122250347 182.08902411939695
171.02115037184467 182.18252520885787
175.38468796401477 182.45552821172978
183.7099495605997 182.67655342466557
182.7846258766186 182.8456682560531
175.59221776707557 182.97995159197282
179.4577561241386 183.01689755034454
192.65079158197236 184.06452876593127
176.60979461726956 184.0820105275644
185.1904930908934 184.85627903236735
172.26232544751483 184.92600081440563
186.29484740397356 185.30536024664107
184.16638295465532 185.56360953021485
136.0 186.0
170.0 186.0
184.37365877523015 186.3175102468874
185.56963646361154 186.86209248649396
186.82812656805294 187.4809714902505
194.0 188.0
189.0631898828681 189.0320086860052
160.46814689308323 189.32474550915515
183.85322549415352 189.7520097453829
163.10819606025564 190.56314964064381
174.61097909085433 191.9262914915946
198.43982202577246 192.0448998859633
193.59502580135361 192.60327481687625
190.78304095819323 192.94316342225923
129.0 193.0
185.24497977488448 193.31229849385724
186.33779268026953 193.84994368985903
190.6969505386567 193.9902797151622
190.50922251918252 193.99371488666245
195.3915065989615 194.512589354101
197.99832674353308 194.99976096336184
201.3181937775596 196.14677615345835
194.36550962620035 197.4216311365644
203.37559579553164 197.7124159230881
182.0 198.0
202.0 198.95602679866582
207.0 201.0
201.77582606409203 203.66566000524122
200.35459711824552 204.02574404977705
205.33509830554792 205.6462917221296
