49.335825779933266 52.9776368581594
51.36602281758302 56.18743981126095
74.9435000616508 64.83463172125711
67.84007255160091 70.1755426176257
81.81681971922134 84.56969371026341
83.85081040103177 84.79995962111987
91.4448675789616 85.39640446409162
97.31333520120995 86.9213834664398
86.79911262564586 92.60269724618006
89.19084072906237 93.26572874352033
110.14836524302218 100.69123572195844
103.63432085609315 102.18788824719408
93.39372728919638 105.61040068387722
118.56492894576056 118.33427145424905
117.44808020940201 119.59745780645572
109.46274431768379 119.96343922803663
116.30304523885363 129.05875071363042
129.09105727685463 129.46476573861375
137.69454096267467 130.84467032579593
133.0398518975632 130.86442309260093
134.42383964368813 132.46965226305255
136.81353205786056 132.87611365203932
152.8952561700541 133.35813551420054
138.88137805541933 133.36776759149544
141.3617485974771 134.99902200956626
147.5344591597547 147.66029054803764
162.72995451398532 152.76617481026557
139.8934318255467 154.6025993247988
160.76789403563345 164.0806961211323
177.43523387840673 174.8035726118617
175.98565921213122 178.05755871679477
192.04297554238255 190.78628385051792
