107.0 73.0
92.0 76.0
98.0 77.0
115.0 78.0
104.0 78.0
95.0 80.0
102.0 81.0
97.0 81.0
96.0 82.0
80.0 85.0
98.0 85.0
113.0 86.0
95.0 87.0
103.0 88.0
139.0 91.0
82.0 92.0
159.0 93.0
100.0 93.0
117.0 93.0
149.0 93.0
93.0 94.0
93.0 94.0
100.0 95.0
92.0 95.0
125.0 96.0
97.0 96.0
123.0 96.0
115.0 97.0
95.0 97.0
104.0 97.0
88.0 98.0
88.0 98.0
88.0 98.0
97.0 99.0
111.0 99.0
105.0 100.0
107.0 100.0
102.0 101.0
99.0 101.0
102.0 101.0
112.0 101.0
107.0 101.0
111.0 101.0
93.0 103.0
103.0 103.0
107.0 104.0
105.0 104.0
95.0 104.0
115.0 104.0
100.0 104.0
103.0 104.0
104.0 105.0
106.0 105.0
104.0 105.0
101.0 105.0
112.0 106.0
100.0 106.0
107.0 107.0
99.0 107.0
106.0 107.0
106.0 107.0
108.0 107.0
116.0 107.0
95.0 107.0
109.0 107.0
110.0 108.0
115.0 108.0
94.0 108.0
113.0 108.0
104.0 108.0
114.0 108.0
108.0 108.0
105.0 109.0
109.0 109.0
112.0 109.0
106.0 109.0
106.0 109.0
110.0 110.0
120.0 110.0
107.0 110.0
114.0 110.0
108.0 110.0
114.0 110.0
104.0 110.0
111.0 111.0
110.0 111.0
87.0 111.0
102.0 111.0
98.0 112.0
119.0 114.0
108.0 115.0
102.0 115.0
119.0 117.0
93.0 117.0
82.0 118.0
109.0 118.0
104.0 118.0
110.0 119.0
107.0 121.0
110.0 121.0
113.0 121.0
106.0 122.0
71.0 123.0
110.0 123.0
98.0 123.0
93.0 125.0
126.0 127.0
82.0 153.0
