81.0 95.0
75.0 100.0
99.0 100.0
101.0 104.0
112.0 106.0
119.0 112.0
107.0 113.0
118.0 115.0
100.0 115.0
108.0 117.0
105.0 121.0
126.0 121.0
110.0 123.0
126.0 123.0
85.0 124.0
121.0 124.0
107.0 125.0
129.0 127.0
119.0 127.0
115.0 128.0
117.0 128.0
111.0 128.0
135.0 129.0
134.0 131.0
100.0 131.0
118.0 131.0
114.0 132.0
131.0 133.0
111.0 134.0
143.0 134.0
120.0 134.0
125.0 137.0
141.0 139.0
131.0 142.0
98.0 142.0
118.0 143.0
144.0 148.0
98.0 149.0
138.0 160.0
119.0 163.0
78.0 166.0
98.0 167.0
140.0 173.0
