41.0 38.0
109.0 46.0
57.0 51.0
112.0 51.0
65.0 52.0
69.0 58.0
103.0 59.0
63.0 59.0
134.0 59.0
73.0 60.0
58.0 60.0
114.0 62.0
68.0 65.0
101.0 65.0
72.0 66.0
77.0 66.0
105.0 68.0
68.0 69.0
71.0 70.0
68.0 70.0
96.0 70.0
70.0 71.0
118.0 73.0
104.0 74.0
84.0 77.0
117.0 77.0
132.0 77.0
80.0 78.0
89.0 78.0
112.0 78.0
80.0 79.0
117.0 80.0
77.0 81.0
102.0 81.0
90.0 81.0
59.0 82.0
95.0 82.0
92.0 83.0
88.0 84.0
90.0 84.0
104.0 84.0
90.0 87.0
91.0 87.0
105.0 88.0
82.0 89.0
78.0 89.0
76.0 89.0
90.0 90.0
87.0 90.0
87.0 92.0
118.0 92.0
88.0 92.0
92.0 92.0
84.0 93.0
52.0 93.0
117.0 93.0
116.0 94.0
93.0 94.0
117.0 95.0
76.0 95.0
61.0 96.0
112.0 96.0
88.0 98.0
100.0 99.0
109.0 100.0
95.0 100.0
106.0 101.0
96.0 101.0
98.0 103.0
108.0 105.0
123.0 106.0
120.0 111.0
102.0 111.0
77.0 112.0
79.0 112.0
81.0 115.0
94.0 116.0
68.0 121.0
99.0 122.0
110.0 123.0
112.0 125.0
78.0 137.0
