107.0 73.0
115.0 78.0
104.0 78.0
96.0 82.0
82.0 92.0
149.0 93.0
100.0 95.0
92.0 95.0
102.0 96.0
125.0 96.0
109.0 97.0
97.0 99.0
90.0 100.0
105.0 100.0
99.0 101.0
102.0 101.0
103.0 103.0
100.0 104.0
115.0 104.0
103.0 105.0
106.0 105.0
108.0 106.0
100.0 106.0
107.0 107.0
106.0 107.0
110.0 108.0
115.0 108.0
94.0 108.0
113.0 108.0
114.0 108.0
108.0 108.0
112.0 109.0
106.0 109.0
126.0 109.0
109.0 109.0
110.0 110.0
120.0 110.0
107.0 110.0
108.0 110.0
110.0 111.0
102.0 111.0
104.0 114.0
119.0 114.0
105.0 116.0
109.0 118.0
104.0 118.0
104.0 118.0
107.0 121.0
110.0 121.0
