29.0 1953.0
511.0 1698.0
378.0 437.0
480.0 870.0
402.0 1818.0
37.0 1020.0
272.0 1021.0
2.0 1023.0
452.0 680.0
114.0 481.0
428.0 1383.0
442.0 887.0
415.0 506.0
291.0 810.0
412.0 858.0
484.0 102.0
31.0 433.0
401.0 377.0
416.0 197.0
23.0 208.0
126.0 616.0
246.0 495.0
391.0 1462.0
39.0 395.0
340.0 404.0
339.0 546.0
243.0 548.0
364.0 304.0
51.0 2390.0
116.0 285.0
242.0 207.0
109.0 1519.0
81.0 502.0
148.0 875.0
146.0 258.0
266.0 262.0
479.0 361.0
168.0 616.0
336.0 1083.0
395.0 1385.0
471.0 381.0
93.0 201.0
249.0 684.0
273.0 211.0
455.0 251.0
87.0 391.0
286.0 607.0
434.0 151.0
10.0 503.0
202.0 424.0
317.0 632.0
422.0 251.0
257.0 261.0
17.0 358.0
227.0 360.0
54.0 525.0
170.0 157.0
64.0 417.0
414.0 716.0
348.0 316.0
507.0 333.0
268.0 470.0
167.0 616.0
326.0 543.0
63.0 521.0
236.0 311.0
253.0 102.0
303.0 413.0
98.0 352.0
449.0 254.0
251.0 256.0
444.0 116.0
72.0 254.0
487.0 405.0
376.0 247.0
84.0 108.0
235.0 51.0
429.0 154.0
465.0 433.0
248.0 305.0
112.0 147.0
218.0 308.0
188.0 298.0
492.0 154.0
280.0 370.0
335.0 354.0
225.0 102.0
96.0 404.0
420.0 634.0
123.0 158.0
90.0 305.0
259.0 102.0
160.0 210.0
299.0 1222.0
141.0 51.0
356.0 103.0
381.0 695.0
44.0 411.0
333.0 3391.0
341.0 3805.0
408.0 202.0
330.0 636.0
413.0 102.0
454.0 985.0
149.0 102.0
383.0 261.0
406.0 505.0
4.0 1388.0
3.0 403.0
125.0 255.0
373.0 206.0
71.0 299.0
221.0 209.0
193.0 271.0
91.0 168.0
136.0 51.0
329.0 261.0
11.0 571.0
327.0 255.0
195.0 209.0
504.0 406.0
14.0 106.0
354.0 251.0
172.0 51.0
233.0 157.0
283.0 204.0
177.0 1063.0
389.0 218.0
288.0 158.0
338.0 154.0
352.0 153.0
9.0 153.0
198.0 108.0
55.0 51.0
315.0 154.0
56.0 455.0
325.0 105.0
85.0 159.0
404.0 152.0
506.0 363.0
230.0 265.0
324.0 104.0
94.0 413.0
342.0 446.0
320.0 353.0
323.0 153.0
432.0 269.0
22.0 227.0
322.0 312.0
191.0 248.0
60.0 149.0
181.0 1482.0
214.0 356.0
441.0 208.0
281.0 4264.0
430.0 102.0
40.0 294.0
194.0 258.0
435.0 253.0
178.0 264.0
387.0 157.0
450.0 482.0
431.0 198.0
113.0 263.0
6.0 1002.0
332.0 1119.0
285.0 102.0
313.0 393.0
421.0 493.0
69.0 110.0
353.0 102.0
472.0 302.0
311.0 99.0
83.0 261.0
365.0 258.0
8.0 564.0
495.0 373.0
68.0 51.0
343.0 0.0
419.0 51.0
436.0 107.0
139.0 413.0
499.0 1517.0
300.0 259.0
279.0 106.0
133.0 253.0
161.0 402.0
57.0 256.0
264.0 153.0
494.0 333.0
132.0 254.0
380.0 102.0
409.0 59.0
470.0 295.0
174.0 214.0
138.0 51.0
255.0 102.0
216.0 170.0
294.0 306.0
187.0 103.0
411.0 102.0
347.0 315.0
215.0 251.0
152.0 153.0
143.0 258.0
12.0 51.0
503.0 155.0
197.0 152.0
375.0 393.0
334.0 203.0
207.0 328.0
405.0 2174.0
467.0 349.0
70.0 252.0
497.0 63.0
62.0 108.0
397.0 102.0
371.0 303.0
488.0 1919.0
437.0 3261.0
147.0 302.0
308.0 57.0
269.0 156.0
89.0 102.0
386.0 64.0
359.0 259.0
277.0 51.0
461.0 0.0
74.0 420.0
7.0 51.0
179.0 309.0
186.0 261.0
156.0 209.0
482.0 356.0
115.0 311.0
41.0 719.0
111.0 113.0
77.0 643.0
122.0 51.0
232.0 103.0
228.0 208.0
134.0 206.0
366.0 97.0
282.0 51.0
67.0 151.0
392.0 629.0
5.0 153.0
368.0 61.0
388.0 456.0
173.0 150.0
49.0 111.0
509.0 99.0
158.0 204.0
475.0 250.0
105.0 102.0
20.0 399.0
302.0 267.0
165.0 208.0
121.0 258.0
208.0 103.0
18.0 163.0
309.0 104.0
100.0 353.0
263.0 299.0
331.0 399.0
78.0 51.0
101.0 239.0
400.0 375.0
425.0 50.0
345.0 204.0
440.0 208.0
201.0 205.0
390.0 448.0
443.0 104.0
238.0 644.0
144.0 103.0
477.0 51.0
271.0 153.0
176.0 460.0
427.0 309.0
19.0 260.0
410.0 263.0
276.0 102.0
164.0 1284.0
124.0 2839.0
318.0 255.0
34.0 102.0
185.0 485.0
458.0 299.0
439.0 102.0
61.0 353.0
104.0 493.0
297.0 102.0
493.0 618.0
370.0 277.0
151.0 208.0
150.0 51.0
252.0 319.0
290.0 463.0
319.0 258.0
306.0 605.0
360.0 51.0
190.0 313.0
278.0 51.0
457.0 399.0
106.0 206.0
459.0 163.0
464.0 213.0
32.0 103.0
119.0 305.0
220.0 372.0
27.0 1431.0
53.0 1628.0
199.0 158.0
446.0 359.0
289.0 445.0
369.0 252.0
50.0 102.0
120.0 190.0
45.0 102.0
200.0 51.0
43.0 203.0
481.0 159.0
59.0 154.0
398.0 472.0
110.0 108.0
239.0 51.0
30.0 273.0
95.0 51.0
267.0 343.0
460.0 413.0
423.0 204.0
129.0 51.0
468.0 203.0
184.0 51.0
485.0 202.0
473.0 305.0
256.0 102.0
486.0 208.0
474.0 3830.0
385.0 102.0
234.0 153.0
469.0 155.0
130.0 512.0
287.0 102.0
241.0 255.0
502.0 393.0
36.0 58.0
490.0 104.0
344.0 530.0
417.0 977.0
205.0 105.0
175.0 357.0
501.0 157.0
209.0 202.0
358.0 159.0
231.0 159.0
153.0 511.0
321.0 104.0
65.0 305.0
258.0 101.0
169.0 452.0
361.0 53.0
274.0 203.0
142.0 357.0
346.0 198.0
210.0 258.0
140.0 257.0
196.0 105.0
127.0 215.0
244.0 102.0
154.0 354.0
206.0 59.0
204.0 104.0
166.0 415.0
453.0 200.0
157.0 351.0
46.0 51.0
491.0 1620.0
229.0 51.0
38.0 1694.0
48.0 161.0
52.0 255.0
396.0 549.0
42.0 682.0
382.0 204.0
97.0 51.0
372.0 146.0
284.0 306.0
171.0 1275.0
189.0 259.0
107.0 211.0
99.0 154.0
135.0 51.0
310.0 461.0
254.0 207.0
307.0 413.0
219.0 651.0
505.0 208.0
293.0 1260.0
476.0 616.0
260.0 218.0
337.0 313.0
80.0 1975.0
445.0 172.0
58.0 255.0
66.0 476.0
76.0 273.0
363.0 102.0
424.0 685.0
102.0 296.0
24.0 540.0
270.0 354.0
79.0 205.0
292.0 158.0
163.0 203.0
245.0 513.0
75.0 262.0
180.0 357.0
108.0 665.0
82.0 157.0
367.0 51.0
15.0 465.0
312.0 430.0
183.0 2156.0
47.0 607.0
13.0 246.0
182.0 209.0
261.0 466.0
478.0 258.0
314.0 595.0
250.0 53.0
463.0 287.0
304.0 51.0
510.0 0.0
394.0 103.0
145.0 51.0
86.0 1272.0
73.0 51.0
355.0 102.0
384.0 311.0
237.0 102.0
451.0 51.0
418.0 598.0
512.0 388.0
16.0 157.0
426.0 223.0
407.0 454.0
159.0 274.0
301.0 156.0
448.0 309.0
211.0 202.0
247.0 205.0
296.0 246.0
379.0 108.0
162.0 628.0
498.0 402.0
192.0 839.0
305.0 442.0
217.0 320.0
92.0 465.0
35.0 108.0
508.0 258.0
213.0 111.0
33.0 1129.0
275.0 185.0
262.0 340.0
137.0 168.0
222.0 816.0
212.0 857.0
26.0 102.0
483.0 455.0
433.0 111.0
103.0 1487.0
316.0 155.0
350.0 398.0
88.0 101.0
393.0 248.0
500.0 468.0
351.0 109.0
223.0 406.0
295.0 51.0
155.0 59.0
374.0 51.0
21.0 1193.0
438.0 51.0
226.0 51.0
496.0 1214.0
328.0 114.0
456.0 254.0
265.0 1550.0
240.0 103.0
489.0 200.0
357.0 739.0
1.0 311.0
362.0 102.0
128.0 586.0
403.0 1815.0
399.0 51.0
203.0 1380.0
28.0 872.0
117.0 51.0
447.0 154.0
462.0 139.0
224.0 524.0
131.0 51.0
377.0 1452.0
25.0 942.0
298.0 905.0
349.0 520.0
118.0 602.0
466.0 281.0
