1.0 69.38304878105401
2.0 67.93379749855413
3.0 66.62092027895429
4.0 65.37140385790133
5.0 64.42073253261904
6.0 63.57059016019278
7.0 63.06993147613252
8.0 62.050219063168996
9.0 61.58489037062486
10.0 61.028400688604236
11.0 60.56838583921881
12.0 60.20418895166514
13.0 59.91328930121183
14.0 59.59584525514939
15.0 59.38804354864978
16.0 59.225509078380576
17.0 59.060793838340935
18.0 58.978407219905485
19.0 58.88113519011813
20.0 58.77495668086162
21.0 58.69605714543808
22.0 58.62851286647089
23.0 58.57199421528273
24.0 58.5231398871352
25.0 58.48626044903662
26.0 58.45004630840931
27.0 58.420162357477494
28.0 58.396289901435836
29.0 58.37287473543576
30.0 58.35593177237216
31.0 58.342215387225274
32.0 58.329112993807854
33.0 58.32025223083586
34.0 58.31038750261826
35.0 58.30125088924782
36.0 58.294517193230796
37.0 58.28846356198738
38.0 58.284107398561716
39.0 58.2803620694026
40.0 58.27714461327668
41.0 58.2747490133707
42.0 58.27218928202518
43.0 58.270257771455746
44.0 58.268513308756454
45.0 58.266774689901794
46.0 58.26559339998397
47.0 58.26471618029498
48.0 58.26388130982232
49.0 58.26311661056523
50.0 58.26248760153868
