1.0 3.9831339463763134
2.0 3.3794957981783194
3.0 2.8174441566688992
4.0 2.701075839209131
5.0 2.563916587618427
6.0 2.6163201270368823
7.0 2.531926731055892
8.0 2.4945051060340937
9.0 2.4724374204247965
10.0 2.443649818044298
11.0 2.426263012414979
12.0 2.4522176968553553
13.0 2.4256584639070033
14.0 2.3760414524448557
15.0 2.406768105924733
16.0 2.3960410327388146
17.0 2.387369022945809
18.0 2.3856937515720857
19.0 2.380959321925736
20.0 2.376506974833848
21.0 2.3720212921892045
22.0 2.3663911162468305
23.0 2.361888594337005
24.0 2.3626751394137275
25.0 2.360751488130238
26.0 2.3554075725797285
27.0 2.3546706409358014
28.0 2.3542238890283134
29.0 2.3532259356047445
30.0 2.3532028541120518
31.0 2.3525870867329446
32.0 2.3518693918665283
33.0 2.350945469413364
34.0 2.350735170688613
35.0 2.350467281502812
36.0 2.3502260315884227
37.0 2.3509120349176658
38.0 2.3505913531303517
39.0 2.350833109232316
40.0 2.350681120309553
41.0 2.350433903903858
42.0 2.3502249429593003
43.0 2.3501543691094358
44.0 2.3501637602520447
45.0 2.3502403385253263
46.0 2.3501203525235748
47.0 2.350076602909768
48.0 2.350030489265755
49.0 2.3500256653605374
50.0 2.350026725552305
