1.0 62.5524369125192
2.0 62.73425429029914
3.0 61.87563692241425
4.0 60.92534879946626
5.0 59.732505500333104
6.0 58.685622061682956
7.0 58.034405658041884
8.0 57.38870950748878
9.0 56.79219282559942
10.0 56.29483721554007
11.0 55.85666829287357
12.0 55.497198755992464
13.0 55.20843208341432
14.0 54.96947492526894
15.0 54.76812520003972
16.0 54.611215896498
17.0 54.464659319597786
18.0 54.34411932743688
19.0 54.25084566065838
20.0 54.168001724167205
21.0 54.08576227926937
22.0 54.023269033953234
23.0 53.960015593278044
24.0 53.927372107608285
25.0 53.886398582765054
26.0 53.86008767954927
27.0 53.83013796113379
28.0 53.80858549588257
29.0 53.7867623684237
30.0 53.77076259377062
31.0 53.756861834180455
32.0 53.74578865915162
33.0 53.73754897845161
34.0 53.72887185730577
35.0 53.721717561513984
36.0 53.715398443194736
37.0 53.709866626739114
38.0 53.705395474194304
39.0 53.70104451534822
40.0 53.69833824170275
41.0 53.695751891959496
42.0 53.69368210068611
43.0 53.69191508301365
44.0 53.69024759281407
45.0 53.68901395230922
46.0 53.687918080638205
47.0 53.686953391260694
48.0 53.68616164660953
49.0 53.685539082053054
50.0 53.68505125585806
