1.0 8.089638540785506
2.0 7.61950680115988
3.0 7.453143320609738
4.0 6.861841406820545
5.0 7.244835432464188
6.0 7.4275364947349525
7.0 7.141248756790415
8.0 7.151439305844951
9.0 7.05207491198436
10.0 7.021593129737957
11.0 6.751968889311336
12.0 6.833484897942003
13.0 6.897591707370494
14.0 6.841254837573962
15.0 6.861851968418023
16.0 6.855450100858142
17.0 6.736476013669309
18.0 6.7411454914845095
19.0 6.686136326273093
20.0 6.720927231922588
21.0 6.7871333625205805
22.0 6.707369479626259
23.0 6.7476096933668055
24.0 6.818991189726204
25.0 6.743524465990043
26.0 6.755678181651431
27.0 6.76052332867011
28.0 6.734063227327818
29.0 6.707308671078965
30.0 6.701158214555648
31.0 6.705768388413033
32.0 6.710741030821201
33.0 6.733580928580928
34.0 6.731585978947173
35.0 6.729257555380654
36.0 6.735929345616212
37.0 6.728267873976831
38.0 6.727629836764324
39.0 6.7273162332745065
40.0 6.725638593263115
41.0 6.720619230925894
42.0 6.719157955940288
43.0 6.717560480921701
44.0 6.7174778489469125
45.0 6.713626572500963
46.0 6.713183689359554
47.0 6.715398667314581
48.0 6.714772626608515
49.0 6.716295418213416
50.0 6.716421800910563
