1.0 71.96711029150595
2.0 71.32870889887207
3.0 71.34627478610682
4.0 70.2364178739884
5.0 68.67819748095434
6.0 67.981797476926
7.0 67.17739641084596
8.0 66.28515943738171
9.0 65.61941135342461
10.0 65.21333692198246
11.0 64.74653182012408
12.0 64.39022884460162
13.0 64.04874339839263
14.0 63.78371732452197
15.0 63.62391165415763
16.0 63.41233286644283
17.0 63.27405294963629
18.0 63.15571300619738
19.0 63.05204738184072
20.0 62.95341917968695
21.0 62.85409012148884
22.0 62.77074138789846
23.0 62.71577398928779
24.0 62.661169952243554
25.0 62.61804652904002
26.0 62.59013451879257
27.0 62.55099990590029
28.0 62.526318559661306
29.0 62.509188749838245
30.0 62.48575195946161
31.0 62.47001343040863
32.0 62.45796832646704
33.0 62.44426041854786
34.0 62.43720282463908
35.0 62.426866196233185
36.0 62.42058521507718
37.0 62.41561576981262
38.0 62.40943902882073
39.0 62.40521809017449
40.0 62.40188576771127
41.0 62.39849786857109
42.0 62.39610170170293
43.0 62.394105930036915
44.0 62.39256604354517
45.0 62.39066798294491
46.0 62.38926879544834
47.0 62.38821879825418
48.0 62.387268199717695
49.0 62.386260492637824
50.0 62.38559918853506
