84.0 70.0
80.0 78.0
103.0 83.0
82.0 84.0
91.0 89.0
80.0 92.0
86.0 93.0
65.0 94.0
91.0 96.0
103.0 98.0
103.0 100.0
101.0 101.0
103.0 102.0
103.0 102.0
85.0 103.0
99.0 103.0
100.0 104.0
75.0 105.0
106.0 105.0
103.0 106.0
102.0 106.0
105.0 106.0
103.0 107.0
94.0 109.0
87.0 109.0
98.0 110.0
98.0 111.0
107.0 111.0
102.0 111.0
100.0 112.0
101.0 112.0
105.0 112.0
100.0 113.0
107.0 114.0
107.0 116.0
107.0 119.0
111.0 119.0
115.0 121.0
91.0 121.0
119.0 121.0
139.0 124.0
119.0 127.0
121.0 130.0
136.0 140.0
134.0 147.0
165.0 196.0
