44.0 44.0
48.0 46.0
51.0 47.0
59.0 48.0
49.0 50.0
60.0 51.0
55.0 52.0
53.0 52.0
67.0 52.0
56.0 52.0
57.0 53.0
52.0 53.0
55.0 54.0
62.0 55.0
56.0 55.0
52.0 55.0
55.0 55.0
57.0 56.0
58.0 56.0
59.0 56.0
57.0 56.0
53.0 56.0
57.0 57.0
58.0 57.0
57.0 57.0
59.0 57.0
56.0 58.0
60.0 58.0
57.0 58.0
52.0 58.0
60.0 58.0
55.0 58.0
69.0 59.0
50.0 59.0
59.0 59.0
62.0 59.0
61.0 60.0
70.0 60.0
59.0 60.0
62.0 60.0
59.0 60.0
62.0 61.0
55.0 62.0
63.0 62.0
65.0 62.0
67.0 63.0
60.0 63.0
54.0 64.0
58.0 64.0
65.0 64.0
58.0 64.0
56.0 65.0
64.0 65.0
67.0 65.0
60.0 65.0
70.0 66.0
41.0 66.0
70.0 69.0
62.0 69.0
68.0 70.0
79.0 71.0
61.0 75.0
70.0 75.0
55.0 84.0
72.0 85.0
79.0 87.0
100.0 105.0
