79.0 73.0
106.0 83.0
124.0 97.0
93.0 99.0
116.0 99.0
118.0 104.0
123.0 107.0
111.0 107.0
119.0 107.0
115.0 111.0
119.0 111.0
143.0 111.0
111.0 112.0
125.0 112.0
115.0 113.0
78.0 113.0
120.0 114.0
113.0 115.0
99.0 116.0
117.0 116.0
122.0 117.0
118.0 118.0
111.0 118.0
122.0 120.0
103.0 120.0
123.0 121.0
121.0 121.0
119.0 122.0
105.0 123.0
127.0 123.0
130.0 124.0
125.0 126.0
127.0 126.0
126.0 127.0
125.0 127.0
140.0 127.0
120.0 128.0
132.0 128.0
123.0 128.0
97.0 130.0
132.0 131.0
140.0 131.0
129.0 131.0
138.0 132.0
126.0 134.0
131.0 134.0
132.0 137.0
130.0 140.0
130.0 140.0
138.0 140.0
