53.0 59.0
69.0 69.0
80.0 77.0
76.0 81.0
87.0 82.0
88.0 83.0
91.0 84.0
87.0 85.0
92.0 85.0
95.0 88.0
90.0 88.0
88.0 89.0
88.0 89.0
92.0 90.0
91.0 90.0
94.0 91.0
90.0 91.0
93.0 91.0
93.0 92.0
94.0 92.0
96.0 92.0
90.0 92.0
92.0 92.0
98.0 92.0
92.0 92.0
92.0 93.0
93.0 93.0
92.0 93.0
94.0 93.0
100.0 94.0
87.0 94.0
93.0 95.0
96.0 95.0
95.0 95.0
95.0 95.0
99.0 95.0
99.0 95.0
97.0 95.0
96.0 96.0
94.0 96.0
96.0 96.0
94.0 96.0
81.0 97.0
95.0 97.0
96.0 97.0
97.0 97.0
82.0 97.0
98.0 97.0
102.0 98.0
101.0 98.0
93.0 98.0
94.0 98.0
99.0 98.0
97.0 98.0
101.0 98.0
103.0 99.0
114.0 99.0
101.0 99.0
101.0 99.0
100.0 100.0
99.0 100.0
100.0 101.0
100.0 101.0
97.0 101.0
96.0 101.0
100.0 102.0
100.0 102.0
104.0 102.0
101.0 103.0
106.0 103.0
104.0 104.0
102.0 104.0
108.0 105.0
101.0 105.0
111.0 105.0
103.0 107.0
107.0 108.0
111.0 112.0
117.0 130.0
161.0 151.0
