100.0 99.0
75.0 102.0
133.0 104.0
100.0 106.0
146.0 110.0
127.0 115.0
117.0 116.0
114.0 118.0
129.0 119.0
113.0 120.0
125.0 121.0
126.0 122.0
131.0 123.0
127.0 125.0
125.0 125.0
130.0 126.0
129.0 126.0
131.0 126.0
136.0 126.0
129.0 127.0
129.0 127.0
131.0 127.0
133.0 127.0
123.0 127.0
132.0 127.0
130.0 127.0
133.0 127.0
132.0 128.0
132.0 128.0
130.0 128.0
133.0 128.0
133.0 128.0
127.0 128.0
130.0 128.0
133.0 128.0
128.0 128.0
136.0 129.0
129.0 129.0
128.0 129.0
130.0 129.0
134.0 129.0
134.0 129.0
131.0 129.0
131.0 129.0
129.0 129.0
134.0 129.0
130.0 129.0
131.0 129.0
128.0 129.0
132.0 129.0
136.0 130.0
131.0 130.0
131.0 130.0
130.0 130.0
134.0 130.0
134.0 130.0
129.0 130.0
128.0 130.0
129.0 130.0
129.0 130.0
129.0 130.0
130.0 130.0
132.0 130.0
127.0 130.0
131.0 130.0
135.0 130.0
128.0 130.0
134.0 130.0
130.0 130.0
134.0 130.0
128.0 130.0
127.0 130.0
134.0 131.0
127.0 131.0
137.0 131.0
137.0 131.0
130.0 131.0
128.0 131.0
135.0 131.0
133.0 131.0
129.0 131.0
126.0 131.0
131.0 131.0
135.0 131.0
133.0 131.0
131.0 131.0
134.0 131.0
136.0 131.0
131.0 131.0
133.0 131.0
130.0 132.0
131.0 132.0
133.0 132.0
134.0 132.0
133.0 132.0
137.0 132.0
135.0 132.0
133.0 132.0
131.0 132.0
132.0 132.0
128.0 132.0
131.0 132.0
138.0 132.0
134.0 132.0
133.0 132.0
138.0 132.0
130.0 132.0
130.0 132.0
134.0 132.0
133.0 132.0
131.0 132.0
132.0 133.0
133.0 133.0
136.0 133.0
130.0 133.0
136.0 133.0
131.0 133.0
126.0 133.0
131.0 133.0
136.0 133.0
130.0 133.0
135.0 133.0
128.0 133.0
134.0 133.0
133.0 133.0
129.0 133.0
132.0 133.0
135.0 133.0
127.0 133.0
134.0 133.0
136.0 133.0
132.0 134.0
132.0 134.0
134.0 134.0
131.0 134.0
136.0 134.0
134.0 134.0
131.0 134.0
139.0 134.0
135.0 134.0
130.0 134.0
134.0 134.0
140.0 134.0
127.0 134.0
131.0 134.0
129.0 134.0
135.0 134.0
132.0 134.0
134.0 134.0
136.0 135.0
131.0 135.0
131.0 135.0
134.0 135.0
135.0 135.0
138.0 135.0
138.0 135.0
136.0 135.0
131.0 135.0
133.0 135.0
134.0 135.0
135.0 135.0
127.0 135.0
129.0 135.0
135.0 135.0
138.0 135.0
136.0 135.0
135.0 135.0
127.0 136.0
131.0 136.0
140.0 136.0
132.0 136.0
134.0 136.0
143.0 136.0
138.0 136.0
134.0 136.0
136.0 136.0
128.0 136.0
129.0 137.0
138.0 137.0
129.0 137.0
134.0 137.0
135.0 137.0
138.0 137.0
136.0 137.0
132.0 137.0
133.0 137.0
128.0 137.0
148.0 137.0
132.0 137.0
136.0 137.0
136.0 137.0
132.0 138.0
131.0 138.0
136.0 138.0
145.0 138.0
141.0 138.0
116.0 138.0
137.0 139.0
136.0 139.0
130.0 139.0
132.0 139.0
140.0 139.0
134.0 140.0
141.0 140.0
141.0 140.0
140.0 140.0
141.0 140.0
145.0 142.0
136.0 142.0
141.0 142.0
138.0 142.0
135.0 143.0
140.0 143.0
148.0 144.0
139.0 144.0
139.0 145.0
148.0 146.0
189.0 191.0
