83.0 87.0
141.0 127.0
139.0 129.0
147.0 131.0
152.0 136.0
140.0 138.0
155.0 138.0
147.0 142.0
147.0 142.0
142.0 142.0
147.0 143.0
144.0 143.0
150.0 143.0
148.0 143.0
151.0 143.0
144.0 143.0
150.0 144.0
145.0 144.0
152.0 144.0
145.0 144.0
141.0 144.0
150.0 145.0
139.0 145.0
142.0 145.0
148.0 145.0
150.0 145.0
145.0 145.0
146.0 145.0
149.0 145.0
147.0 146.0
152.0 146.0
152.0 146.0
154.0 146.0
150.0 146.0
148.0 146.0
146.0 146.0
147.0 147.0
141.0 147.0
153.0 147.0
149.0 147.0
144.0 147.0
155.0 148.0
144.0 148.0
144.0 148.0
151.0 148.0
144.0 148.0
145.0 148.0
145.0 148.0
146.0 148.0
149.0 148.0
147.0 148.0
149.0 148.0
146.0 148.0
147.0 148.0
150.0 148.0
150.0 149.0
153.0 149.0
150.0 149.0
148.0 149.0
152.0 149.0
145.0 149.0
154.0 149.0
145.0 149.0
149.0 149.0
146.0 149.0
151.0 150.0
145.0 150.0
150.0 150.0
139.0 150.0
150.0 150.0
153.0 150.0
155.0 150.0
151.0 150.0
150.0 150.0
149.0 150.0
151.0 151.0
156.0 151.0
152.0 151.0
151.0 151.0
151.0 151.0
147.0 151.0
147.0 151.0
146.0 151.0
149.0 152.0
153.0 153.0
151.0 153.0
151.0 153.0
150.0 153.0
156.0 153.0
149.0 154.0
155.0 154.0
147.0 154.0
152.0 154.0
153.0 155.0
152.0 155.0
153.0 155.0
162.0 155.0
151.0 155.0
149.0 157.0
153.0 157.0
150.0 157.0
150.0 160.0
155.0 160.0
149.0 179.0
