49.0 51.0
57.0 53.0
55.0 53.0
45.0 54.0
64.0 55.0
53.0 56.0
56.0 57.0
50.0 57.0
58.0 57.0
67.0 57.0
49.0 58.0
53.0 58.0
62.0 59.0
61.0 60.0
55.0 60.0
54.0 61.0
60.0 61.0
68.0 62.0
57.0 62.0
62.0 62.0
49.0 62.0
62.0 64.0
51.0 64.0
57.0 64.0
59.0 64.0
73.0 65.0
55.0 65.0
59.0 65.0
65.0 65.0
64.0 66.0
65.0 66.0
66.0 67.0
75.0 68.0
69.0 68.0
71.0 69.0
73.0 69.0
67.0 69.0
71.0 71.0
86.0 71.0
87.0 72.0
67.0 73.0
71.0 73.0
77.0 73.0
89.0 75.0
53.0 75.0
75.0 76.0
67.0 77.0
84.0 77.0
76.0 78.0
77.0 78.0
79.0 80.0
84.0 83.0
92.0 109.0
107.0 124.0
122.0 140.0
