84.0 84.0
169.0 148.0
176.0 148.0
164.0 156.0
155.0 156.0
153.0 156.0
169.0 159.0
161.0 159.0
160.0 160.0
161.0 160.0
161.0 160.0
163.0 160.0
160.0 161.0
155.0 161.0
160.0 161.0
160.0 162.0
163.0 162.0
160.0 163.0
164.0 163.0
160.0 163.0
161.0 164.0
164.0 164.0
166.0 164.0
160.0 165.0
160.0 165.0
164.0 166.0
168.0 166.0
164.0 167.0
164.0 167.0
168.0 167.0
164.0 168.0
162.0 168.0
158.0 168.0
164.0 168.0
163.0 169.0
170.0 170.0
166.0 173.0
173.0 176.0
168.0 186.0
149.0 187.0
