54.542885581179334 51.597094892080165
50.5604412622728 52.66613925917317
55.62524725964591 54.44391732522549
60.64007900292787 56.48147995258291
55.27341970712928 56.77561572699756
54.23632661342021 58.25795964840275
62.05609691473869 59.593595319965466
59.033727466734156 61.261726339664186
82.97441923636734 61.73811335491295
62.12172669905817 61.9241500654974
61.372776925801695 62.55622956113017
61.20379069485243 62.82530082075988
66.62318433556952 64.32128148411222
65.20757308075297 64.49041090994648
61.836794340229304 65.43368535569593
63.5778737413091 66.62227171133813
69.01167284028055 69.07810103216848
67.0974651910998 71.63086479543686
72.91662543802045 74.26064813968298
74.9162102466646 74.69959003026702
72.78302989637487 75.63659243691768
80.88441026105207 75.86170222743792
80.2946940878184 78.08156576501544
69.86566375434278 78.33183730209558
69.09573029870346 79.61749827916042
80.14533768499749 81.07765892160589
85.79723224781964 81.47973949082902
81.5915942740434 82.25364148186252
74.02792849231389 84.17522791301515
78.13491030273913 88.16881539602689
63.41798484560562 91.40904434048535
102.5682173556872 91.7748858388816
94.46808174050821 92.2683383300876
95.42377546309072 95.21738834157408
96.834488830183 96.79720917666211
92.96680478217044 98.27095166442271
116.50861269479978 99.96432258411072
120.83738626315858 101.22277400502938
87.32341595893067 101.91978182961576
105.08183595276446 102.1529947681742
107.19831329769472 102.78915014326464
105.12806449774753 103.73246183872688
104.18761301283443 104.45463765369406
78.27883092543715 105.49185590798959
110.10076440417134 105.72518086995262
117.64837899410726 108.42642205666718
108.37023617274824 108.68023772507418
109.32925064939434 109.01515430353095
116.73058843870818 109.54983686592055
103.84732658019581 112.57500209918645
121.52196272843327 112.85723544261744
110.83910675339912 112.9993637722696
127.37202130114672 115.12891399967312
111.86278999743197 115.34772937486619
114.13795921698468 115.62829072725526
111.56910730556885 116.42228985815203
117.35052079744297 116.69200432006825
118.28250127720669 118.64054595816576
113.53492663922519 118.98614195408327
112.3269867172242 119.16696609930231
120.6556897455855 120.03045938121083
125.65058734402044 120.68604317895092
120.17471147503151 122.24323105532346
76.40282777198898 122.25394238786168
127.05385178438095 122.52154145755406
135.6156610486771 123.40327858193965
124.61723446531636 123.98126700332061
125.42453421353898 124.08034473220782
131.0726455606637 125.69294689312193
127.97688464485353 127.8168210689787
129.59177314337668 128.66543753727865
130.3839290613128 129.42685071202212
132.5722045537613 129.73605751734652
128.01821215182335 132.8867685720316
131.22180687618976 133.33345468639146
133.44211013526558 133.72739092350142
136.48901424487818 134.2483462675076
137.62599211281102 135.90629633012378
145.2424019407516 137.27902333389787
145.613274899225 138.27442307815318
139.66483867505835 139.78332419930368
116.59669725415604 141.40609203154466
140.51996731603725 141.59554878851583
87.43181300087153 143.68345926753827
144.43878818297054 144.10507357460142
141.46514991374085 144.1994886354795
145.86652443537864 144.46663746827227
135.47677416074117 144.58196445434916
146.344020056708 144.64719189932848
140.62082619239624 144.90503985616877
150.02068577777337 145.97800976420095
144.1306105852526 146.04600996971845
159.93246533079702 147.3030184435033
148.80064530696023 148.34137902616553
148.95941579805168 148.4010979714504
154.71694441747985 150.8708704627084
152.65836586868505 151.96803266553061
155.80484138985446 155.6146772012092
155.099971123556 159.56033559725617
161.2625993994543 160.21225747805343
162.36962670793315 164.21287392059705
166.78570246479572 166.415728365805
165.6732450480858 167.25023821134994
170.9251661975139 168.08794221662384
147.04312622804932 168.99783217931764
178.3209027122027 169.78477900968832
173.21143912872924 170.5269380634889
172.65277162262026 171.7372295275171
174.73860477428326 172.58735923638352
173.6458979975599 173.06596989507315
167.12456325444566 177.08825584399557
167.38592087300998 177.9706506918168
183.18504961602338 180.67157484982735
188.1289480694711 180.68152904985868
183.45979778951178 182.56569702315562
195.55926136969467 184.38387946329917
189.7530800781105 188.94810630877666
192.29345823790257 191.18319806672588
194.14507579627977 194.8597288083031
156.25815358012198 197.44503082016857
198.3303434470629 198.08800871271805
199.8767398091955 201.01964701773952
200.4332194018503 201.3702880995073
202.5975630676715 201.66522266178382
206.28824053101803 205.26014324558005
209.91843529788588 209.15338635078592
204.70240889815528 210.64008924737573
211.04587328237324 211.868543646958
