55.76072281138221 54.96283145416704
59.54574350187787 60.32164501627781
74.51526468620692 60.42044209283016
61.96130031690464 62.247381255096634
61.901159726958156 63.330054650048666
66.75246753635423 64.45706199348254
59.02174050503418 64.51060392526148
62.71414903544565 66.68509053673044
66.81983789410828 68.5625357530081
72.29519476734679 71.25379689514799
75.47376244995213 71.92644433053168
69.8869281097628 78.15228808286898
78.81201677421237 80.6454537787685
68.88102117298288 80.9190789310121
88.68027526687311 83.24500613056378
87.00141155526948 83.32911332126304
85.32677329065997 85.84873039565929
77.45648650367137 87.46177665620881
91.25799881235687 94.77812356183105
96.67373740397741 96.17526297738821
96.73118202015476 100.18751323729327
110.42965482316305 104.9317707225094
105.84083237745706 105.78473506982456
106.45909592053725 106.44791648747896
103.36251822229107 108.5643933817354
77.4080786797659 109.77230733329306
116.34990508739205 111.35569585085219
106.42418686147734 113.79847777266646
115.02477513754872 113.96398861313392
117.0081506499894 117.02268853983801
126.08416693286111 117.03054985723995
120.81508146756838 120.3151522344788
125.79754667073676 124.28268658204239
128.25422199171453 131.56829121746233
140.7244148750691 131.65484055954727
132.8727933022774 132.53212758201184
138.6320308568088 138.09222282911136
135.2522173401423 139.15855482452747
137.02753307076154 139.16130451554213
138.1258924257498 144.27626430236242
145.0635600111357 144.3399396201832
150.0032348682405 145.46648843450797
149.01251913490808 145.6012475781369
142.58312917806668 146.21818084342343
131.3574407031175 149.70987685614926
150.86185450770313 150.25048594923197
157.17484748685342 157.3635867852704
157.6782012045429 159.04012433693632
162.2740357635922 161.7143326271163
171.4454766945841 165.1409450319469
169.20235240699793 168.79717437701737
171.43279397870586 170.27784417953933
167.9002125911975 170.60974622943482
136.50549713893687 172.99410969082118
182.08327158944797 176.5259114400935
178.1304938524042 177.02497316392794
181.644877951552 179.49333532184653
184.11073338654253 182.78124598450015
187.89914063904004 185.1256244653512
163.327991160431 190.07963242502183
198.33652363255217 197.22480183333997
199.82156178483476 199.45846911351492
207.68200527013067 206.61856690301306
206.46428469034956 209.02315553526392
