87.0 66.0
117.0 86.0
102.0 89.0
113.0 91.0
93.0 94.0
108.0 95.0
117.0 96.0
121.0 99.0
146.0 100.0
122.0 100.0
96.0 101.0
124.0 106.0
106.0 108.0
135.0 112.0
151.0 114.0
161.0 114.0
128.0 114.0
116.0 115.0
112.0 116.0
128.0 116.0
126.0 117.0
132.0 119.0
151.0 121.0
127.0 122.0
155.0 124.0
133.0 126.0
120.0 127.0
121.0 127.0
126.0 129.0
132.0 129.0
126.0 131.0
129.0 131.0
134.0 132.0
131.0 132.0
124.0 134.0
134.0 134.0
134.0 135.0
143.0 136.0
133.0 137.0
137.0 139.0
133.0 139.0
133.0 141.0
142.0 143.0
