84.0 70.0
77.0 71.0
85.0 80.0
90.0 81.0
82.0 84.0
85.0 85.0
88.0 88.0
98.0 88.0
88.0 89.0
83.0 89.0
84.0 90.0
90.0 90.0
90.0 90.0
90.0 90.0
88.0 92.0
94.0 92.0
111.0 92.0
86.0 93.0
93.0 94.0
85.0 94.0
94.0 95.0
95.0 95.0
106.0 95.0
91.0 96.0
92.0 97.0
91.0 97.0
88.0 97.0
93.0 97.0
96.0 98.0
94.0 98.0
97.0 98.0
96.0 98.0
109.0 98.0
99.0 98.0
93.0 99.0
89.0 99.0
90.0 99.0
89.0 99.0
91.0 99.0
77.0 99.0
88.0 100.0
96.0 100.0
90.0 101.0
96.0 101.0
87.0 102.0
91.0 103.0
104.0 103.0
101.0 103.0
95.0 104.0
97.0 105.0
93.0 105.0
105.0 106.0
98.0 107.0
94.0 107.0
92.0 107.0
86.0 109.0
110.0 110.0
110.0 111.0
78.0 112.0
80.0 118.0
101.0 122.0
121.0 134.0
134.0 147.0
114.0 154.0
