55.0 53.0
120.0 125.0
133.0 131.0
133.0 132.0
145.0 134.0
149.0 135.0
142.0 136.0
138.0 137.0
144.0 137.0
140.0 139.0
149.0 139.0
148.0 139.0
149.0 139.0
148.0 140.0
150.0 141.0
147.0 141.0
143.0 141.0
146.0 142.0
151.0 142.0
149.0 142.0
170.0 142.0
151.0 142.0
148.0 142.0
150.0 143.0
151.0 143.0
150.0 143.0
148.0 143.0
137.0 143.0
152.0 144.0
138.0 144.0
150.0 144.0
145.0 145.0
150.0 145.0
148.0 145.0
147.0 145.0
149.0 145.0
148.0 146.0
147.0 146.0
152.0 146.0
151.0 146.0
139.0 146.0
154.0 146.0
148.0 146.0
168.0 146.0
155.0 147.0
155.0 147.0
150.0 147.0
151.0 147.0
154.0 147.0
151.0 148.0
151.0 148.0
151.0 148.0
169.0 148.0
156.0 148.0
156.0 148.0
143.0 148.0
155.0 148.0
146.0 149.0
157.0 149.0
151.0 149.0
154.0 150.0
154.0 150.0
150.0 150.0
156.0 150.0
153.0 151.0
153.0 151.0
152.0 151.0
151.0 151.0
156.0 151.0
158.0 151.0
153.0 151.0
158.0 151.0
155.0 152.0
154.0 152.0
156.0 152.0
153.0 152.0
154.0 152.0
156.0 152.0
154.0 152.0
152.0 152.0
156.0 152.0
167.0 152.0
158.0 152.0
153.0 153.0
155.0 153.0
147.0 153.0
157.0 153.0
154.0 153.0
158.0 153.0
159.0 153.0
155.0 153.0
157.0 153.0
155.0 154.0
155.0 154.0
154.0 154.0
157.0 154.0
154.0 154.0
156.0 154.0
154.0 154.0
155.0 154.0
157.0 154.0
148.0 154.0
156.0 154.0
152.0 154.0
153.0 154.0
155.0 154.0
149.0 154.0
158.0 154.0
159.0 154.0
158.0 154.0
155.0 154.0
160.0 154.0
156.0 154.0
157.0 155.0
154.0 155.0
155.0 155.0
158.0 155.0
158.0 155.0
159.0 155.0
158.0 155.0
155.0 155.0
156.0 155.0
161.0 155.0
158.0 155.0
153.0 155.0
157.0 155.0
158.0 155.0
156.0 155.0
152.0 155.0
158.0 155.0
157.0 155.0
156.0 155.0
157.0 155.0
155.0 155.0
154.0 155.0
150.0 155.0
154.0 155.0
157.0 155.0
152.0 155.0
156.0 156.0
156.0 156.0
155.0 156.0
154.0 156.0
158.0 156.0
157.0 156.0
155.0 156.0
155.0 156.0
159.0 156.0
157.0 156.0
159.0 156.0
155.0 156.0
151.0 156.0
151.0 156.0
155.0 156.0
153.0 156.0
159.0 156.0
164.0 156.0
162.0 156.0
157.0 156.0
161.0 156.0
156.0 156.0
155.0 156.0
159.0 156.0
158.0 156.0
159.0 156.0
154.0 156.0
156.0 156.0
159.0 156.0
155.0 156.0
155.0 156.0
153.0 156.0
158.0 156.0
151.0 156.0
158.0 156.0
153.0 157.0
155.0 157.0
162.0 157.0
160.0 157.0
157.0 157.0
159.0 157.0
160.0 157.0
156.0 157.0
155.0 157.0
156.0 157.0
156.0 157.0
157.0 157.0
158.0 157.0
158.0 157.0
156.0 157.0
153.0 157.0
157.0 157.0
162.0 157.0
152.0 157.0
158.0 157.0
154.0 157.0
162.0 157.0
159.0 158.0
160.0 158.0
158.0 158.0
157.0 158.0
155.0 158.0
158.0 158.0
157.0 158.0
159.0 158.0
154.0 158.0
158.0 158.0
154.0 158.0
157.0 158.0
159.0 158.0
158.0 158.0
159.0 158.0
153.0 158.0
161.0 158.0
161.0 158.0
156.0 158.0
162.0 158.0
158.0 158.0
152.0 158.0
157.0 158.0
158.0 158.0
152.0 158.0
158.0 158.0
158.0 159.0
169.0 159.0
151.0 159.0
161.0 159.0
162.0 159.0
162.0 159.0
159.0 159.0
147.0 159.0
160.0 159.0
160.0 159.0
157.0 159.0
161.0 159.0
162.0 159.0
159.0 159.0
157.0 159.0
159.0 159.0
161.0 159.0
159.0 159.0
160.0 159.0
161.0 159.0
161.0 159.0
162.0 160.0
159.0 160.0
160.0 160.0
161.0 160.0
160.0 160.0
160.0 160.0
160.0 160.0
166.0 160.0
162.0 160.0
161.0 160.0
161.0 160.0
164.0 160.0
158.0 160.0
157.0 160.0
161.0 160.0
174.0 160.0
164.0 160.0
160.0 160.0
158.0 160.0
163.0 160.0
162.0 160.0
162.0 160.0
160.0 160.0
163.0 160.0
163.0 160.0
161.0 160.0
162.0 160.0
158.0 160.0
163.0 160.0
160.0 161.0
159.0 161.0
161.0 161.0
160.0 161.0
163.0 161.0
156.0 161.0
166.0 161.0
162.0 161.0
157.0 161.0
158.0 161.0
162.0 161.0
162.0 161.0
159.0 161.0
155.0 161.0
161.0 161.0
158.0 161.0
156.0 161.0
160.0 161.0
160.0 161.0
163.0 162.0
162.0 162.0
156.0 162.0
160.0 162.0
165.0 162.0
162.0 162.0
159.0 162.0
159.0 162.0
160.0 162.0
162.0 162.0
161.0 162.0
164.0 162.0
160.0 162.0
157.0 162.0
165.0 162.0
163.0 162.0
160.0 162.0
163.0 163.0
156.0 163.0
164.0 163.0
163.0 163.0
160.0 163.0
160.0 163.0
162.0 163.0
164.0 163.0
166.0 163.0
158.0 163.0
164.0 163.0
160.0 163.0
161.0 163.0
160.0 163.0
161.0 164.0
164.0 164.0
166.0 164.0
164.0 164.0
161.0 164.0
163.0 164.0
162.0 164.0
160.0 164.0
166.0 164.0
159.0 164.0
160.0 165.0
163.0 165.0
162.0 165.0
160.0 165.0
165.0 165.0
163.0 166.0
164.0 166.0
161.0 166.0
168.0 166.0
164.0 167.0
163.0 167.0
158.0 167.0
164.0 167.0
168.0 167.0
164.0 168.0
162.0 168.0
158.0 168.0
164.0 168.0
169.0 168.0
164.0 168.0
163.0 169.0
163.0 169.0
170.0 170.0
174.0 170.0
168.0 170.0
166.0 170.0
166.0 173.0
163.0 174.0
180.0 176.0
173.0 176.0
175.0 185.0
168.0 186.0
149.0 187.0
