93.0 92.0
137.0 125.0
142.0 130.0
143.0 130.0
142.0 132.0
146.0 132.0
149.0 135.0
135.0 137.0
144.0 137.0
149.0 138.0
148.0 139.0
148.0 140.0
143.0 141.0
146.0 142.0
146.0 143.0
139.0 143.0
150.0 143.0
150.0 143.0
137.0 143.0
150.0 143.0
152.0 144.0
138.0 144.0
147.0 144.0
145.0 145.0
150.0 145.0
148.0 145.0
147.0 145.0
142.0 145.0
141.0 145.0
144.0 145.0
147.0 145.0
149.0 145.0
148.0 146.0
147.0 146.0
146.0 146.0
149.0 147.0
150.0 147.0
141.0 147.0
153.0 147.0
157.0 147.0
146.0 147.0
154.0 147.0
150.0 148.0
147.0 148.0
151.0 148.0
151.0 148.0
156.0 148.0
150.0 148.0
149.0 148.0
176.0 148.0
143.0 148.0
148.0 148.0
155.0 148.0
157.0 149.0
152.0 149.0
147.0 149.0
149.0 149.0
150.0 149.0
146.0 149.0
153.0 149.0
152.0 149.0
152.0 149.0
146.0 149.0
154.0 149.0
149.0 149.0
150.0 149.0
154.0 149.0
149.0 149.0
151.0 149.0
149.0 149.0
151.0 149.0
152.0 149.0
155.0 150.0
154.0 150.0
155.0 150.0
148.0 150.0
151.0 150.0
149.0 150.0
148.0 150.0
152.0 150.0
154.0 150.0
139.0 150.0
151.0 150.0
159.0 150.0
151.0 150.0
158.0 150.0
152.0 150.0
154.0 150.0
150.0 150.0
147.0 150.0
154.0 150.0
155.0 150.0
152.0 150.0
153.0 150.0
147.0 150.0
149.0 151.0
154.0 151.0
155.0 151.0
156.0 151.0
153.0 151.0
149.0 151.0
150.0 151.0
152.0 151.0
148.0 151.0
151.0 151.0
150.0 151.0
153.0 151.0
156.0 151.0
150.0 151.0
155.0 151.0
151.0 151.0
158.0 151.0
155.0 151.0
150.0 151.0
152.0 151.0
147.0 151.0
150.0 151.0
153.0 151.0
158.0 151.0
149.0 152.0
156.0 152.0
153.0 152.0
153.0 152.0
157.0 152.0
154.0 152.0
156.0 152.0
153.0 152.0
154.0 152.0
154.0 152.0
154.0 152.0
152.0 152.0
151.0 152.0
155.0 152.0
150.0 152.0
167.0 152.0
160.0 152.0
154.0 152.0
156.0 153.0
153.0 153.0
155.0 153.0
147.0 153.0
150.0 153.0
157.0 153.0
154.0 153.0
154.0 153.0
154.0 153.0
154.0 153.0
160.0 153.0
155.0 153.0
158.0 153.0
155.0 153.0
150.0 153.0
154.0 153.0
151.0 153.0
148.0 153.0
154.0 153.0
151.0 153.0
155.0 154.0
155.0 154.0
154.0 154.0
147.0 154.0
154.0 154.0
155.0 154.0
151.0 154.0
157.0 154.0
156.0 154.0
157.0 154.0
149.0 154.0
152.0 154.0
158.0 154.0
153.0 154.0
155.0 154.0
149.0 154.0
158.0 154.0
159.0 154.0
158.0 154.0
159.0 154.0
155.0 154.0
153.0 154.0
154.0 154.0
153.0 154.0
153.0 154.0
155.0 154.0
154.0 154.0
150.0 154.0
152.0 154.0
153.0 154.0
147.0 154.0
152.0 154.0
156.0 154.0
157.0 155.0
154.0 155.0
151.0 155.0
155.0 155.0
151.0 155.0
152.0 155.0
155.0 155.0
154.0 155.0
155.0 155.0
161.0 155.0
150.0 155.0
158.0 155.0
153.0 155.0
157.0 155.0
154.0 155.0
155.0 155.0
151.0 155.0
156.0 155.0
152.0 155.0
158.0 155.0
157.0 155.0
153.0 155.0
151.0 155.0
153.0 155.0
157.0 155.0
157.0 155.0
162.0 155.0
155.0 155.0
154.0 155.0
155.0 155.0
151.0 155.0
151.0 155.0
152.0 155.0
154.0 156.0
156.0 156.0
154.0 156.0
157.0 156.0
155.0 156.0
159.0 156.0
157.0 156.0
155.0 156.0
156.0 156.0
151.0 156.0
151.0 156.0
151.0 156.0
155.0 156.0
153.0 156.0
156.0 156.0
155.0 156.0
155.0 156.0
158.0 156.0
159.0 156.0
154.0 156.0
156.0 156.0
155.0 156.0
153.0 156.0
153.0 156.0
151.0 156.0
154.0 156.0
158.0 156.0
151.0 156.0
156.0 156.0
153.0 157.0
155.0 157.0
162.0 157.0
153.0 157.0
160.0 157.0
156.0 157.0
157.0 157.0
155.0 157.0
154.0 157.0
154.0 157.0
153.0 157.0
156.0 157.0
151.0 157.0
156.0 157.0
157.0 157.0
153.0 157.0
154.0 157.0
152.0 157.0
154.0 157.0
150.0 157.0
158.0 158.0
155.0 158.0
158.0 158.0
159.0 158.0
154.0 158.0
159.0 158.0
153.0 158.0
158.0 158.0
152.0 158.0
158.0 159.0
151.0 159.0
159.0 159.0
157.0 160.0
161.0 160.0
160.0 160.0
150.0 160.0
160.0 161.0
155.0 161.0
161.0 161.0
156.0 161.0
157.0 162.0
160.0 162.0
156.0 163.0
160.0 163.0
161.0 164.0
146.0 165.0
164.0 167.0
164.0 167.0
168.0 167.0
162.0 168.0
158.0 168.0
164.0 168.0
163.0 169.0
149.0 187.0
