77.0 71.0
90.0 80.0
85.0 80.0
90.0 81.0
82.0 84.0
98.0 88.0
90.0 90.0
90.0 90.0
111.0 92.0
86.0 93.0
85.0 94.0
95.0 95.0
88.0 95.0
91.0 96.0
109.0 98.0
99.0 98.0
77.0 99.0
96.0 100.0
104.0 103.0
101.0 103.0
92.0 104.0
91.0 104.0
106.0 105.0
105.0 106.0
94.0 109.0
86.0 109.0
98.0 110.0
110.0 110.0
110.0 111.0
78.0 112.0
111.0 112.0
104.0 114.0
103.0 114.0
101.0 114.0
110.0 114.0
107.0 116.0
80.0 118.0
111.0 119.0
111.0 119.0
91.0 121.0
119.0 121.0
112.0 122.0
101.0 122.0
139.0 124.0
111.0 126.0
136.0 140.0
114.0 154.0
