92.0 85.0
91.0 87.0
102.0 91.0
95.0 91.0
94.0 92.0
95.0 94.0
95.0 95.0
96.0 96.0
94.0 96.0
97.0 96.0
97.0 97.0
97.0 97.0
98.0 97.0
104.0 98.0
98.0 99.0
104.0 99.0
101.0 99.0
94.0 99.0
101.0 99.0
96.0 99.0
101.0 100.0
105.0 100.0
106.0 100.0
100.0 100.0
105.0 100.0
103.0 100.0
99.0 100.0
102.0 101.0
101.0 101.0
100.0 101.0
101.0 101.0
107.0 101.0
102.0 101.0
110.0 102.0
101.0 102.0
100.0 102.0
107.0 102.0
106.0 102.0
104.0 102.0
106.0 102.0
104.0 102.0
105.0 102.0
103.0 102.0
108.0 102.0
102.0 102.0
100.0 102.0
100.0 103.0
101.0 103.0
105.0 103.0
111.0 103.0
105.0 103.0
103.0 103.0
104.0 103.0
104.0 103.0
102.0 103.0
103.0 103.0
103.0 103.0
105.0 103.0
103.0 103.0
107.0 103.0
99.0 103.0
102.0 103.0
106.0 104.0
104.0 104.0
107.0 104.0
105.0 104.0
106.0 104.0
105.0 104.0
104.0 104.0
104.0 104.0
106.0 104.0
105.0 104.0
108.0 104.0
102.0 104.0
100.0 104.0
106.0 104.0
103.0 104.0
105.0 104.0
110.0 104.0
106.0 104.0
104.0 104.0
105.0 104.0
105.0 105.0
113.0 105.0
102.0 105.0
109.0 105.0
105.0 105.0
106.0 105.0
105.0 105.0
108.0 105.0
103.0 105.0
101.0 105.0
105.0 105.0
105.0 105.0
105.0 105.0
107.0 105.0
110.0 105.0
106.0 105.0
106.0 105.0
102.0 105.0
108.0 105.0
116.0 106.0
109.0 106.0
105.0 106.0
108.0 106.0
107.0 106.0
107.0 106.0
110.0 106.0
106.0 106.0
107.0 106.0
111.0 106.0
106.0 106.0
106.0 106.0
102.0 106.0
107.0 106.0
107.0 106.0
106.0 106.0
111.0 106.0
109.0 106.0
106.0 106.0
106.0 106.0
103.0 106.0
108.0 106.0
114.0 107.0
108.0 107.0
108.0 107.0
104.0 107.0
105.0 107.0
109.0 107.0
113.0 107.0
113.0 107.0
105.0 107.0
118.0 107.0
108.0 107.0
103.0 107.0
109.0 108.0
111.0 108.0
105.0 108.0
112.0 108.0
110.0 108.0
113.0 108.0
108.0 108.0
108.0 108.0
105.0 108.0
108.0 108.0
104.0 108.0
103.0 108.0
108.0 108.0
107.0 109.0
109.0 109.0
115.0 109.0
108.0 109.0
108.0 109.0
109.0 109.0
110.0 109.0
109.0 109.0
108.0 109.0
103.0 109.0
108.0 109.0
108.0 109.0
110.0 109.0
101.0 109.0
108.0 109.0
111.0 109.0
107.0 109.0
109.0 109.0
108.0 109.0
109.0 109.0
109.0 109.0
113.0 109.0
104.0 110.0
110.0 110.0
110.0 110.0
109.0 110.0
106.0 110.0
107.0 110.0
110.0 110.0
109.0 110.0
105.0 110.0
105.0 110.0
101.0 110.0
113.0 110.0
110.0 110.0
109.0 110.0
100.0 110.0
116.0 111.0
116.0 111.0
107.0 111.0
105.0 111.0
106.0 111.0
113.0 111.0
103.0 111.0
105.0 111.0
104.0 111.0
103.0 111.0
107.0 111.0
105.0 111.0
108.0 111.0
104.0 111.0
107.0 111.0
113.0 111.0
111.0 112.0
113.0 112.0
112.0 112.0
105.0 112.0
111.0 113.0
113.0 113.0
112.0 113.0
107.0 113.0
113.0 113.0
113.0 113.0
108.0 114.0
116.0 114.0
118.0 114.0
113.0 115.0
115.0 115.0
111.0 115.0
105.0 115.0
113.0 115.0
110.0 115.0
115.0 116.0
107.0 116.0
116.0 116.0
114.0 117.0
117.0 117.0
115.0 117.0
119.0 117.0
118.0 118.0
117.0 119.0
115.0 119.0
116.0 120.0
111.0 120.0
125.0 120.0
115.0 120.0
120.0 121.0
118.0 122.0
113.0 122.0
121.0 130.0
134.0 132.0
130.0 136.0
165.0 196.0
