46.03159293020751 47.7282766261842
54.580445110314024 51.58516087646231
58.20203701943102 53.2854225507421
58.838740276943206 55.81216403032541
57.10117117396186 55.965235329479846
55.09518107120102 58.065150335461915
59.607367317955415 61.028906819487936
66.09212227594386 61.92467950288972
59.37609013416298 62.33243847013339
64.41835346042602 62.81042043439592
60.98323444060173 62.95719739053717
68.87380884490699 64.11594545415227
41.0 66.0
67.4616836380738 66.82346906286203
68.15668588618898 69.49745282675791
61.91787375153336 70.73891308131748
66.40222145914379 72.49466777560463
70.76820723678017 72.78863000427653
69.22345235470948 73.83990347678649
65.35994950076362 75.05326958080707
69.72671001556492 76.24405652025688
69.51637777258186 80.30016701105468
82.54378541537938 80.40820967703681
98.66488967330503 82.29133046701413
95.3350981897358 82.81453097624762
94.42485109633033 82.84643257146999
61.22886317430235 84.1801028834682
83.13758686042992 84.19093497324181
99.8057314820078 84.22780786702526
94.49867307659406 85.80790265414909
66.17499220989085 91.18353083717676
125.78199292966781 91.62885129363943
80.42634044874512 92.1966292427821
98.61323794227977 94.00383221590897
106.05589712452016 94.45608083073414
97.89829265360405 98.06308946694375
103.42146357022884 98.68835901811036
102.94309043356137 101.64512660605361
105.68504189435296 102.61473201951938
108.85850332413544 102.92214775476866
96.9765351449373 104.29840524165277
109.55495531051157 104.99662388948073
127.09339286109225 105.47109268585248
107.22117888406518 107.40814719014173
110.79354760238806 108.77789995740453
116.80569721779777 109.40471837639588
111.99652399641177 112.06237559716774
121.75320701462 112.1240832904095
116.31978341643982 112.42597863291532
129.0 114.0
115.76365556139696 114.79953173649754
116.77230248457307 115.930479418233
103.24095966543081 116.11811907962212
99.72006398783947 116.31628721103888
121.79974497669554 117.66954659779923
134.34779839273173 117.97223357685677
125.00170270058453 118.00379332069245
94.7165138440276 118.1225880551185
130.1722954449671 118.7152223849892
122.96413082332325 119.65358173077007
111.88408656583817 120.82119068444408
134.01461224556581 121.759163234069
115.2745940093811 124.41083012476757
122.02802478506983 125.51571627038992
128.06694238645753 126.8032555768515
137.0 127.0
128.54992500359526 128.16947390283815
108.658332156554 128.35361900682227
98.98569684039714 129.85345600141915
130.11941498182279 132.3321029779695
138.11128143160133 132.6848786471401
130.63933877893797 132.82855881359112
138.4459381057985 133.9438213386867
134.44954331854757 134.03846547487203
136.07216460134455 134.2498547620288
130.56114589014493 134.45546308788093
170.91156230697723 134.9316662841772
83.10211367948146 135.74805674579295
139.37318380156185 135.94227760918662
148.0 136.0
132.7030517257786 136.1196609587524
125.5062470822089 136.24761142763268
119.74123446870412 137.79218191053337
137.59143802384816 139.66944024189334
146.41046988205696 140.2939393573541
158.63012551606886 141.34666680940575
143.79688206072098 143.0442303382018
144.75670091514039 143.62675126755082
140.13815521180993 144.80040124773956
126.33090728635841 146.30796602164602
144.03561283534063 147.28636631709298
154.88464719413372 149.4488568353423
139.98999836675523 151.76728910903887
152.93337326151143 152.5696829444324
160.81135748803345 152.8207760497527
131.10303418505006 153.85756702803087
109.62447643901757 156.86381521462926
170.4178791179964 156.96657247581442
159.20472202651874 158.2536148824232
159.7474739105342 160.8404031564845
143.93779535570735 162.81149737400477
162.22530599366587 165.55583388089912
167.98355541410677 165.70176062476503
170.20673711189133 169.00184836198764
164.0 172.0
173.60726087468424 172.96931278644627
166.9076957251054 176.9343812645146
178.39555309441758 177.328364233344
184.02734245334068 179.25766739680648
180.63205702086827 179.85406762347696
183.1719161420878 180.6998412247533
185.32520438223867 183.6548530010804
189.5047289385808 186.15279042969385
190.8228137835815 189.54042333871624
193.8985842595869 190.51762055349462
193.90156106587813 190.86247101374192
187.61986684848708 191.97617264982728
181.25321979729918 193.595725072926
138.02825620141377 197.01704291974974
200.65146574783034 200.1821490494744
201.3557656326105 201.72004138208786
206.41056778015837 201.87189582278035
200.7222440578331 202.04975460054115
207.76136898438372 206.45268675713803
208.88841842165283 207.565265087995
207.09067138025782 208.81604918040793
207.85824647514528 210.7405044870638
215.03847460496814 214.8228559821516
