61.90795030611818 56.26352438919926
61.56636940023581 62.15593138662831
70.00602957096453 63.47167832613072
60.63688238705169 63.975710788276835
66.2549656733469 66.40926540209136
69.38341045701762 70.29829890800681
66.11368705417856 73.22092334027982
71.15909045202042 74.29544651917635
73.89868284185411 75.6490947813304
78.24182360399496 76.8946002142007
80.7457896157719 77.72448444918116
68.8204622259773 79.20543018124218
69.2065794430523 79.90916210774009
78.44084901109201 81.39411315435596
87.89871890937151 83.15372745163677
92.5896657735015 96.24812540503075
111.57626100119623 96.28253297562561
100.27195168915414 96.79535533907321
95.98826620780747 98.11085292531976
100.79479768247907 100.41608063401867
108.93280383958908 103.40667030621397
102.56858326814778 106.2126372196983
106.60521519038242 106.81191787482825
112.1675179400157 116.33588779975534
119.79082279839622 118.54604232703375
118.37786495605904 118.8209172852323
119.38182141651335 120.54951955171975
129.08976054126964 124.28676699805955
129.04502183605769 127.12166051334205
130.25119818067657 129.53543683273767
142.31353112794957 131.40864008834836
134.65651093971016 131.42470674027513
129.0901594927106 133.44330946637888
136.35614582423256 133.5072754504625
82.0 134.0
82.97277240324406 135.58238068932067
137.51106571058696 137.87156167721443
120.06683090629355 137.96433762901302
148.62025811696 138.45782170806487
140.58246421223228 139.83872618768493
145.03683799075833 140.24156259348388
122.83647727425081 145.13781201237043
123.58016062286303 145.24695304226628
143.7557370956577 146.7515663936158
148.93432786867453 147.9713906894949
158.17974623548537 152.90517785271726
157.115999092367 156.34393067731864
129.77975202513483 161.12732429939533
161.80708733683824 164.06356879627722
159.63202988880104 164.80432568567417
169.69045495446716 168.50411147858813
179.29089049875134 171.1921254617832
177.6772005107921 175.63498090144458
178.42218609399146 177.33970677624797
169.86511319506351 177.96003572235838
181.86393408768666 180.2458217751116
191.75459814901444 189.9910160290311
196.314671464056 191.86693509183354
157.22092041317944 197.8001349058924
199.2157985903782 198.4232639410467
197.84800518134932 199.0850556528315
204.39550173705422 203.53723004489925
204.60111114029638 210.63344990084627
211.13497045015413 211.9342620798986
