44.0 44.0
48.0 46.0
51.0 47.0
59.0 48.0
49.0 50.0
60.0 51.0
49.0 51.0
67.0 52.0
56.0 52.0
52.0 53.0
55.0 54.0
62.0 55.0
56.0 55.0
55.0 55.0
57.0 56.0
58.0 56.0
59.0 56.0
57.0 56.0
53.0 56.0
56.0 57.0
58.0 57.0
50.0 57.0
57.0 57.0
59.0 57.0
67.0 57.0
60.0 58.0
52.0 58.0
60.0 58.0
55.0 58.0
69.0 59.0
59.0 59.0
62.0 59.0
70.0 60.0
55.0 60.0
59.0 60.0
62.0 60.0
59.0 60.0
54.0 61.0
55.0 62.0
68.0 62.0
63.0 62.0
62.0 62.0
67.0 63.0
60.0 63.0
54.0 64.0
62.0 64.0
58.0 64.0
65.0 64.0
58.0 64.0
68.0 64.0
56.0 65.0
64.0 65.0
67.0 65.0
55.0 65.0
61.0 65.0
60.0 65.0
59.0 65.0
70.0 66.0
64.0 66.0
65.0 68.0
70.0 69.0
62.0 69.0
68.0 70.0
71.0 71.0
100.0 71.0
70.0 75.0
59.0 75.0
52.0 76.0
93.0 78.0
79.0 80.0
55.0 84.0
72.0 85.0
87.0 85.0
79.0 87.0
68.0 96.0
51.0 109.0
