114.0 74.0
124.0 82.0
121.0 89.0
124.0 91.0
137.0 96.0
161.0 104.0
85.0 108.0
110.0 109.0
115.0 110.0
121.0 110.0
116.0 110.0
150.0 110.0
116.0 112.0
120.0 115.0
116.0 116.0
128.0 116.0
127.0 116.0
115.0 116.0
110.0 116.0
123.0 116.0
122.0 117.0
124.0 117.0
136.0 117.0
113.0 117.0
126.0 117.0
117.0 118.0
123.0 118.0
120.0 119.0
128.0 119.0
156.0 120.0
127.0 120.0
115.0 121.0
123.0 121.0
131.0 122.0
134.0 122.0
141.0 122.0
130.0 123.0
128.0 124.0
134.0 125.0
133.0 125.0
125.0 128.0
141.0 128.0
108.0 129.0
130.0 129.0
132.0 130.0
134.0 131.0
124.0 131.0
121.0 132.0
117.0 133.0
103.0 135.0
136.0 136.0
140.0 137.0
123.0 137.0
117.0 138.0
138.0 147.0
129.0 168.0
