65.0 57.0
181.0 123.0
178.0 132.0
183.0 135.0
188.0 138.0
186.0 140.0
154.0 143.0
177.0 157.0
176.0 158.0
179.0 158.0
170.0 162.0
173.0 163.0
179.0 164.0
176.0 164.0
150.0 165.0
195.0 165.0
162.0 166.0
181.0 167.0
177.0 167.0
165.0 167.0
179.0 168.0
187.0 170.0
175.0 171.0
199.0 171.0
182.0 172.0
188.0 173.0
181.0 174.0
182.0 175.0
180.0 175.0
182.0 176.0
181.0 176.0
183.0 178.0
176.0 178.0
163.0 179.0
180.0 179.0
177.0 180.0
167.0 180.0
185.0 181.0
170.0 184.0
200.0 187.0
149.0 191.0
182.0 193.0
196.0 197.0
