68.0 65.0
94.0 80.0
59.0 82.0
92.0 83.0
84.0 84.0
123.0 84.0
73.0 85.0
80.0 86.0
81.0 86.0
113.0 88.0
111.0 89.0
89.0 89.0
91.0 89.0
91.0 90.0
89.0 91.0
87.0 92.0
110.0 92.0
91.0 93.0
102.0 94.0
83.0 94.0
95.0 94.0
69.0 95.0
93.0 96.0
102.0 96.0
95.0 97.0
87.0 98.0
88.0 98.0
88.0 98.0
85.0 99.0
94.0 100.0
89.0 100.0
96.0 100.0
102.0 101.0
94.0 101.0
100.0 101.0
99.0 101.0
77.0 102.0
72.0 102.0
103.0 102.0
106.0 103.0
87.0 103.0
80.0 104.0
95.0 104.0
104.0 105.0
105.0 107.0
94.0 108.0
108.0 108.0
82.0 109.0
105.0 109.0
120.0 110.0
66.0 111.0
103.0 112.0
72.0 112.0
91.0 114.0
120.0 114.0
90.0 115.0
92.0 115.0
89.0 118.0
108.0 120.0
113.0 122.0
105.0 122.0
71.0 123.0
93.0 125.0
102.0 125.0
98.0 125.0
93.0 126.0
78.0 131.0
97.0 132.0
119.0 135.0
83.0 137.0
