74.0 72.0
118.0 82.0
115.0 86.0
97.0 86.0
108.0 86.0
105.0 88.0
95.0 91.0
133.0 98.0
114.0 98.0
87.0 98.0
147.0 99.0
94.0 99.0
116.0 99.0
137.0 101.0
99.0 103.0
82.0 104.0
97.0 104.0
77.0 105.0
109.0 105.0
132.0 105.0
116.0 105.0
113.0 107.0
118.0 111.0
95.0 111.0
107.0 114.0
98.0 114.0
136.0 114.0
93.0 115.0
144.0 117.0
133.0 117.0
110.0 119.0
104.0 120.0
117.0 120.0
140.0 122.0
119.0 122.0
124.0 125.0
125.0 126.0
109.0 126.0
176.0 128.0
116.0 131.0
117.0 132.0
143.0 134.0
108.0 135.0
99.0 136.0
152.0 136.0
99.0 137.0
126.0 138.0
130.0 140.0
104.0 142.0
142.0 144.0
108.0 144.0
169.0 145.0
117.0 147.0
122.0 148.0
154.0 149.0
145.0 150.0
147.0 150.0
91.0 150.0
90.0 151.0
130.0 153.0
170.0 159.0
123.0 159.0
122.0 166.0
126.0 170.0
96.0 170.0
140.0 173.0
155.0 185.0
113.0 190.0
