80.0 86.0
138.0 121.0
121.0 124.0
127.0 125.0
128.0 126.0
132.0 126.0
128.0 127.0
106.0 128.0
128.0 128.0
136.0 129.0
128.0 129.0
153.0 130.0
134.0 130.0
133.0 131.0
127.0 131.0
134.0 131.0
139.0 132.0
134.0 132.0
134.0 133.0
133.0 133.0
138.0 134.0
128.0 134.0
135.0 134.0
125.0 134.0
133.0 134.0
143.0 134.0
137.0 134.0
125.0 136.0
142.0 136.0
141.0 136.0
128.0 136.0
126.0 137.0
138.0 137.0
131.0 137.0
125.0 137.0
131.0 138.0
135.0 138.0
148.0 139.0
139.0 139.0
136.0 139.0
153.0 139.0
144.0 140.0
132.0 140.0
156.0 141.0
137.0 141.0
143.0 142.0
136.0 142.0
153.0 142.0
136.0 142.0
146.0 142.0
144.0 143.0
131.0 144.0
156.0 144.0
140.0 145.0
134.0 145.0
134.0 145.0
142.0 146.0
144.0 146.0
145.0 146.0
132.0 147.0
149.0 147.0
130.0 148.0
144.0 149.0
154.0 149.0
135.0 150.0
141.0 150.0
157.0 151.0
153.0 154.0
