111.0 118.0
163.0 122.0
120.0 125.0
123.0 128.0
152.0 132.0
115.0 135.0
92.0 135.0
129.0 137.0
120.0 139.0
157.0 141.0
144.0 143.0
124.0 145.0
173.0 145.0
123.0 145.0
147.0 146.0
104.0 147.0
157.0 148.0
139.0 148.0
135.0 150.0
148.0 150.0
143.0 150.0
134.0 152.0
150.0 154.0
143.0 154.0
169.0 156.0
147.0 157.0
96.0 158.0
145.0 159.0
161.0 161.0
152.0 162.0
149.0 162.0
126.0 163.0
157.0 163.0
153.0 164.0
146.0 164.0
120.0 167.0
140.0 169.0
108.0 169.0
122.0 174.0
114.0 176.0
149.0 177.0
158.0 178.0
154.0 178.0
154.0 187.0
159.0 200.0
