86.0 56.0
63.0 59.0
134.0 59.0
73.0 60.0
68.0 65.0
105.0 68.0
87.0 75.0
132.0 77.0
80.0 78.0
77.0 81.0
131.0 81.0
90.0 81.0
59.0 82.0
104.0 84.0
98.0 87.0
91.0 87.0
100.0 88.0
105.0 88.0
111.0 89.0
105.0 89.0
90.0 90.0
101.0 91.0
118.0 92.0
86.0 93.0
116.0 94.0
111.0 94.0
117.0 95.0
61.0 96.0
95.0 96.0
81.0 97.0
109.0 97.0
100.0 99.0
129.0 100.0
94.0 100.0
109.0 100.0
122.0 101.0
103.0 102.0
106.0 103.0
98.0 103.0
114.0 104.0
123.0 106.0
122.0 107.0
105.0 107.0
110.0 107.0
115.0 107.0
120.0 110.0
114.0 110.0
96.0 111.0
66.0 111.0
120.0 111.0
98.0 111.0
123.0 112.0
77.0 112.0
125.0 114.0
90.0 115.0
94.0 116.0
132.0 116.0
80.0 117.0
89.0 118.0
119.0 119.0
103.0 119.0
108.0 120.0
99.0 120.0
110.0 120.0
71.0 123.0
133.0 123.0
108.0 125.0
102.0 125.0
107.0 125.0
112.0 125.0
110.0 126.0
93.0 126.0
162.0 127.0
103.0 127.0
87.0 128.0
156.0 130.0
97.0 132.0
105.0 132.0
123.0 134.0
125.0 135.0
67.0 136.0
144.0 136.0
96.0 137.0
78.0 137.0
135.0 137.0
130.0 137.0
83.0 137.0
133.0 139.0
154.0 140.0
144.0 141.0
120.0 143.0
139.0 144.0
129.0 146.0
105.0 146.0
154.0 147.0
142.0 148.0
124.0 151.0
145.0 152.0
175.0 166.0
