154.0 121.0
152.0 122.0
111.0 127.0
165.0 130.0
172.0 132.0
134.0 134.0
152.0 135.0
140.0 135.0
150.0 136.0
163.0 138.0
159.0 138.0
164.0 138.0
139.0 139.0
145.0 139.0
142.0 139.0
148.0 140.0
141.0 140.0
176.0 141.0
146.0 142.0
160.0 142.0
176.0 142.0
124.0 143.0
155.0 144.0
150.0 145.0
157.0 145.0
149.0 145.0
152.0 147.0
154.0 147.0
144.0 147.0
145.0 147.0
150.0 147.0
137.0 148.0
143.0 148.0
156.0 148.0
178.0 148.0
149.0 149.0
163.0 150.0
158.0 150.0
152.0 150.0
154.0 150.0
162.0 151.0
150.0 151.0
173.0 152.0
146.0 152.0
162.0 152.0
183.0 152.0
160.0 152.0
147.0 152.0
153.0 153.0
139.0 153.0
138.0 153.0
153.0 153.0
150.0 154.0
158.0 154.0
174.0 154.0
142.0 154.0
148.0 154.0
146.0 154.0
154.0 155.0
159.0 155.0
140.0 155.0
179.0 155.0
176.0 155.0
177.0 155.0
160.0 156.0
162.0 156.0
157.0 156.0
152.0 156.0
155.0 156.0
158.0 156.0
154.0 156.0
160.0 156.0
148.0 156.0
146.0 157.0
145.0 157.0
164.0 157.0
160.0 157.0
139.0 157.0
161.0 157.0
153.0 157.0
143.0 157.0
152.0 158.0
165.0 158.0
154.0 158.0
167.0 159.0
157.0 159.0
161.0 159.0
154.0 159.0
156.0 159.0
152.0 159.0
154.0 159.0
154.0 159.0
142.0 159.0
179.0 159.0
137.0 160.0
163.0 160.0
170.0 160.0
180.0 161.0
162.0 161.0
158.0 161.0
160.0 161.0
156.0 161.0
155.0 161.0
157.0 161.0
154.0 161.0
128.0 161.0
152.0 162.0
156.0 162.0
108.0 162.0
168.0 162.0
160.0 163.0
163.0 163.0
162.0 163.0
157.0 163.0
168.0 163.0
159.0 163.0
169.0 164.0
164.0 164.0
156.0 164.0
161.0 164.0
133.0 164.0
153.0 165.0
166.0 165.0
164.0 165.0
164.0 165.0
159.0 165.0
142.0 165.0
161.0 166.0
170.0 166.0
176.0 166.0
155.0 166.0
173.0 167.0
154.0 167.0
158.0 168.0
164.0 168.0
131.0 168.0
186.0 169.0
157.0 169.0
157.0 170.0
178.0 170.0
173.0 170.0
151.0 170.0
142.0 170.0
169.0 172.0
162.0 173.0
169.0 173.0
174.0 173.0
174.0 173.0
172.0 175.0
194.0 176.0
167.0 176.0
173.0 176.0
146.0 177.0
166.0 177.0
131.0 178.0
177.0 178.0
162.0 180.0
170.0 182.0
175.0 182.0
182.0 184.0
133.0 185.0
180.0 189.0
140.0 190.0
172.0 196.0
