90.0 83.0
162.0 92.0
124.0 95.0
94.0 99.0
147.0 103.0
111.0 105.0
140.0 108.0
110.0 109.0
121.0 110.0
141.0 110.0
112.0 111.0
113.0 111.0
130.0 112.0
123.0 112.0
120.0 113.0
125.0 113.0
103.0 114.0
114.0 114.0
120.0 114.0
90.0 115.0
128.0 115.0
132.0 115.0
103.0 116.0
121.0 116.0
145.0 117.0
119.0 117.0
123.0 117.0
113.0 117.0
133.0 117.0
161.0 118.0
124.0 118.0
129.0 118.0
128.0 119.0
117.0 119.0
119.0 119.0
117.0 119.0
125.0 119.0
154.0 119.0
118.0 119.0
133.0 119.0
128.0 119.0
125.0 119.0
116.0 120.0
118.0 120.0
123.0 120.0
130.0 120.0
131.0 120.0
123.0 120.0
131.0 121.0
136.0 121.0
132.0 121.0
115.0 121.0
125.0 121.0
121.0 121.0
138.0 121.0
133.0 121.0
142.0 122.0
117.0 122.0
138.0 122.0
124.0 122.0
129.0 122.0
125.0 122.0
132.0 122.0
130.0 122.0
131.0 122.0
131.0 122.0
121.0 122.0
130.0 123.0
127.0 123.0
125.0 123.0
130.0 123.0
126.0 123.0
135.0 123.0
126.0 123.0
130.0 124.0
124.0 124.0
127.0 124.0
130.0 124.0
124.0 124.0
123.0 124.0
124.0 124.0
123.0 124.0
130.0 124.0
135.0 125.0
122.0 125.0
127.0 125.0
125.0 125.0
121.0 125.0
129.0 126.0
131.0 126.0
123.0 126.0
128.0 126.0
123.0 126.0
121.0 126.0
174.0 126.0
120.0 126.0
130.0 127.0
117.0 127.0
122.0 127.0
139.0 127.0
124.0 127.0
124.0 127.0
134.0 127.0
128.0 127.0
123.0 127.0
138.0 127.0
127.0 127.0
126.0 127.0
128.0 127.0
117.0 127.0
125.0 127.0
139.0 127.0
106.0 128.0
111.0 128.0
121.0 128.0
127.0 128.0
127.0 128.0
129.0 128.0
137.0 128.0
139.0 128.0
128.0 128.0
124.0 128.0
129.0 128.0
135.0 128.0
128.0 128.0
128.0 128.0
131.0 129.0
110.0 129.0
137.0 129.0
136.0 129.0
130.0 129.0
124.0 129.0
136.0 129.0
128.0 129.0
128.0 129.0
130.0 129.0
130.0 130.0
125.0 130.0
121.0 130.0
128.0 130.0
129.0 130.0
132.0 130.0
96.0 131.0
100.0 131.0
124.0 131.0
151.0 131.0
127.0 131.0
134.0 131.0
141.0 131.0
136.0 131.0
130.0 132.0
137.0 132.0
139.0 132.0
135.0 132.0
130.0 132.0
121.0 132.0
100.0 133.0
134.0 133.0
137.0 133.0
131.0 133.0
136.0 133.0
122.0 133.0
133.0 133.0
125.0 133.0
136.0 133.0
130.0 133.0
138.0 133.0
150.0 133.0
125.0 134.0
138.0 134.0
128.0 134.0
120.0 134.0
124.0 134.0
135.0 134.0
133.0 134.0
125.0 134.0
125.0 134.0
143.0 134.0
147.0 134.0
133.0 134.0
134.0 134.0
137.0 134.0
133.0 134.0
137.0 135.0
141.0 135.0
120.0 135.0
125.0 135.0
128.0 135.0
105.0 136.0
125.0 136.0
142.0 136.0
128.0 136.0
138.0 136.0
134.0 136.0
125.0 137.0
126.0 137.0
131.0 137.0
138.0 137.0
132.0 137.0
125.0 137.0
125.0 138.0
131.0 138.0
141.0 138.0
135.0 138.0
112.0 139.0
138.0 139.0
139.0 139.0
130.0 139.0
130.0 139.0
153.0 139.0
120.0 139.0
141.0 139.0
118.0 140.0
138.0 140.0
92.0 141.0
128.0 141.0
133.0 141.0
127.0 141.0
143.0 142.0
136.0 142.0
139.0 142.0
145.0 142.0
136.0 142.0
146.0 142.0
126.0 142.0
142.0 143.0
153.0 143.0
111.0 143.0
120.0 143.0
130.0 143.0
140.0 144.0
133.0 144.0
140.0 144.0
119.0 144.0
106.0 144.0
134.0 144.0
140.0 145.0
127.0 145.0
142.0 145.0
142.0 146.0
129.0 146.0
135.0 146.0
132.0 147.0
150.0 147.0
127.0 148.0
130.0 148.0
127.0 149.0
143.0 150.0
157.0 151.0
157.0 153.0
106.0 154.0
129.0 154.0
147.0 155.0
117.0 159.0
119.0 163.0
