46.0 28.0
31.0 32.0
29.833333333333332 34.166666666666664
62.5 35.5
57.0 36.0
35.888888888888886 36.111111111111114
40.333333333333336 37.0
55.0 39.0
47.5 39.0
53.0 40.0
65.0 41.5
37.421052631578945 41.526315789473685
24.0 42.0
51.5 45.0
48.666666666666664 45.833333333333336
95.0 48.0
46.25 48.25
53.333333333333336 49.333333333333336
78.0 50.0
127.0 50.666666666666664
59.5 51.5
59.833333333333336 52.416666666666664
55.24 52.88
50.92307692307692 54.07692307692308
65.3 54.7
76.33333333333333 55.0
75.6 57.1
101.0 57.75
63.0 59.0
131.0 60.0
56.0 60.142857142857146
114.0 61.0
65.16666666666667 61.5
73.83333333333333 61.833333333333336
68.0 62.0
62.17391304347826 62.65217391304348
52.5 63.285714285714285
53.0 64.0
68.57142857142857 64.71428571428571
65.38461538461539 64.92307692307692
61.15384615384615 65.15384615384616
85.16666666666667 66.0
137.0 67.0
60.5 67.5
72.66666666666667 68.66666666666667
76.0 69.0
72.76470588235294 70.3529411764706
75.41666666666667 70.41666666666667
76.0 71.0
65.25 71.875
65.1219512195122 72.36585365853658
67.33333333333333 73.0
105.0 73.0
45.0 74.0
45.0 74.0
45.0 74.0
85.0 74.0
161.0 74.0
112.0 74.5
80.5 75.0
97.5 75.0
66.0 75.0
75.0 75.0
85.875 75.125
63.25 75.125
79.66666666666667 75.66666666666667
108.0 76.0
146.5 76.0
80.5 76.25
57.0 77.0
117.0 77.5
144.0 77.5
65.0 78.0
106.21428571428571 78.07142857142857
81.75 78.5
82.0 78.5
104.46153846153847 79.38461538461539
128.0 80.0
77.0 81.0
73.0 81.0
97.22222222222223 81.44444444444444
98.2 81.6
59.0 82.0
75.6774193548387 82.61290322580645
100.66666666666667 83.0
94.08333333333333 83.5
98.66666666666667 83.5
85.33333333333333 84.0
89.14285714285714 84.125
119.0 84.5
96.0 84.5
129.0 85.0
82.0 85.75
131.5 86.25
93.86666666666666 86.8
73.33333333333333 87.0
48.0 87.0
37.0 87.0
118.2 87.4
104.5 87.5
124.0 88.0
82.55172413793103 88.67241379310344
99.22222222222223 89.44444444444444
76.5 89.75
161.0 90.0
123.5 90.5
102.0 90.875
88.0 91.0
117.0 91.0
143.0 91.0
69.0 91.25
73.0 91.8
124.33333333333333 92.0
55.0 92.0
129.5 92.5
93.0 92.66666666666667
129.8 92.7
112.6 92.8
84.0 93.0
84.0 93.0
83.0 93.2
84.5 93.5
112.36363636363636 93.54545454545455
99.5 94.0
62.0 94.0
103.5 94.5
92.65517241379311 95.72413793103448
97.5 95.75
141.0 96.0
92.0 96.0
102.71428571428571 96.64285714285714
84.0 97.0
148.0 97.0
113.0 97.0
163.0 97.0
101.0 97.33333333333333
95.92857142857143 98.28571428571429
128.2 98.6
84.75 99.625
103.46551724137932 99.65517241379311
135.0 100.0
105.0 100.0
177.0 100.0
90.25 100.21428571428571
162.66666666666666 101.0
92.14285714285714 101.0
162.0 101.0
80.0 101.5
96.75 101.5
101.15384615384616 101.53846153846153
129.875 101.75
100.5 102.0
113.0 102.0
127.88888888888889 102.11111111111111
91.75 103.0
135.0 103.0
86.8 103.92
177.0 104.0
111.6 104.2
99.875 104.5
96.8 104.6
71.0 105.0
122.2 105.2
102.73333333333333 106.06666666666666
93.14814814814815 106.29629629629629
87.375 106.5
108.0 107.0
160.0 107.0
42.0 107.0
159.0 107.0
139.16666666666666 107.16666666666667
98.8 107.2
72.5 107.5
105.14 107.74
127.5 108.1
118.6 108.2
145.0 109.0
125.5 109.5
116.66666666666667 110.0
134.5 110.25
108.75 110.5
108.4 110.6
107.8 111.0
141.0 111.8
99.8 111.8
118.5 111.83333333333333
80.27272727272727 112.0
80.0 112.0
110.10810810810811 112.39189189189189
107.0 113.0
100.0 114.0
138.66666666666666 114.0
126.88235294117646 114.29411764705883
116.66666666666667 114.66666666666667
109.0 115.5
108.4 116.0
162.0 116.0
121.0 116.66666666666667
116.20238095238095 117.39285714285714
115.6 117.8
121.0 118.0
113.5 118.0
191.0 118.0
123.66666666666667 118.08333333333333
132.11111111111111 118.22222222222223
126.0 118.55555555555556
101.11111111111111 118.66666666666667
136.0 119.0
106.0 119.0
123.0 119.0
94.0909090909091 119.45454545454545
91.0 120.0
169.5 120.0
140.5 120.25
114.77777777777777 120.33333333333333
119.625 120.81666666666666
170.0 121.0
115.92857142857143 121.07142857142857
138.36363636363637 121.27272727272727
149.375 121.375
102.46153846153847 121.53846153846153
133.1818181818182 121.77272727272727
135.66666666666666 122.0
110.27272727272727 122.36363636363636
110.0 123.0
126.5 123.7
104.06666666666666 123.73333333333333
145.75 123.75
129.25641025641025 124.23076923076923
151.0 124.5
103.0 125.0
73.5 125.5
127.42857142857143 125.57142857142857
131.66666666666666 125.66666666666667
116.0 126.0
127.5 126.0
112.64285714285714 126.5
146.0 126.5
130.6 126.53333333333333
137.875 126.875
180.0 127.0
134.27777777777777 127.27777777777777
127.625 127.625
136.22222222222223 127.66666666666667
128.66666666666666 127.66666666666667
176.0 128.0
118.88235294117646 128.35294117647058
99.75 128.5
127.27777777777777 128.5185185185185
118.11111111111111 128.55555555555554
131.35294117647058 128.88235294117646
110.0 129.0
148.44444444444446 129.11111111111111
130.53535353535352 129.22222222222223
137.92307692307693 129.30769230769232
155.4 129.4
136.83333333333334 129.5
102.4 130.0
137.5 130.0
102.0 130.0
135.16666666666666 130.16666666666666
131.33333333333334 130.88888888888889
91.0 131.0
149.0 131.0
116.0 131.0
118.42857142857143 131.0
136.4 131.2
168.33333333333334 131.46666666666667
125.33333333333333 131.5
131.0 131.5
152.0 132.0
157.0 132.0
169.5 132.0
128.16666666666666 132.16666666666666
121.0 132.5
181.0 132.5
113.5925925925926 132.5185185185185
158.5 133.0
167.0 133.0
156.14285714285714 133.21428571428572
123.78947368421052 133.57894736842104
125.33333333333333 133.66666666666666
145.2 133.9
119.42857142857143 134.0
93.66666666666667 134.33333333333334
135.83333333333334 134.66666666666666
88.5 135.0
84.0 135.0
169.0 135.0
138.0 135.0
166.5 135.25
130.0 136.21052631578948
184.0 136.28571428571428
135.76923076923077 136.3846153846154
141.0 136.5
135.33333333333334 136.66666666666666
146.25 136.75
67.5 137.0
123.0 137.0
136.98507462686567 137.7462686567164
134.8 137.8
99.42857142857143 137.85714285714286
110.0 137.875
141.7 137.9
139.0 138.0
90.0 138.0
157.6 138.2
82.0 139.0
124.85714285714286 139.85714285714286
145.0 140.0
115.88888888888889 140.33333333333334
132.0 140.5
115.76923076923077 140.6153846153846
143.75 140.75
155.125 141.125
72.0 142.0
102.0 142.0
62.0 143.0
172.0 143.0
105.0 143.5
143.8395061728395 143.76543209876544
124.0 144.0
116.0 144.0
152.0 144.0
144.33333333333334 144.0
152.21052631578948 144.42105263157896
104.25 144.5
156.0 144.8
160.8 144.8
80.0 145.0
169.0 145.0
141.77777777777777 145.0
149.0 145.16666666666666
138.0 145.33333333333334
146.16666666666666 146.66666666666666
178.0 147.5
163.14285714285714 147.71428571428572
135.0 148.0
137.0 148.0
145.33333333333334 148.33333333333334
129.0 148.8
98.0 149.0
167.4 149.0
127.16666666666667 149.0
128.33333333333334 149.33333333333334
153.33333333333334 149.33333333333334
130.625 149.625
142.0 150.0
158.0 150.0
143.7 150.3
127.0 151.0
168.0 151.0
167.72727272727272 151.27272727272728
128.28571428571428 151.28571428571428
154.5 151.5
156.28571428571428 151.57142857142858
142.33333333333334 151.9047619047619
149.0 152.0
183.0 152.0
135.33333333333334 152.20833333333334
151.21153846153845 152.53846153846155
136.2 152.6
82.0 153.0
132.0 153.0
178.75 153.0
148.08 153.24
158.0 154.0
172.16666666666666 155.0
163.0 155.0
132.5 155.5
169.83333333333334 155.5
144.8 155.6
117.0 156.33333333333334
146.8 156.6
127.6 156.6
138.0 157.0
140.875 157.125
144.44444444444446 157.66666666666666
145.28571428571428 158.0
172.0 158.0
146.5 158.33333333333334
165.66666666666666 158.66666666666666
153.875 159.125
144.1818181818182 159.1818181818182
126.25 159.25
154.66666666666666 159.33333333333334
165.0 159.66666666666666
158.4 159.86666666666667
117.0 160.0
172.0 160.0
148.33333333333334 160.33333333333334
179.5 160.5
153.0 161.33333333333334
179.5 161.5
108.0 162.0
161.94117647058823 162.64705882352942
110.0 163.0
117.5 163.0
160.0 163.0
166.0 163.0
174.44444444444446 163.33333333333334
156.89655172413794 163.6206896551724
177.36363636363637 163.63636363636363
174.0 164.0
159.92857142857142 164.42857142857142
157.8 164.46666666666667
100.4 165.0
167.9090909090909 165.1818181818182
175.25 165.25
156.0 165.5
175.0 166.0
122.0 166.0
176.5 166.0
188.0 166.0
166.5 166.25
121.5 166.5
151.66666666666666 166.66666666666666
143.0 167.5
168.0 167.5
129.0 168.0
175.14285714285714 169.42857142857142
164.5 169.75
148.55555555555554 169.77777777777777
186.0 170.0
145.0 170.5
163.36363636363637 170.8181818181818
139.0 171.0
168.0 171.0
199.0 171.0
169.0 171.0
169.0 171.0
183.66666666666666 171.0
147.75 171.25
184.1818181818182 171.36363636363637
192.0 171.5
149.41666666666666 171.58333333333334
149.375 171.625
172.0 172.0
177.0 172.1
169.0 172.5
169.24 172.56
188.0 173.0
184.66666666666666 173.83333333333334
178.5 173.83333333333334
157.0 174.0
122.0 174.0
174.5 174.0
118.0 175.0
118.0 175.0
150.0 175.0
177.1818181818182 175.63636363636363
179.03225806451613 175.7741935483871
194.0 176.0
183.0 176.0
186.0 176.0
169.0 177.0
154.5 177.5
180.83333333333334 177.58333333333334
180.10526315789474 178.1578947368421
174.88888888888889 178.66666666666666
175.0 179.0
188.57142857142858 179.85714285714286
188.0 180.0
161.75 180.25
167.45454545454547 180.63636363636363
182.875 180.91666666666666
176.0 181.0
168.25 181.25
186.0 181.35294117647058
177.6 181.6
173.28571428571428 182.14285714285714
158.1818181818182 182.54545454545453
94.0 183.0
173.0 183.0
188.83333333333334 183.66666666666666
100.0 184.0
112.5 184.0
192.5 184.0
191.63636363636363 184.5
185.22222222222223 184.58333333333334
191.66666666666666 184.91666666666666
155.0 185.0
188.3684210526316 186.1578947368421
194.0 188.0
173.66666666666666 188.16666666666666
190.4 188.5
199.5 189.75
136.0 190.0
142.0 190.0
172.33333333333334 190.0
186.8 190.4
189.78125 190.4375
191.0 191.0
193.375 192.28125
183.7 192.9
204.66666666666666 194.0
201.0 194.3125
191.0 195.0
192.7058823529412 195.8235294117647
188.0 195.85714285714286
199.66666666666666 196.33333333333334
203.33333333333334 197.66666666666666
182.0 198.0
187.5 199.0
190.0 200.0
195.0 201.0
199.8 201.8
200.0 202.8
200.8 204.1
201.33333333333334 204.33333333333334
190.0 205.0
205.16666666666666 205.33333333333334
