92.0 92.0
157.0 114.0
154.0 121.0
176.0 125.0
149.0 128.0
143.0 129.0
184.0 130.0
157.0 132.0
155.0 132.0
156.0 132.0
130.0 134.0
150.0 134.0
130.0 134.0
148.0 134.0
153.0 135.0
140.0 135.0
131.0 136.0
153.0 136.0
154.0 138.0
150.0 138.0
139.0 139.0
145.0 139.0
146.0 139.0
141.0 140.0
137.0 140.0
146.0 140.0
151.0 140.0
148.0 140.0
141.0 140.0
176.0 141.0
142.0 141.0
160.0 142.0
150.0 142.0
145.0 143.0
150.0 145.0
157.0 145.0
149.0 145.0
160.0 145.0
170.0 146.0
132.0 146.0
138.0 146.0
144.0 147.0
150.0 147.0
150.0 148.0
153.0 148.0
147.0 148.0
153.0 148.0
151.0 149.0
149.0 149.0
143.0 150.0
148.0 150.0
152.0 150.0
162.0 151.0
150.0 151.0
168.0 151.0
151.0 151.0
112.0 151.0
146.0 152.0
147.0 152.0
152.0 153.0
149.0 153.0
157.0 154.0
150.0 154.0
158.0 154.0
142.0 154.0
146.0 154.0
154.0 155.0
140.0 155.0
160.0 155.0
158.0 156.0
154.0 156.0
167.0 157.0
146.0 157.0
164.0 157.0
153.0 157.0
170.0 158.0
152.0 158.0
156.0 158.0
154.0 158.0
166.0 158.0
154.0 159.0
148.0 159.0
142.0 159.0
157.0 159.0
137.0 160.0
163.0 160.0
149.0 160.0
167.0 161.0
180.0 161.0
167.0 161.0
156.0 161.0
155.0 161.0
157.0 161.0
154.0 161.0
128.0 161.0
156.0 162.0
147.0 163.0
162.0 163.0
152.0 163.0
168.0 163.0
169.0 164.0
133.0 164.0
165.0 165.0
173.0 166.0
155.0 166.0
180.0 167.0
166.0 167.0
186.0 169.0
157.0 169.0
138.0 169.0
157.0 170.0
178.0 170.0
173.0 170.0
164.0 170.0
175.0 171.0
169.0 173.0
174.0 173.0
138.0 174.0
175.0 175.0
169.0 177.0
177.0 178.0
170.0 182.0
182.0 185.0
165.0 190.0
