76.0 62.0
159.0 142.0
152.0 147.0
178.0 148.0
169.0 150.0
158.0 150.0
154.0 150.0
161.0 151.0
160.0 152.0
194.0 153.0
163.0 154.0
174.0 154.0
157.0 156.0
161.0 156.0
152.0 156.0
155.0 156.0
158.0 156.0
160.0 156.0
160.0 157.0
160.0 157.0
164.0 157.0
165.0 158.0
157.0 158.0
159.0 158.0
161.0 159.0
163.0 159.0
156.0 159.0
161.0 160.0
158.0 161.0
162.0 161.0
156.0 161.0
158.0 161.0
160.0 161.0
159.0 162.0
160.0 162.0
168.0 162.0
163.0 163.0
156.0 163.0
159.0 163.0
164.0 164.0
163.0 164.0
161.0 164.0
148.0 164.0
164.0 165.0
154.0 165.0
164.0 165.0
164.0 165.0
163.0 165.0
157.0 165.0
161.0 166.0
170.0 166.0
160.0 166.0
154.0 166.0
162.0 167.0
162.0 167.0
151.0 170.0
142.0 170.0
158.0 171.0
169.0 172.0
162.0 173.0
156.0 173.0
173.0 174.0
153.0 175.0
172.0 175.0
173.0 176.0
184.0 177.0
173.0 179.0
173.0 186.0
172.0 196.0
