91.0 94.0
158.0 97.0
133.0 109.0
106.0 111.0
114.0 112.0
82.0 114.0
107.0 114.0
105.0 116.0
128.0 117.0
133.0 119.0
149.0 120.0
110.0 122.0
120.0 123.0
110.0 124.0
125.0 124.0
116.0 125.0
114.0 125.0
105.0 126.0
121.0 127.0
119.0 128.0
129.0 129.0
152.0 131.0
128.0 132.0
120.0 132.0
143.0 133.0
137.0 137.0
131.0 137.0
115.0 137.0
139.0 138.0
115.0 139.0
130.0 140.0
137.0 140.0
108.0 140.0
109.0 141.0
84.0 141.0
126.0 145.0
105.0 147.0
136.0 147.0
145.0 150.0
153.0 151.0
133.0 152.0
151.0 153.0
153.0 154.0
124.0 156.0
109.0 159.0
130.0 160.0
136.0 161.0
132.0 162.0
113.0 166.0
106.0 168.0
159.0 170.0
155.0 185.0
177.0 185.0
