147.0 106.0
107.0 107.0
135.0 111.0
142.0 113.0
163.0 122.0
186.0 123.0
128.0 125.0
176.0 125.0
147.0 127.0
148.0 127.0
149.0 128.0
153.0 130.0
134.0 130.0
134.0 130.0
184.0 130.0
146.0 130.0
133.0 131.0
142.0 131.0
153.0 131.0
134.0 132.0
155.0 132.0
134.0 132.0
156.0 132.0
148.0 132.0
139.0 133.0
138.0 133.0
138.0 133.0
138.0 133.0
134.0 134.0
154.0 134.0
150.0 134.0
148.0 134.0
138.0 135.0
155.0 135.0
134.0 135.0
154.0 135.0
141.0 135.0
145.0 135.0
135.0 136.0
150.0 136.0
132.0 136.0
141.0 136.0
145.0 136.0
156.0 136.0
138.0 137.0
151.0 137.0
149.0 137.0
144.0 138.0
146.0 138.0
130.0 138.0
155.0 138.0
148.0 138.0
157.0 139.0
148.0 139.0
138.0 139.0
132.0 139.0
141.0 139.0
151.0 139.0
141.0 139.0
139.0 139.0
150.0 139.0
146.0 139.0
160.0 140.0
141.0 140.0
137.0 140.0
144.0 140.0
134.0 140.0
146.0 140.0
151.0 140.0
144.0 140.0
162.0 140.0
132.0 140.0
147.0 140.0
146.0 140.0
145.0 140.0
156.0 141.0
133.0 141.0
142.0 141.0
155.0 141.0
141.0 141.0
142.0 141.0
150.0 142.0
133.0 142.0
142.0 142.0
142.0 142.0
123.0 142.0
153.0 142.0
161.0 142.0
150.0 142.0
146.0 142.0
146.0 143.0
154.0 143.0
153.0 143.0
144.0 144.0
140.0 144.0
149.0 144.0
124.0 145.0
130.0 145.0
130.0 145.0
166.0 145.0
173.0 145.0
134.0 145.0
160.0 145.0
134.0 145.0
139.0 146.0
147.0 146.0
161.0 146.0
144.0 146.0
145.0 146.0
146.0 146.0
142.0 146.0
149.0 147.0
145.0 147.0
130.0 147.0
149.0 147.0
137.0 148.0
139.0 148.0
130.0 148.0
146.0 148.0
160.0 148.0
153.0 148.0
138.0 148.0
129.0 148.0
147.0 148.0
153.0 148.0
143.0 149.0
140.0 149.0
148.0 149.0
144.0 149.0
154.0 149.0
143.0 150.0
139.0 150.0
135.0 150.0
144.0 150.0
148.0 150.0
170.0 150.0
124.0 150.0
143.0 150.0
141.0 150.0
153.0 151.0
142.0 151.0
151.0 151.0
141.0 152.0
152.0 152.0
157.0 152.0
157.0 153.0
152.0 153.0
146.0 153.0
157.0 153.0
149.0 153.0
146.0 153.0
115.0 154.0
144.0 154.0
157.0 154.0
152.0 155.0
157.0 155.0
160.0 155.0
146.0 156.0
152.0 156.0
165.0 156.0
158.0 156.0
137.0 156.0
143.0 156.0
147.0 157.0
175.0 157.0
140.0 157.0
174.0 158.0
170.0 158.0
149.0 158.0
156.0 158.0
150.0 158.0
166.0 158.0
152.0 158.0
148.0 159.0
145.0 159.0
149.0 159.0
157.0 159.0
133.0 159.0
144.0 160.0
175.0 160.0
149.0 160.0
137.0 161.0
175.0 161.0
149.0 162.0
152.0 163.0
153.0 164.0
139.0 164.0
154.0 164.0
165.0 165.0
138.0 166.0
173.0 166.0
128.0 167.0
180.0 167.0
166.0 167.0
140.0 169.0
138.0 174.0
175.0 175.0
161.0 177.0
163.0 177.0
149.0 180.0
154.0 187.0
