157.0 104.0
114.0 108.0
161.0 127.0
160.0 127.0
167.0 130.0
165.0 130.0
143.0 133.0
152.0 134.0
141.0 139.0
135.0 139.0
171.0 140.0
173.0 142.0
178.0 143.0
155.0 144.0
162.0 145.0
143.0 146.0
153.0 146.0
158.0 147.0
179.0 147.0
156.0 149.0
159.0 149.0
154.0 149.0
160.0 150.0
143.0 150.0
116.0 153.0
178.0 153.0
148.0 154.0
139.0 155.0
184.0 156.0
162.0 158.0
161.0 158.0
124.0 158.0
138.0 159.0
157.0 160.0
161.0 169.0
165.0 170.0
159.0 171.0
130.0 172.0
173.0 175.0
165.0 183.0
114.0 187.0
