-13.834319 -15.319979
-7.6486731 -14.764754
-11.101967 -13.976972
-6.637295 -13.702945
-8.3813166 -13.351849
-4.5884141 -13.283307
-8.2202411 -13.122817
-11.457521 -13.088401
-6.9861633 -12.89934
-8.0483277 -12.693475
-9.7046949 -12.437645
-8.4578267 -12.321813
-8.2834528 -12.265331
-12.385409 -12.162668
-14.324761 -12.112543
-10.360537 -12.008472
-14.884941 -11.999054
-11.703563 -11.92796
-9.571562 -11.860183
-8.2521339 -11.792038
-9.3689671 -11.341822
-8.0414721 -11.227886
-14.189323 -11.220872
-8.0559003 -11.220242
-7.6954678 -10.871082
-12.013587 -10.767924
-7.9168302 -10.285441
-12.895567 -10.25501
-10.024185 -10.215886
-8.0827104 -9.9373706
-13.062789 -9.7608451
-9.1930959 -9.6100909
-11.799815 -9.57908
-11.1752 -9.0627423
-8.926017 -8.9062395
-15.938333 -8.4501091
-14.102577 -8.3105844
-16.424746 -7.327262
-15.172473 -6.8438532
8.0165426 10.843572
