112.0 51.0
54.0 59.0
96.0 70.0
118.0 79.0
128.0 80.0
111.0 91.0
134.0 96.0
112.0 96.0
142.0 99.0
149.0 101.0
109.0 101.0
135.0 103.0
136.0 105.0
113.0 106.0
160.0 107.0
150.0 107.0
87.0 112.0
145.0 115.0
81.0 115.0
135.0 116.0
130.0 116.0
128.0 119.0
147.0 120.0
68.0 121.0
147.0 121.0
148.0 121.0
124.0 121.0
110.0 123.0
161.0 124.0
146.0 124.0
131.0 124.0
133.0 125.0
133.0 125.0
163.0 126.0
147.0 126.0
111.0 128.0
122.0 131.0
150.0 131.0
121.0 132.0
125.0 133.0
152.0 134.0
100.0 134.0
135.0 135.0
146.0 135.0
150.0 135.0
134.0 136.0
159.0 141.0
139.0 141.0
116.0 144.0
110.0 144.0
127.0 145.0
151.0 146.0
143.0 146.0
144.0 146.0
175.0 147.0
125.0 148.0
135.0 148.0
134.0 148.0
104.0 149.0
180.0 151.0
124.0 156.0
148.0 156.0
174.0 156.0
171.0 160.0
135.0 167.0
