154.0 121.0
150.0 134.0
140.0 136.0
135.0 136.0
163.0 138.0
145.0 139.0
142.0 139.0
141.0 140.0
141.0 140.0
142.0 141.0
146.0 142.0
149.0 145.0
140.0 147.0
154.0 147.0
144.0 147.0
150.0 147.0
153.0 148.0
149.0 149.0
152.0 150.0
150.0 151.0
146.0 152.0
162.0 152.0
147.0 152.0
153.0 153.0
139.0 153.0
153.0 153.0
158.0 154.0
146.0 154.0
154.0 155.0
159.0 155.0
140.0 155.0
162.0 156.0
154.0 156.0
146.0 157.0
164.0 157.0
161.0 157.0
153.0 157.0
152.0 158.0
154.0 159.0
152.0 159.0
154.0 159.0
137.0 160.0
155.0 161.0
157.0 161.0
154.0 161.0
152.0 162.0
156.0 162.0
160.0 163.0
157.0 163.0
168.0 163.0
155.0 166.0
157.0 169.0
146.0 177.0
