145.0 82.0
159.0 88.0
161.0 90.0
149.0 97.0
127.0 97.0
162.0 101.0
147.0 103.0
114.0 110.0
116.0 110.0
133.0 110.0
133.0 112.0
109.0 115.0
126.0 117.0
180.0 118.0
133.0 119.0
133.0 119.0
120.0 120.0
163.0 120.0
132.0 121.0
126.0 121.0
129.0 122.0
129.0 122.0
140.0 122.0
149.0 123.0
136.0 123.0
145.0 124.0
141.0 124.0
160.0 126.0
153.0 127.0
144.0 127.0
137.0 128.0
125.0 129.0
129.0 129.0
148.0 129.0
154.0 130.0
123.0 131.0
138.0 131.0
147.0 132.0
131.0 133.0
138.0 133.0
114.0 133.0
134.0 134.0
164.0 135.0
134.0 137.0
145.0 138.0
149.0 139.0
128.0 139.0
149.0 139.0
131.0 140.0
184.0 140.0
126.0 140.0
138.0 141.0
131.0 142.0
143.0 142.0
142.0 142.0
145.0 142.0
136.0 145.0
137.0 146.0
134.0 148.0
126.0 149.0
158.0 151.0
158.0 151.0
112.0 151.0
127.0 154.0
127.0 156.0
147.0 156.0
141.0 156.0
160.0 160.0
172.0 160.0
115.0 163.0
120.0 163.0
121.0 165.0
128.0 165.0
111.0 166.0
156.0 167.0
146.0 168.0
