114.0 74.0
156.0 79.0
157.0 91.0
129.0 92.0
151.0 92.0
143.0 93.0
129.0 94.0
117.0 95.0
126.0 95.0
156.0 97.0
105.0 97.0
109.0 98.0
110.0 99.0
131.0 101.0
104.0 104.0
95.0 105.0
88.0 105.0
138.0 107.0
103.0 108.0
122.0 109.0
112.0 109.0
137.0 110.0
120.0 110.0
145.0 111.0
89.0 111.0
122.0 114.0
104.0 118.0
136.0 119.0
133.0 119.0
139.0 120.0
144.0 120.0
113.0 121.0
127.0 121.0
124.0 121.0
100.0 122.0
135.0 123.0
121.0 124.0
123.0 125.0
137.0 125.0
135.0 127.0
132.0 127.0
118.0 128.0
104.0 128.0
147.0 128.0
132.0 129.0
124.0 129.0
145.0 130.0
146.0 130.0
134.0 130.0
125.0 132.0
140.0 133.0
95.0 133.0
144.0 133.0
109.0 134.0
117.0 134.0
141.0 135.0
140.0 135.0
140.0 136.0
158.0 136.0
134.0 137.0
122.0 137.0
148.0 140.0
129.0 141.0
102.0 142.0
151.0 142.0
156.0 143.0
96.0 143.0
137.0 143.0
114.0 144.0
112.0 145.0
141.0 146.0
115.0 147.0
123.0 148.0
156.0 149.0
160.0 150.0
102.0 150.0
109.0 152.0
139.0 152.0
116.0 153.0
105.0 154.0
145.0 154.0
139.0 156.0
135.0 158.0
145.0 158.0
146.0 159.0
117.0 160.0
157.0 160.0
137.0 162.0
144.0 165.0
109.0 165.0
110.0 168.0
157.0 174.0
165.0 174.0
144.0 182.0
100.0 184.0
