80.0 52.0
56.0 59.0
94.0 60.0
90.0 65.0
104.0 66.0
71.0 69.0
72.0 69.0
70.0 70.0
74.0 71.0
67.0 72.0
81.0 72.0
79.0 72.0
103.0 73.0
90.0 74.0
85.0 75.0
74.0 75.0
86.0 75.0
97.0 76.0
76.0 76.0
97.0 76.0
78.0 76.0
91.0 76.0
89.0 77.0
93.0 78.0
78.0 78.0
102.0 78.0
95.0 79.0
75.0 80.0
87.0 80.0
84.0 80.0
87.0 81.0
84.0 81.0
87.0 81.0
80.0 81.0
89.0 82.0
88.0 82.0
83.0 82.0
82.0 83.0
76.0 83.0
86.0 83.0
83.0 83.0
98.0 84.0
89.0 84.0
79.0 84.0
94.0 84.0
123.0 84.0
125.0 84.0
73.0 85.0
109.0 85.0
80.0 85.0
84.0 85.0
86.0 85.0
73.0 85.0
116.0 86.0
86.0 86.0
90.0 87.0
94.0 87.0
72.0 88.0
113.0 88.0
98.0 88.0
92.0 88.0
91.0 89.0
106.0 89.0
84.0 89.0
92.0 90.0
100.0 90.0
100.0 90.0
105.0 90.0
89.0 91.0
104.0 91.0
101.0 91.0
91.0 91.0
113.0 91.0
76.0 91.0
87.0 92.0
80.0 92.0
86.0 92.0
107.0 93.0
86.0 93.0
94.0 93.0
94.0 94.0
81.0 95.0
88.0 95.0
106.0 96.0
81.0 97.0
109.0 97.0
89.0 98.0
99.0 98.0
85.0 99.0
82.0 99.0
97.0 99.0
89.0 99.0
102.0 99.0
111.0 100.0
111.0 100.0
110.0 101.0
95.0 101.0
94.0 101.0
122.0 101.0
105.0 101.0
73.0 102.0
94.0 102.0
103.0 102.0
84.0 102.0
103.0 105.0
109.0 105.0
94.0 106.0
91.0 106.0
108.0 107.0
85.0 108.0
95.0 108.0
90.0 109.0
91.0 109.0
94.0 112.0
93.0 112.0
105.0 113.0
103.0 119.0
98.0 120.0
