67.0 61.0
139.0 115.0
148.0 116.0
173.0 132.0
137.0 133.0
129.0 134.0
139.0 136.0
121.0 139.0
118.0 140.0
131.0 140.0
157.0 141.0
134.0 142.0
144.0 143.0
156.0 144.0
136.0 146.0
146.0 147.0
131.0 148.0
139.0 148.0
170.0 148.0
139.0 148.0
167.0 148.0
185.0 150.0
130.0 152.0
162.0 152.0
153.0 154.0
143.0 154.0
140.0 155.0
177.0 155.0
146.0 156.0
128.0 157.0
150.0 158.0
165.0 159.0
124.0 160.0
144.0 161.0
152.0 162.0
126.0 163.0
150.0 163.0
140.0 163.0
149.0 163.0
161.0 165.0
155.0 166.0
144.0 167.0
146.0 170.0
139.0 171.0
172.0 171.0
143.0 171.0
172.0 172.0
122.0 174.0
114.0 176.0
149.0 177.0
127.0 177.0
141.0 178.0
112.0 178.0
177.0 180.0
166.0 180.0
162.0 181.0
142.0 182.0
164.0 183.0
172.0 184.0
159.0 200.0
