11.251012 7.9052239
10.583165 8.1892293
11.236341 8.19142
10.335031 8.6052038
9.000794 8.6658379
8.8491642 8.9285846
8.9938189 9.0164594
9.4161795 9.078414
11.426174 9.1614493
11.580885 9.2152616
9.9197627 9.4271899
12.236964 9.4597545
10.295775 9.5105997
9.8044285 9.5132661
10.393313 9.5722084
9.5067138 9.6854741
10.448936 9.7242325
11.149719 9.8322952
10.722184 9.8515603
8.6046098 9.9433558
8.5893683 9.994204
9.6677424 10.009637
10.031976 10.072091
9.3078828 10.153959
8.9932407 10.217824
10.394636 10.28453
9.3507403 10.339229
8.727906 10.504529
11.212135 10.521818
11.407269 10.548498
11.133658 10.68332
11.207487 10.739156
8.0165426 10.843572
9.4536867 10.852398
9.9483835 10.881642
9.1453822 10.884567
10.576104 10.935922
10.493722 11.088704
7.798487 11.128334
10.013822 11.146367
9.4143356 11.16528
10.330255 11.252178
8.3821401 11.430549
9.2334752 11.445495
9.5355582 11.529334
11.05536 11.804127
9.8986453 11.838361
