48.628865979381445 52.5360824742268
53.627450980392155 57.333333333333336
71.48780487804878 63.09756097560975
70.12 70.57714285714286
82.58585858585859 85.45959595959596
76.47169811320755 86.20754716981132
84.66129032258064 87.96774193548387
98.72549019607843 95.94117647058823
148.0 97.0
105.07179487179488 98.0
107.44117647058823 98.19117647058823
159.0 107.0
100.95833333333333 107.64583333333333
107.74489795918367 110.81632653061224
114.24022346368714 117.39106145251397
129.4965034965035 119.18881118881119
113.10576923076923 124.53846153846153
132.953125 124.828125
118.68656716417911 125.67164179104478
126.125 126.765625
128.4468085106383 130.01063829787233
129.41883116883116 130.94805194805195
159.98387096774192 134.90322580645162
150.82456140350877 136.75438596491227
138.152 137.104
136.18691588785046 148.88785046728972
148.63606557377048 150.5311475409836
159.7283950617284 151.69135802469137
160.32549019607842 163.4
171.4625 175.875
179.11020408163265 177.11020408163265
192.014440433213 190.53429602888087
