113.0 71.0
122.0 74.0
124.0 82.0
76.0 86.0
130.0 93.0
157.0 94.0
138.0 96.0
110.0 97.0
162.0 101.0
135.0 101.0
130.0 105.0
128.0 106.0
110.0 107.0
107.0 107.0
126.0 109.0
133.0 110.0
132.0 111.0
121.0 111.0
133.0 112.0
119.0 112.0
128.0 113.0
154.0 113.0
98.0 114.0
101.0 114.0
109.0 115.0
124.0 115.0
128.0 115.0
105.0 116.0
133.0 119.0
120.0 119.0
144.0 119.0
163.0 120.0
112.0 120.0
138.0 120.0
132.0 121.0
115.0 121.0
110.0 121.0
129.0 122.0
131.0 122.0
140.0 122.0
128.0 124.0
128.0 125.0
108.0 126.0
130.0 127.0
125.0 128.0
136.0 129.0
124.0 130.0
102.0 130.0
136.0 131.0
146.0 133.0
134.0 134.0
140.0 137.0
129.0 138.0
126.0 149.0
123.0 158.0
