1.0 2.2039563796099584
2.0 2.1492915115035283
3.0 2.079099244292796
4.0 2.0790992442927965
5.0 2.0790992442927965
6.0 2.0790992442927956
7.0 2.079099244292796
8.0 2.0790992442927956
9.0 2.079099244292796
10.0 2.079099244292796
11.0 2.079099244292796
12.0 2.0790992442927956
13.0 2.0790992442927956
14.0 2.079099244292796
15.0 2.0790992442927965
16.0 2.079099244292796
17.0 2.0790992442927956
18.0 2.0790992442927956
19.0 2.0790992442927956
20.0 2.079099244292796
21.0 2.0790992442927965
22.0 2.079099244292797
23.0 2.079099244292796
24.0 2.079099244292796
25.0 2.0790992442927965
26.0 2.079099244292797
27.0 2.079099244292797
28.0 2.079099244292796
29.0 2.0790992442927965
30.0 2.079099244292797
31.0 2.0790992442927965
32.0 2.079099244292797
33.0 2.079099244292796
34.0 2.079099244292796
35.0 2.0790992442927965
36.0 2.0790992442927956
37.0 2.079099244292796
38.0 2.0790992442927956
39.0 2.079099244292796
40.0 2.079099244292796
41.0 2.0790992442927947
42.0 2.0790992442927956
43.0 2.079099244292796
44.0 2.079099244292796
45.0 2.079099244292796
46.0 2.0790992442927965
47.0 2.0790992442927965
48.0 2.0790992442927965
49.0 2.079099244292796
50.0 2.079099244292796
