1.0 58.09134485972439
2.0 51.014774844995536
3.0 50.514824473609394
4.0 50.32862512231656
5.0 50.249177888864814
6.0 50.19781615470588
7.0 50.18155693224067
8.0 50.173515309322504
9.0 50.16814574807932
10.0 50.16272401391948
11.0 50.16238177828424
12.0 50.16238177828442
13.0 50.16238177828443
14.0 50.16238177828436
15.0 50.16238177828434
16.0 50.16238177828446
17.0 50.16238177828446
18.0 50.16238177828438
19.0 50.16238177828438
20.0 50.16238177828437
21.0 50.16238177828427
22.0 50.162381778284285
23.0 50.16238177828444
24.0 50.162381778284555
25.0 50.16238177828458
26.0 50.162381778284576
27.0 50.16238177828429
28.0 50.1623817782845
29.0 50.162381778284335
30.0 50.16238177828442
31.0 50.16238177828441
32.0 50.162381778284406
33.0 50.16238177828446
34.0 50.16238177828439
35.0 50.16238177828444
36.0 50.1623817782845
37.0 50.16238177828453
38.0 50.16238177828441
39.0 50.16238177828444
40.0 50.16238177828448
41.0 50.162381778284505
42.0 50.162381778284384
43.0 50.16238177828448
44.0 50.1623817782844
45.0 50.1623817782845
46.0 50.162381778284434
47.0 50.162381778284406
48.0 50.16238177828441
49.0 50.16238177828433
50.0 50.162381778284335
