1.0 63.4216323962376
2.0 59.94502321733905
3.0 59.39084311255906
4.0 59.11256384843728
5.0 58.95001746723235
6.0 58.867565401274874
7.0 58.83858135272373
8.0 58.8103118723664
9.0 58.77962779011574
10.0 58.75463176931263
11.0 58.741455069864514
12.0 58.725274867915466
13.0 58.70192050770946
14.0 58.6848848312388
15.0 58.664534956944934
16.0 58.65427778783331
17.0 58.64825665896312
18.0 58.64549071806107
19.0 58.644323292214835
20.0 58.64490878584665
21.0 58.64490878584684
22.0 58.64490878584676
23.0 58.6449087858467
24.0 58.64490878584665
25.0 58.64490878584667
26.0 58.64490878584656
27.0 58.64490878584649
28.0 58.644908785846525
29.0 58.64490878584677
30.0 58.64490878584686
31.0 58.64490878584682
32.0 58.64490878584682
33.0 58.64490878584675
34.0 58.644908785846766
35.0 58.64490878584682
36.0 58.6449087858468
37.0 58.64490878584681
38.0 58.64490878584677
39.0 58.64490878584677
40.0 58.64490878584674
41.0 58.64490878584683
42.0 58.644908785846624
43.0 58.64490878584663
44.0 58.64490878584666
45.0 58.64490878584673
46.0 58.64490878584662
47.0 58.6449087858467
48.0 58.6449087858467
49.0 58.64490878584672
50.0 58.644908785846646
