1.0 4.0874939578873795
2.0 3.6134721967208585
3.0 3.6134721967208585
4.0 3.613472196720859
5.0 3.6134721967208594
6.0 3.6134721967208585
7.0 3.61347219672086
8.0 3.61347219672086
9.0 3.613472196720859
10.0 3.6134721967208594
11.0 3.6134721967208603
12.0 3.6134721967208585
13.0 3.613472196720857
14.0 3.6134721967208563
15.0 3.6134721967208576
16.0 3.613472196720859
17.0 3.6134721967208576
18.0 3.613472196720859
19.0 3.6134721967208585
20.0 3.6134721967208585
21.0 3.6134721967208576
22.0 3.613472196720858
23.0 3.6134721967208576
24.0 3.613472196720859
25.0 3.6134721967208585
26.0 3.613472196720858
27.0 3.6134721967208585
28.0 3.613472196720859
29.0 3.61347219672086
30.0 3.6134721967208594
31.0 3.6134721967208594
32.0 3.613472196720858
33.0 3.613472196720858
34.0 3.6134721967208585
35.0 3.6134721967208576
36.0 3.6134721967208585
37.0 3.6134721967208585
38.0 3.6134721967208594
39.0 3.613472196720858
40.0 3.6134721967208567
41.0 3.61347219672086
42.0 3.613472196720859
43.0 3.6134721967208585
44.0 3.613472196720861
45.0 3.6134721967208607
46.0 3.613472196720861
47.0 3.613472196720857
48.0 3.613472196720858
49.0 3.613472196720859
50.0 3.613472196720859
