166.0 146.0
185.0 148.0
172.0 150.0
159.0 152.0
176.0 153.0
159.0 154.0
158.0 155.0
166.0 155.0
190.0 157.0
170.0 166.0
167.0 168.0
181.0 169.0
176.0 169.0
169.0 170.0
184.0 172.0
175.0 173.0
186.0 173.0
147.0 174.0
175.0 174.0
178.0 174.0
186.0 175.0
174.0 175.0
179.0 175.0
178.0 175.0
181.0 176.0
179.0 176.0
184.0 176.0
174.0 177.0
182.0 177.0
183.0 177.0
173.0 178.0
179.0 178.0
182.0 178.0
180.0 178.0
166.0 179.0
179.0 179.0
185.0 180.0
186.0 180.0
185.0 180.0
180.0 180.0
191.0 181.0
181.0 182.0
187.0 182.0
186.0 182.0
182.0 182.0
190.0 183.0
187.0 183.0
187.0 183.0
180.0 183.0
184.0 184.0
189.0 184.0
181.0 184.0
185.0 184.0
187.0 185.0
188.0 185.0
192.0 185.0
188.0 185.0
183.0 185.0
188.0 185.0
188.0 185.0
185.0 186.0
180.0 186.0
189.0 186.0
185.0 186.0
188.0 186.0
188.0 186.0
160.0 186.0
186.0 186.0
171.0 186.0
192.0 187.0
187.0 187.0
184.0 187.0
180.0 187.0
190.0 188.0
181.0 188.0
187.0 188.0
218.0 188.0
189.0 189.0
188.0 189.0
186.0 189.0
185.0 189.0
187.0 190.0
197.0 190.0
192.0 190.0
189.0 190.0
179.0 191.0
177.0 191.0
190.0 191.0
187.0 191.0
193.0 191.0
190.0 191.0
196.0 192.0
193.0 193.0
190.0 193.0
189.0 193.0
187.0 194.0
191.0 194.0
200.0 195.0
186.0 195.0
195.0 195.0
195.0 196.0
205.0 198.0
197.0 199.0
199.0 200.0
196.0 201.0
203.0 202.0
