95.0 97.0
146.0 132.0
150.0 143.0
150.0 143.0
149.0 145.0
146.0 146.0
149.0 147.0
150.0 147.0
153.0 147.0
150.0 148.0
151.0 148.0
149.0 148.0
150.0 149.0
146.0 149.0
150.0 149.0
154.0 149.0
149.0 149.0
155.0 150.0
151.0 150.0
149.0 150.0
154.0 150.0
150.0 150.0
155.0 150.0
147.0 150.0
152.0 151.0
148.0 151.0
150.0 151.0
151.0 151.0
150.0 151.0
147.0 151.0
149.0 152.0
153.0 152.0
155.0 152.0
150.0 152.0
154.0 152.0
150.0 153.0
160.0 153.0
150.0 153.0
154.0 153.0
147.0 154.0
157.0 154.0
149.0 154.0
150.0 154.0
155.0 154.0
150.0 154.0
152.0 154.0
153.0 154.0
147.0 154.0
150.0 155.0
151.0 155.0
151.0 156.0
156.0 156.0
153.0 157.0
160.0 157.0
153.0 157.0
154.0 157.0
