96.0 96.0
143.0 130.0
149.0 138.0
146.0 139.0
144.0 140.0
143.0 141.0
146.0 143.0
139.0 143.0
146.0 143.0
152.0 144.0
147.0 144.0
144.0 145.0
147.0 145.0
141.0 147.0
157.0 147.0
146.0 147.0
154.0 147.0
150.0 148.0
148.0 148.0
152.0 149.0
149.0 149.0
149.0 149.0
151.0 149.0
152.0 149.0
149.0 151.0
151.0 151.0
153.0 151.0
150.0 151.0
155.0 151.0
150.0 151.0
154.0 153.0
154.0 153.0
148.0 153.0
151.0 153.0
148.0 154.0
154.0 155.0
155.0 155.0
154.0 155.0
154.0 157.0
150.0 157.0
