65.0 58.0
90.0 66.0
84.0 66.0
68.0 69.0
74.0 69.0
80.0 73.0
79.0 75.0
75.0 76.0
69.0 78.0
90.0 81.0
75.0 82.0
92.0 83.0
85.0 83.0
84.0 83.0
93.0 84.0
84.0 84.0
84.0 84.0
90.0 84.0
88.0 85.0
85.0 85.0
83.0 85.0
83.0 86.0
81.0 86.0
73.0 86.0
93.0 87.0
82.0 88.0
88.0 88.0
88.0 89.0
83.0 89.0
84.0 90.0
90.0 90.0
88.0 92.0
94.0 92.0
111.0 92.0
84.0 93.0
93.0 94.0
85.0 94.0
87.0 94.0
96.0 95.0
106.0 95.0
91.0 96.0
88.0 96.0
92.0 97.0
91.0 97.0
88.0 97.0
93.0 97.0
96.0 98.0
109.0 98.0
89.0 99.0
90.0 99.0
89.0 99.0
91.0 99.0
88.0 100.0
96.0 100.0
90.0 101.0
87.0 102.0
123.0 102.0
99.0 102.0
92.0 107.0
110.0 110.0
110.0 111.0
80.0 118.0
111.0 119.0
121.0 134.0
