69.0 69.0
122.0 94.0
135.0 111.0
118.0 122.0
125.0 127.0
127.0 135.0
137.0 139.0
130.0 140.0
138.0 141.0
130.0 141.0
143.0 142.0
140.0 143.0
140.0 144.0
142.0 144.0
143.0 145.0
144.0 145.0
140.0 145.0
149.0 145.0
149.0 146.0
140.0 146.0
141.0 146.0
143.0 147.0
145.0 147.0
127.0 147.0
149.0 148.0
142.0 148.0
144.0 148.0
143.0 149.0
145.0 149.0
144.0 149.0
145.0 150.0
150.0 151.0
136.0 151.0
145.0 152.0
137.0 152.0
147.0 153.0
152.0 154.0
153.0 154.0
146.0 155.0
155.0 155.0
129.0 158.0
143.0 163.0
163.0 170.0
164.0 173.0
