94.0 53.0
90.0 56.0
71.0 65.0
74.0 70.0
75.0 72.0
119.0 74.0
81.0 77.0
88.0 79.0
98.0 82.0
97.0 85.0
79.0 93.0
109.0 95.0
100.0 95.0
94.0 96.0
106.0 96.0
91.0 96.0
125.0 97.0
99.0 104.0
96.0 107.0
127.0 108.0
109.0 110.0
81.0 111.0
111.0 112.0
99.0 114.0
96.0 116.0
113.0 118.0
121.0 119.0
122.0 120.0
124.0 120.0
95.0 122.0
117.0 123.0
118.0 124.0
125.0 124.0
127.0 127.0
114.0 127.0
138.0 127.0
129.0 130.0
119.0 136.0
125.0 137.0
135.0 141.0
104.0 143.0
136.0 145.0
134.0 148.0
120.0 148.0
144.0 156.0
140.0 160.0
196.0 193.0
170.0 199.0
