186.0 166.0
119.0 178.0
160.0 180.0
188.0 183.0
193.0 187.0
206.0 196.0
200.0 197.0
201.0 197.0
204.0 198.0
203.0 198.0
205.0 200.0
201.0 200.0
199.0 200.0
203.0 201.0
201.0 201.0
202.0 201.0
204.0 201.0
201.0 202.0
207.0 202.0
208.0 202.0
205.0 202.0
206.0 203.0
205.0 203.0
206.0 203.0
206.0 203.0
204.0 203.0
205.0 204.0
203.0 204.0
203.0 204.0
207.0 204.0
204.0 204.0
203.0 205.0
203.0 205.0
208.0 205.0
210.0 206.0
201.0 206.0
202.0 206.0
207.0 206.0
208.0 207.0
206.0 207.0
210.0 207.0
206.0 207.0
205.0 207.0
209.0 208.0
209.0 208.0
206.0 208.0
205.0 208.0
211.0 208.0
210.0 209.0
209.0 209.0
207.0 210.0
209.0 210.0
208.0 211.0
210.0 212.0
215.0 216.0
