92.0 92.0
114.0 110.0
116.0 111.0
112.0 112.0
118.0 113.0
123.0 114.0
117.0 115.0
118.0 116.0
127.0 117.0
124.0 117.0
115.0 117.0
133.0 117.0
125.0 118.0
120.0 118.0
121.0 118.0
127.0 118.0
124.0 118.0
120.0 118.0
121.0 119.0
120.0 120.0
124.0 120.0
128.0 120.0
122.0 120.0
124.0 120.0
123.0 120.0
127.0 120.0
129.0 120.0
123.0 120.0
128.0 121.0
124.0 121.0
127.0 121.0
124.0 121.0
123.0 122.0
120.0 122.0
123.0 122.0
122.0 122.0
123.0 123.0
122.0 123.0
131.0 123.0
122.0 123.0
126.0 123.0
127.0 124.0
126.0 124.0
124.0 124.0
128.0 124.0
124.0 124.0
121.0 124.0
133.0 124.0
131.0 125.0
125.0 125.0
128.0 125.0
120.0 125.0
127.0 125.0
128.0 126.0
127.0 126.0
125.0 126.0
127.0 126.0
124.0 126.0
125.0 126.0
124.0 126.0
126.0 126.0
118.0 126.0
121.0 126.0
124.0 126.0
128.0 126.0
128.0 127.0
128.0 127.0
128.0 127.0
143.0 127.0
128.0 127.0
134.0 127.0
123.0 127.0
130.0 127.0
132.0 128.0
131.0 128.0
132.0 128.0
131.0 129.0
130.0 129.0
128.0 129.0
130.0 129.0
129.0 129.0
125.0 130.0
128.0 130.0
124.0 130.0
134.0 130.0
126.0 130.0
126.0 130.0
129.0 131.0
133.0 131.0
127.0 132.0
126.0 132.0
131.0 136.0
134.0 139.0
