57.0 51.0
53.0 51.0
70.0 51.0
50.0 52.0
55.0 53.0
60.0 53.0
57.0 53.0
55.0 53.0
58.0 53.0
54.0 54.0
54.0 54.0
54.0 54.0
58.0 54.0
65.0 54.0
52.0 54.0
60.0 54.0
58.0 54.0
55.0 55.0
59.0 56.0
57.0 56.0
62.0 56.0
55.0 56.0
64.0 57.0
56.0 57.0
58.0 57.0
63.0 57.0
57.0 57.0
56.0 57.0
62.0 58.0
60.0 58.0
58.0 58.0
61.0 58.0
57.0 58.0
61.0 58.0
75.0 58.0
62.0 59.0
64.0 59.0
65.0 59.0
58.0 59.0
57.0 59.0
58.0 59.0
64.0 59.0
60.0 59.0
55.0 59.0
56.0 60.0
75.0 60.0
61.0 60.0
62.0 60.0
58.0 60.0
57.0 60.0
70.0 60.0
64.0 61.0
62.0 61.0
64.0 61.0
57.0 61.0
65.0 61.0
62.0 61.0
61.0 61.0
64.0 61.0
51.0 61.0
57.0 61.0
69.0 61.0
61.0 61.0
63.0 62.0
61.0 62.0
61.0 62.0
65.0 62.0
59.0 62.0
57.0 62.0
62.0 62.0
63.0 62.0
64.0 62.0
68.0 62.0
59.0 63.0
64.0 63.0
65.0 63.0
65.0 63.0
68.0 63.0
66.0 64.0
79.0 64.0
67.0 64.0
67.0 64.0
61.0 64.0
62.0 64.0
59.0 64.0
61.0 65.0
56.0 65.0
64.0 65.0
59.0 65.0
71.0 66.0
65.0 66.0
72.0 66.0
80.0 66.0
62.0 66.0
67.0 66.0
69.0 66.0
72.0 66.0
65.0 68.0
62.0 68.0
63.0 68.0
66.0 68.0
63.0 68.0
63.0 68.0
62.0 68.0
85.0 68.0
70.0 69.0
66.0 69.0
69.0 69.0
69.0 69.0
58.0 69.0
65.0 70.0
74.0 70.0
64.0 70.0
61.0 70.0
70.0 71.0
61.0 71.0
79.0 71.0
64.0 73.0
60.0 73.0
65.0 74.0
63.0 76.0
62.0 76.0
78.0 77.0
68.0 77.0
70.0 77.0
70.0 77.0
79.0 82.0
