61.63752129653168 56.118105378654214
61.43142370778821 60.56994262540779
62.78276245321067 63.42900944741906
60.5501045150984 64.20326901679864
67.27454738384318 67.36724994496647
66.36473930160348 73.21605366325198
77.49156600312686 77.44891386291886
77.3242116685921 79.65891030957607
77.19469585571511 80.93639023605736
94.84960074278398 84.78877747014856
93.0666234682156 87.77604962354593
89.14992095395264 91.56348009719363
109.85467118673327 92.26890281121617
98.55467589032725 92.73564855751894
97.56264948032043 97.89524328948569
92.49718027847283 98.28180190756399
83.21327076037383 98.67862665415096
97.21468306080277 100.10918872522045
106.07901289415618 106.70175193472521
112.02892918595394 107.86199745756281
110.6422433956121 110.65633550333311
110.85537270102381 113.46983463479185
117.77504299340808 114.11847200173298
117.15809274839694 115.55770257489733
116.36199194074021 116.07356416250425
129.5261244034064 121.07580206394528
126.59205089244267 121.89817639387246
119.45371274638975 124.36949347205712
126.2567231027258 124.66165382524593
125.91751968135023 125.28360712941775
124.97591690557549 127.14853394241135
135.34976079297425 130.28540375227777
132.8364736153653 130.526213322218
131.83167741255164 131.50230097863096
131.4090662998682 133.09426672101333
131.54551217217926 133.10017487378488
137.35162232742076 133.594176487055
137.08101357980672 137.06745591734204
131.7325738539087 138.88803937218015
141.37718918454945 140.63392358803273
146.06823884101846 144.51512902750125
147.40703404979826 146.61373611536868
150.53275466074683 146.74915169614107
141.17820446723672 146.80851832462298
143.69071482379823 147.01935709101497
150.91295323642063 149.6991757861811
149.713396360261 151.37340234665737
152.04047986870006 151.38113931452435
157.22887881736546 152.5182407853533
156.04362841483197 155.65246046202677
161.10526101013323 160.34948562854416
162.44364585996777 164.48432653989966
135.7508023323412 165.48935734022717
167.45153636507723 166.19590669526963
167.42289092379693 168.60554620810848
168.25235516256265 168.97964168859872
171.06167668598357 171.4448125025876
159.69809603278813 172.40211399414335
175.01494008418916 174.2508279465929
178.4428050590761 174.52848015306841
183.5097048400332 181.5011867621231
195.3161222767779 194.21755092992987
199.07512822043597 196.88074543194787
205.34046024115565 204.43932575136654
