49.0 54.0
169.0 162.0
162.0 169.0
173.0 170.0
186.0 170.0
177.0 173.0
186.0 173.0
174.0 175.0
181.0 176.0
182.0 177.0
173.0 178.0
183.0 178.0
191.0 181.0
193.0 181.0
183.0 181.0
181.0 182.0
187.0 182.0
190.0 183.0
180.0 184.0
181.0 184.0
179.0 185.0
180.0 185.0
188.0 185.0
188.0 185.0
185.0 186.0
188.0 186.0
187.0 187.0
189.0 187.0
181.0 188.0
177.0 191.0
187.0 191.0
193.0 191.0
192.0 191.0
188.0 191.0
189.0 193.0
192.0 195.0
200.0 195.0
186.0 195.0
190.0 196.0
202.0 199.0
200.0 200.0
195.0 216.0
