108.0 94.0
165.0 159.0
152.0 160.0
184.0 161.0
186.0 171.0
172.0 171.0
185.0 173.0
183.0 173.0
179.0 176.0
204.0 176.0
170.0 177.0
190.0 182.0
183.0 182.0
187.0 182.0
185.0 182.0
187.0 184.0
190.0 184.0
186.0 184.0
184.0 184.0
183.0 184.0
188.0 184.0
193.0 186.0
189.0 187.0
189.0 187.0
190.0 187.0
192.0 188.0
189.0 188.0
187.0 189.0
191.0 189.0
193.0 189.0
192.0 189.0
188.0 189.0
194.0 189.0
189.0 190.0
195.0 190.0
194.0 190.0
191.0 191.0
193.0 191.0
194.0 191.0
188.0 191.0
187.0 192.0
195.0 192.0
192.0 192.0
195.0 192.0
192.0 192.0
196.0 193.0
196.0 193.0
190.0 193.0
196.0 193.0
196.0 193.0
191.0 193.0
200.0 194.0
200.0 194.0
179.0 194.0
192.0 194.0
196.0 194.0
194.0 194.0
194.0 194.0
194.0 194.0
197.0 194.0
197.0 194.0
198.0 195.0
199.0 195.0
191.0 195.0
197.0 195.0
194.0 195.0
193.0 195.0
194.0 196.0
197.0 196.0
194.0 196.0
196.0 196.0
197.0 196.0
196.0 196.0
194.0 197.0
203.0 197.0
196.0 197.0
197.0 197.0
198.0 197.0
198.0 197.0
199.0 197.0
195.0 197.0
196.0 197.0
199.0 197.0
197.0 197.0
201.0 197.0
199.0 198.0
200.0 198.0
194.0 198.0
200.0 198.0
201.0 198.0
203.0 198.0
201.0 198.0
197.0 198.0
199.0 198.0
201.0 198.0
197.0 198.0
201.0 198.0
198.0 198.0
199.0 198.0
204.0 199.0
199.0 199.0
205.0 199.0
203.0 199.0
199.0 199.0
199.0 199.0
197.0 200.0
198.0 200.0
201.0 200.0
200.0 200.0
201.0 200.0
200.0 200.0
200.0 200.0
202.0 200.0
198.0 200.0
202.0 201.0
198.0 201.0
201.0 201.0
197.0 201.0
200.0 201.0
198.0 201.0
201.0 201.0
201.0 201.0
206.0 201.0
200.0 202.0
203.0 202.0
203.0 202.0
202.0 202.0
203.0 202.0
200.0 203.0
207.0 203.0
201.0 203.0
202.0 203.0
203.0 203.0
202.0 204.0
202.0 204.0
191.0 204.0
202.0 204.0
204.0 204.0
200.0 205.0
205.0 205.0
206.0 205.0
199.0 205.0
200.0 206.0
208.0 206.0
203.0 206.0
218.0 207.0
198.0 207.0
207.0 207.0
209.0 213.0
217.0 225.0
