99.0 95.0
141.0 129.0
140.0 129.0
140.0 130.0
133.0 133.0
134.0 133.0
133.0 133.0
138.0 134.0
134.0 134.0
138.0 134.0
141.0 135.0
141.0 135.0
131.0 136.0
138.0 136.0
137.0 136.0
133.0 137.0
143.0 137.0
135.0 137.0
142.0 137.0
135.0 137.0
136.0 138.0
142.0 138.0
141.0 138.0
143.0 138.0
142.0 138.0
141.0 138.0
143.0 138.0
143.0 138.0
137.0 138.0
138.0 138.0
140.0 138.0
139.0 139.0
140.0 139.0
144.0 139.0
143.0 139.0
145.0 139.0
141.0 139.0
141.0 139.0
141.0 139.0
142.0 140.0
139.0 140.0
139.0 140.0
141.0 140.0
138.0 140.0
141.0 141.0
138.0 141.0
137.0 141.0
138.0 141.0
142.0 141.0
139.0 141.0
144.0 142.0
137.0 142.0
146.0 142.0
140.0 142.0
142.0 142.0
143.0 142.0
143.0 143.0
139.0 143.0
143.0 143.0
141.0 144.0
144.0 144.0
144.0 144.0
136.0 144.0
139.0 144.0
138.0 145.0
141.0 145.0
146.0 145.0
145.0 145.0
136.0 145.0
142.0 146.0
148.0 146.0
144.0 146.0
141.0 147.0
138.0 148.0
148.0 149.0
143.0 150.0
148.0 150.0
