97.0 96.0
137.0 125.0
142.0 132.0
135.0 137.0
148.0 139.0
141.0 145.0
157.0 149.0
149.0 149.0
153.0 149.0
152.0 149.0
152.0 149.0
154.0 149.0
155.0 150.0
148.0 150.0
152.0 150.0
154.0 150.0
151.0 150.0
151.0 150.0
158.0 150.0
152.0 150.0
147.0 150.0
154.0 150.0
152.0 150.0
149.0 151.0
154.0 151.0
155.0 151.0
156.0 151.0
150.0 151.0
155.0 151.0
152.0 151.0
153.0 152.0
154.0 152.0
154.0 152.0
151.0 152.0
160.0 152.0
154.0 153.0
154.0 153.0
154.0 153.0
158.0 153.0
151.0 153.0
155.0 154.0
151.0 154.0
152.0 154.0
158.0 154.0
159.0 154.0
153.0 154.0
154.0 154.0
153.0 154.0
153.0 154.0
154.0 154.0
156.0 154.0
151.0 155.0
151.0 155.0
155.0 155.0
153.0 155.0
151.0 155.0
157.0 155.0
155.0 155.0
154.0 156.0
156.0 156.0
155.0 156.0
153.0 156.0
151.0 156.0
154.0 156.0
155.0 157.0
155.0 157.0
154.0 157.0
151.0 157.0
156.0 157.0
153.0 157.0
157.0 160.0
155.0 161.0
160.0 162.0
146.0 165.0
