124.0 113.0
117.0 119.0
146.0 127.0
137.0 132.0
141.0 133.0
149.0 142.0
171.0 151.0
145.0 152.0
153.0 152.0
161.0 155.0
171.0 157.0
164.0 158.0
143.0 159.0
163.0 159.0
164.0 159.0
164.0 161.0
162.0 161.0
166.0 161.0
164.0 161.0
164.0 161.0
162.0 162.0
162.0 162.0
165.0 162.0
165.0 162.0
168.0 162.0
162.0 163.0
166.0 163.0
169.0 163.0
165.0 163.0
166.0 163.0
173.0 164.0
174.0 164.0
171.0 164.0
166.0 164.0
166.0 164.0
168.0 165.0
169.0 165.0
169.0 165.0
171.0 165.0
172.0 166.0
167.0 166.0
169.0 166.0
165.0 166.0
170.0 166.0
168.0 166.0
166.0 167.0
167.0 167.0
166.0 167.0
167.0 167.0
169.0 167.0
167.0 167.0
168.0 167.0
164.0 167.0
165.0 168.0
168.0 168.0
171.0 168.0
171.0 168.0
175.0 168.0
169.0 168.0
172.0 168.0
169.0 168.0
165.0 168.0
168.0 168.0
165.0 168.0
166.0 169.0
168.0 169.0
166.0 169.0
169.0 169.0
173.0 169.0
169.0 169.0
169.0 169.0
174.0 169.0
169.0 169.0
168.0 169.0
159.0 170.0
178.0 170.0
166.0 170.0
169.0 170.0
170.0 170.0
171.0 170.0
169.0 170.0
170.0 170.0
171.0 170.0
175.0 170.0
167.0 170.0
170.0 170.0
165.0 170.0
172.0 170.0
170.0 171.0
171.0 171.0
169.0 171.0
172.0 171.0
168.0 171.0
168.0 171.0
164.0 172.0
184.0 172.0
175.0 172.0
175.0 172.0
168.0 172.0
170.0 172.0
175.0 172.0
173.0 172.0
169.0 174.0
170.0 174.0
161.0 175.0
181.0 175.0
178.0 175.0
171.0 175.0
175.0 175.0
176.0 176.0
177.0 176.0
184.0 177.0
171.0 177.0
177.0 177.0
176.0 179.0
175.0 180.0
174.0 181.0
174.0 188.0
190.0 189.0
206.0 204.0
