58.32197331606277 55.776924782362535
56.059959931096 57.30237045292575
60.695716906620106 60.141848593951416
58.97744347518368 61.879230621640545
55.450591354345775 61.90019351597123
73.69829906404358 62.04922475468691
62.716503490206584 62.30737913882461
61.011242215370444 62.593101708209794
64.10371521517058 66.53721411376452
68.063989061277 66.64014222979475
61.597579468465646 66.86286680869533
63.059678110298556 67.19441902713197
68.05084356527296 68.88323814112603
72.3236223472583 71.18150512625763
66.16596536552751 71.58480813067314
72.05576517105384 72.41643283910578
67.82915404552594 75.37621080158837
76.0784187417033 76.40872525177967
73.81909893562272 78.7220257507618
71.91231497671434 78.80807297017483
79.95082028359558 81.64328540051733
84.39834713382459 82.37742523599086
83.4602457025395 82.42125536242852
96.87480201088476 82.86249408863969
74.13440139824812 82.90568468899242
72.02939750590393 83.06035649217152
70.26627019994262 83.52157522967342
102.30874759813125 85.7732945604621
86.5607069773411 87.2215518911273
93.87662613344344 89.09630030527846
91.19455495623572 89.59169776170032
87.9853134707635 90.98811430235705
89.72748871835144 91.38069555352
103.72054392925729 94.4894775929082
96.75292025117334 95.47577350258139
92.13385499134912 96.51616445988086
104.71606873201145 99.79243612885071
103.96575457670158 104.19377225173187
109.98487751725905 105.98214126755484
116.88619133383132 109.83177238902323
115.56900656258657 110.92739025239406
101.94373693230158 111.00609059334009
111.35404086523704 111.36431759780282
107.88649551728315 111.45976089626018
108.39736221242394 111.51235094263546
111.57103927297915 112.64935877132395
111.33755283951105 113.10949388594928
116.02788788498763 113.42199332296956
122.976750280241 114.124680617134
124.94981087921674 116.37491072404497
110.91392906368482 116.92689537720474
122.78285579784409 117.93819635654528
118.5968409818554 118.20262828598699
128.31460116153332 121.27561495585128
110.41645260988399 122.28223010692598
126.06835623618785 122.67331108634917
124.32938567512647 122.8219037314536
125.59712389035282 123.8080902032473
124.15618348528953 127.46484974504015
123.51619930117504 127.47634588379633
129.78302945903337 127.88145423840005
129.2381639785092 128.20835153850135
117.58458313694902 128.684481760789
129.97684371795782 129.04600726588487
137.40007981876332 131.42799958544163
127.2457742004706 131.51074413070182
130.209351633444 131.61196120320122
133.14717739262193 133.38118210468537
135.9751799685712 133.86572266533503
138.51552169491154 134.18544215560757
139.14912013792545 135.34416880568406
141.89227792663058 136.03304599899727
129.24440631935718 136.2125790501886
138.21430544772522 139.44921356062522
140.21600202848853 140.03676909436095
142.15134887861987 140.04179233315847
138.1675599448128 141.723006435479
143.81365258400385 143.67821809580633
146.45270430904597 145.61638142650085
141.3989454889674 145.67227400422703
148.3613296048922 145.90219586458227
150.309068021109 146.12925574296287
150.8834327682812 146.63358050981446
148.56861700789267 147.39462272054277
148.16894085196782 147.8915590188697
149.62234291922397 148.36391147685217
149.79378169758337 150.0281006268837
151.16546983412172 151.0493399910927
125.80887824564613 152.1231204473145
152.6473136427934 152.17622025729
151.0443440781843 152.93231981145763
152.29349951444178 153.79420922165187
154.48073744254344 153.95660483554497
162.75655175775375 156.7851005006149
159.3338821164334 157.4546292429969
158.07416077979852 157.55679284253975
160.0622223506535 159.48936244790417
139.24401609994104 159.94779134163633
149.54177817702515 160.90224944605666
162.65903650938372 161.47903285471438
167.0026855068365 161.84570759804507
162.80315697295933 162.19734270700997
161.144591892738 164.66872358833118
154.97989921293112 165.26850608026544
163.0423924411187 165.37780513192484
167.32801977977124 165.52122523854155
177.87206291760884 166.30806532752288
168.8898484282773 167.2684720234251
167.90736265565846 168.54586678704274
170.11427081074837 169.76967834464946
173.14786437524094 171.97243628271795
178.20661243892502 176.27020482456138
179.02788977466935 177.00807262716802
181.40838620303177 180.51474613513616
185.35622221131126 181.42544122742825
184.25872671070033 183.4640908707104
185.19883469559008 184.8434023244391
193.65535493112898 191.20175567589857
189.63727881595133 191.8852161208238
194.86541593453248 193.3545041321262
194.46748032624552 193.47420258875275
193.9532780262052 193.80910116092338
200.01359126895332 196.00730867900472
201.855897036914 201.43136026309688
200.74160279003792 201.8595055776022
203.76240413482728 202.61032646291213
208.2273367304902 206.30493923242972
212.43952881641198 210.76145365163765
