176.0 129.0
138.0 148.0
157.0 154.0
164.0 155.0
167.0 157.0
166.0 157.0
164.0 159.0
161.0 160.0
169.0 162.0
171.0 162.0
178.0 163.0
160.0 163.0
168.0 164.0
183.0 165.0
178.0 166.0
170.0 166.0
170.0 166.0
173.0 166.0
164.0 167.0
173.0 167.0
171.0 168.0
169.0 168.0
175.0 168.0
172.0 169.0
162.0 169.0
172.0 169.0
171.0 169.0
173.0 170.0
180.0 170.0
186.0 170.0
171.0 170.0
175.0 170.0
180.0 170.0
171.0 170.0
170.0 170.0
171.0 170.0
168.0 170.0
170.0 171.0
173.0 171.0
174.0 171.0
177.0 171.0
175.0 171.0
171.0 171.0
174.0 171.0
172.0 171.0
162.0 172.0
169.0 172.0
173.0 172.0
173.0 172.0
171.0 172.0
174.0 172.0
172.0 172.0
173.0 172.0
180.0 173.0
177.0 173.0
176.0 173.0
175.0 173.0
172.0 173.0
175.0 173.0
172.0 174.0
174.0 174.0
170.0 174.0
176.0 174.0
176.0 174.0
171.0 174.0
174.0 174.0
167.0 175.0
173.0 175.0
167.0 176.0
172.0 176.0
175.0 176.0
183.0 176.0
183.0 176.0
177.0 176.0
176.0 177.0
167.0 178.0
183.0 178.0
174.0 178.0
176.0 178.0
175.0 178.0
174.0 178.0
174.0 178.0
176.0 179.0
175.0 179.0
169.0 179.0
174.0 180.0
178.0 180.0
193.0 181.0
180.0 181.0
176.0 181.0
178.0 181.0
178.0 181.0
183.0 181.0
172.0 182.0
184.0 183.0
190.0 183.0
177.0 183.0
182.0 184.0
180.0 184.0
179.0 185.0
180.0 185.0
167.0 187.0
189.0 187.0
181.0 188.0
192.0 191.0
188.0 191.0
192.0 195.0
167.0 195.0
190.0 196.0
202.0 199.0
200.0 200.0
195.0 216.0
