101.0 99.0
108.0 99.0
85.0 103.0
112.0 104.0
105.0 105.0
112.0 107.0
109.0 107.0
113.0 107.0
108.0 107.0
109.0 109.0
110.0 109.0
108.0 109.0
109.0 109.0
112.0 110.0
109.0 110.0
116.0 111.0
116.0 111.0
112.0 111.0
110.0 112.0
111.0 112.0
117.0 112.0
112.0 112.0
113.0 112.0
116.0 112.0
111.0 113.0
112.0 113.0
117.0 113.0
114.0 114.0
116.0 114.0
113.0 115.0
111.0 115.0
115.0 115.0
115.0 115.0
115.0 116.0
114.0 116.0
109.0 116.0
122.0 116.0
107.0 117.0
117.0 117.0
115.0 117.0
114.0 118.0
117.0 119.0
116.0 120.0
118.0 122.0
66.0 124.0
120.0 125.0
121.0 127.0
