68.0 72.0
187.0 184.0
194.0 190.0
201.0 193.0
194.0 194.0
200.0 194.0
198.0 195.0
197.0 195.0
194.0 195.0
197.0 197.0
200.0 197.0
198.0 197.0
199.0 197.0
202.0 197.0
203.0 198.0
204.0 198.0
196.0 198.0
201.0 198.0
202.0 198.0
193.0 199.0
207.0 199.0
199.0 199.0
203.0 199.0
201.0 200.0
200.0 200.0
200.0 200.0
202.0 200.0
202.0 201.0
199.0 201.0
198.0 201.0
206.0 201.0
205.0 202.0
199.0 202.0
203.0 202.0
202.0 202.0
202.0 202.0
200.0 202.0
201.0 202.0
198.0 202.0
200.0 202.0
201.0 202.0
207.0 203.0
207.0 203.0
201.0 203.0
205.0 203.0
202.0 203.0
203.0 203.0
204.0 204.0
201.0 204.0
202.0 204.0
203.0 204.0
204.0 204.0
204.0 204.0
204.0 205.0
206.0 205.0
204.0 205.0
207.0 205.0
207.0 205.0
204.0 205.0
206.0 206.0
208.0 206.0
203.0 206.0
205.0 207.0
207.0 207.0
205.0 207.0
205.0 207.0
201.0 208.0
205.0 209.0
200.0 209.0
211.0 211.0
211.0 211.0
