1.0 201.27612170865808
2.0 191.9477578714764
3.0 167.87936795444355
4.0 145.65055870051523
5.0 126.60265069655996
6.0 112.48980502598316
7.0 103.47697255991343
8.0 96.89517313805192
9.0 92.84867666952131
10.0 88.75668060032078
11.0 84.91210176493901
12.0 80.82570308504337
13.0 77.48267141128461
14.0 74.79649443432288
15.0 72.96939983779184
16.0 70.478393076563
17.0 69.30129848984726
18.0 68.25747837815712
19.0 66.3622934169586
20.0 65.35800868637449
21.0 64.7950881221948
22.0 64.42683346485533
23.0 64.15688855690487
24.0 63.951021595359016
25.0 63.79168197478699
26.0 63.67920526948295
27.0 63.596875689742866
28.0 63.53434226220521
29.0 63.4760481041551
30.0 63.434310296684416
31.0 63.39907008811554
32.0 63.36609557987283
33.0 63.34102393419613
34.0 63.31803686202533
35.0 63.300607547034595
36.0 63.28565816077796
37.0 63.271438080795434
38.0 63.26028729588611
39.0 63.25154150335126
40.0 63.24500135280063
41.0 63.23851715748109
42.0 63.233203235392104
43.0 63.22868666403047
44.0 63.224939771702886
45.0 63.22155572458284
46.0 63.21876137800841
47.0 63.21651185523663
48.0 63.21451895122888
49.0 63.2129617072718
50.0 63.211576521714186
