114.0 101.0
138.0 104.0
156.0 105.0
107.0 106.0
108.0 106.0
112.0 111.0
117.0 112.0
120.0 113.0
125.0 113.0
114.0 114.0
120.0 114.0
121.0 115.0
118.0 116.0
123.0 117.0
119.0 117.0
120.0 118.0
124.0 118.0
120.0 118.0
113.0 118.0
128.0 118.0
103.0 119.0
132.0 119.0
120.0 119.0
114.0 119.0
117.0 119.0
115.0 119.0
122.0 119.0
123.0 119.0
118.0 119.0
127.0 119.0
117.0 120.0
131.0 121.0
115.0 121.0
129.0 121.0
125.0 121.0
140.0 122.0
108.0 122.0
116.0 122.0
122.0 122.0
106.0 122.0
121.0 122.0
132.0 123.0
116.0 123.0
125.0 123.0
129.0 123.0
121.0 124.0
115.0 124.0
124.0 124.0
124.0 124.0
140.0 124.0
135.0 125.0
122.0 125.0
122.0 125.0
104.0 125.0
125.0 125.0
121.0 125.0
129.0 126.0
118.0 126.0
123.0 126.0
113.0 126.0
127.0 126.0
113.0 126.0
109.0 126.0
116.0 127.0
117.0 127.0
117.0 127.0
122.0 127.0
124.0 127.0
123.0 128.0
121.0 128.0
137.0 128.0
127.0 128.0
131.0 129.0
131.0 129.0
110.0 129.0
124.0 129.0
116.0 129.0
130.0 130.0
116.0 130.0
131.0 130.0
120.0 130.0
121.0 130.0
127.0 130.0
108.0 131.0
137.0 133.0
125.0 133.0
130.0 133.0
143.0 134.0
125.0 135.0
105.0 136.0
124.0 136.0
122.0 136.0
119.0 138.0
126.0 138.0
118.0 140.0
143.0 142.0
120.0 143.0
135.0 146.0
