108.0 72.0
87.0 75.0
98.0 84.0
104.0 84.0
89.0 84.0
109.0 85.0
109.0 87.0
122.0 89.0
105.0 89.0
134.0 91.0
100.0 92.0
107.0 93.0
73.0 96.0
81.0 97.0
109.0 97.0
109.0 97.0
97.0 99.0
89.0 99.0
129.0 100.0
94.0 100.0
111.0 100.0
111.0 100.0
110.0 101.0
94.0 101.0
111.0 102.0
73.0 102.0
147.0 103.0
105.0 103.0
126.0 105.0
111.0 105.0
106.0 105.0
109.0 105.0
52.0 106.0
102.0 106.0
94.0 106.0
98.0 106.0
107.0 107.0
122.0 107.0
84.0 107.0
108.0 107.0
115.0 107.0
101.0 108.0
140.0 108.0
112.0 108.0
85.0 108.0
95.0 108.0
119.0 109.0
114.0 109.0
105.0 109.0
120.0 110.0
98.0 111.0
107.0 112.0
144.0 112.0
93.0 112.0
79.0 113.0
105.0 113.0
112.0 113.0
99.0 114.0
92.0 115.0
107.0 115.0
80.0 117.0
123.0 117.0
94.0 117.0
106.0 117.0
123.0 118.0
121.0 118.0
139.0 119.0
119.0 119.0
103.0 119.0
83.0 120.0
108.0 120.0
98.0 120.0
113.0 121.0
82.0 121.0
113.0 122.0
130.0 123.0
100.0 123.0
107.0 125.0
111.0 125.0
111.0 127.0
99.0 128.0
133.0 128.0
98.0 129.0
91.0 131.0
95.0 131.0
64.0 132.0
95.0 132.0
105.0 132.0
127.0 134.0
125.0 135.0
67.0 136.0
124.0 137.0
86.0 137.0
96.0 137.0
103.0 137.0
75.0 137.0
112.0 137.0
135.0 137.0
143.0 138.0
83.0 140.0
94.0 141.0
144.0 141.0
136.0 142.0
102.0 142.0
139.0 144.0
153.0 145.0
95.0 145.0
129.0 146.0
110.0 146.0
130.0 147.0
142.0 148.0
123.0 153.0
110.0 163.0
