114.0 74.0
156.0 79.0
90.0 84.0
149.0 90.0
157.0 91.0
129.0 92.0
151.0 92.0
143.0 93.0
129.0 94.0
117.0 95.0
126.0 95.0
105.0 97.0
110.0 99.0
104.0 104.0
138.0 107.0
103.0 108.0
112.0 109.0
120.0 110.0
145.0 111.0
122.0 114.0
87.0 117.0
104.0 118.0
109.0 118.0
136.0 119.0
133.0 119.0
144.0 120.0
124.0 121.0
148.0 125.0
137.0 125.0
135.0 127.0
132.0 127.0
118.0 128.0
147.0 128.0
129.0 129.0
145.0 130.0
134.0 130.0
147.0 132.0
140.0 133.0
95.0 133.0
144.0 133.0
136.0 134.0
109.0 134.0
141.0 135.0
140.0 135.0
134.0 137.0
122.0 137.0
129.0 141.0
144.0 145.0
141.0 146.0
172.0 147.0
123.0 148.0
156.0 149.0
109.0 152.0
139.0 152.0
145.0 154.0
135.0 158.0
145.0 158.0
156.0 159.0
137.0 162.0
144.0 165.0
109.0 165.0
126.0 170.0
144.0 182.0
100.0 184.0
