33.0 34.0
61.0 53.0
129.0 60.0
114.0 61.0
67.0 61.0
68.0 62.0
149.0 63.0
113.0 63.0
109.0 64.0
99.0 65.0
90.0 65.0
72.0 67.0
90.0 70.0
105.0 73.0
78.0 73.0
107.0 73.0
136.0 73.0
89.0 74.0
114.0 74.0
103.0 75.0
53.0 75.0
110.0 75.0
89.0 78.0
112.0 78.0
104.0 78.0
102.0 78.0
110.0 79.0
117.0 80.0
104.0 80.0
83.0 80.0
99.0 81.0
118.0 82.0
93.0 82.0
87.0 83.0
56.0 83.0
90.0 84.0
125.0 84.0
101.0 85.0
84.0 86.0
86.0 86.0
98.0 87.0
89.0 87.0
91.0 87.0
100.0 88.0
89.0 89.0
92.0 90.0
129.0 92.0
151.0 92.0
143.0 93.0
79.0 93.0
129.0 94.0
94.0 94.0
54.0 94.0
95.0 94.0
100.0 95.0
126.0 95.0
95.0 96.0
68.0 96.0
106.0 96.0
81.0 96.0
148.0 97.0
110.0 97.0
100.0 97.0
88.0 98.0
113.0 99.0
123.0 99.0
110.0 99.0
79.0 100.0
102.0 101.0
122.0 101.0
74.0 103.0
126.0 103.0
92.0 105.0
109.0 105.0
104.0 105.0
108.0 105.0
103.0 105.0
104.0 105.0
108.0 106.0
91.0 107.0
110.0 107.0
110.0 108.0
95.0 108.0
112.0 109.0
93.0 109.0
93.0 110.0
113.0 110.0
89.0 111.0
99.0 111.0
111.0 112.0
138.0 112.0
106.0 113.0
137.0 114.0
74.0 114.0
117.0 116.0
75.0 117.0
87.0 117.0
104.0 118.0
112.0 118.0
102.0 118.0
136.0 119.0
88.0 119.0
133.0 119.0
99.0 120.0
135.0 121.0
98.0 123.0
111.0 128.0
134.0 130.0
95.0 133.0
115.0 133.0
137.0 134.0
114.0 136.0
96.0 143.0
109.0 152.0
119.0 156.0
