191.0 118.0
176.0 126.0
165.0 128.0
124.0 130.0
148.0 137.0
166.0 138.0
157.0 143.0
153.0 144.0
88.0 146.0
156.0 149.0
169.0 149.0
153.0 149.0
159.0 149.0
159.0 149.0
141.0 150.0
158.0 150.0
156.0 150.0
155.0 151.0
164.0 153.0
171.0 153.0
155.0 153.0
164.0 154.0
169.0 154.0
127.0 157.0
177.0 157.0
182.0 159.0
174.0 161.0
155.0 161.0
146.0 162.0
166.0 162.0
169.0 162.0
171.0 162.0
176.0 163.0
175.0 163.0
163.0 164.0
172.0 164.0
164.0 165.0
165.0 167.0
159.0 168.0
165.0 169.0
140.0 170.0
199.0 171.0
167.0 171.0
171.0 171.0
144.0 172.0
151.0 172.0
156.0 173.0
169.0 174.0
155.0 174.0
171.0 175.0
173.0 176.0
175.0 176.0
168.0 179.0
156.0 180.0
167.0 182.0
172.0 185.0
