90.0 65.0
104.0 66.0
72.0 69.0
74.0 71.0
86.0 75.0
97.0 76.0
91.0 76.0
89.0 77.0
78.0 78.0
102.0 78.0
95.0 79.0
88.0 80.0
84.0 80.0
84.0 81.0
87.0 81.0
88.0 82.0
83.0 82.0
86.0 83.0
83.0 83.0
94.0 84.0
123.0 84.0
125.0 84.0
86.0 85.0
86.0 86.0
90.0 87.0
94.0 87.0
98.0 88.0
92.0 88.0
106.0 89.0
84.0 89.0
87.0 89.0
101.0 91.0
113.0 91.0
80.0 92.0
103.0 92.0
94.0 93.0
95.0 94.0
109.0 97.0
87.0 98.0
93.0 98.0
85.0 99.0
102.0 99.0
111.0 100.0
111.0 100.0
122.0 101.0
105.0 101.0
94.0 102.0
103.0 105.0
94.0 106.0
85.0 108.0
82.0 121.0
