156.0 79.0
129.0 80.0
123.0 83.0
161.0 90.0
157.0 91.0
117.0 95.0
93.0 96.0
116.0 99.0
142.0 99.0
113.0 101.0
131.0 101.0
104.0 104.0
151.0 104.0
128.0 105.0
95.0 105.0
122.0 109.0
137.0 110.0
113.0 110.0
145.0 111.0
147.0 111.0
129.0 114.0
131.0 114.0
101.0 115.0
162.0 116.0
116.0 117.0
139.0 120.0
120.0 120.0
144.0 120.0
126.0 121.0
135.0 123.0
136.0 123.0
161.0 124.0
121.0 124.0
169.0 125.0
123.0 125.0
174.0 126.0
134.0 127.0
135.0 127.0
132.0 127.0
160.0 127.0
147.0 128.0
132.0 129.0
124.0 129.0
167.0 130.0
145.0 130.0
146.0 130.0
147.0 130.0
131.0 131.0
165.0 131.0
125.0 132.0
147.0 132.0
140.0 133.0
144.0 133.0
156.0 135.0
164.0 135.0
152.0 136.0
158.0 136.0
134.0 137.0
152.0 137.0
134.0 137.0
122.0 137.0
171.0 140.0
184.0 140.0
148.0 140.0
156.0 141.0
161.0 141.0
166.0 142.0
142.0 142.0
154.0 143.0
137.0 143.0
144.0 143.0
167.0 144.0
155.0 144.0
126.0 144.0
131.0 144.0
112.0 145.0
160.0 145.0
144.0 145.0
182.0 146.0
137.0 146.0
135.0 147.0
179.0 147.0
123.0 148.0
154.0 149.0
156.0 149.0
160.0 150.0
160.0 150.0
102.0 150.0
135.0 151.0
132.0 151.0
139.0 152.0
163.0 152.0
176.0 154.0
149.0 154.0
145.0 154.0
111.0 156.0
174.0 156.0
155.0 156.0
137.0 156.0
141.0 156.0
135.0 158.0
145.0 158.0
146.0 159.0
156.0 159.0
173.0 159.0
172.0 160.0
157.0 160.0
160.0 163.0
143.0 163.0
160.0 164.0
149.0 164.0
144.0 165.0
109.0 165.0
161.0 169.0
165.0 170.0
184.0 173.0
157.0 174.0
165.0 174.0
170.0 176.0
140.0 178.0
147.0 179.0
175.0 179.0
144.0 182.0
165.0 183.0
100.0 184.0
