68.0 63.0
156.0 105.0
119.0 117.0
113.0 118.0
114.0 119.0
115.0 119.0
122.0 119.0
127.0 119.0
117.0 120.0
129.0 121.0
140.0 122.0
116.0 122.0
122.0 122.0
121.0 122.0
132.0 123.0
129.0 123.0
121.0 124.0
115.0 124.0
135.0 125.0
122.0 125.0
125.0 125.0
129.0 126.0
113.0 126.0
127.0 126.0
109.0 126.0
116.0 127.0
117.0 127.0
124.0 127.0
127.0 128.0
131.0 129.0
124.0 129.0
116.0 129.0
131.0 130.0
120.0 130.0
121.0 130.0
127.0 130.0
108.0 131.0
125.0 133.0
130.0 133.0
143.0 134.0
125.0 135.0
105.0 136.0
124.0 136.0
122.0 136.0
119.0 138.0
118.0 140.0
148.0 140.0
143.0 142.0
135.0 146.0
