131.0 99.0
129.0 111.0
132.0 115.0
161.0 118.0
156.0 120.0
138.0 121.0
142.0 122.0
129.0 122.0
125.0 122.0
133.0 125.0
131.0 126.0
139.0 127.0
134.0 127.0
138.0 127.0
128.0 127.0
125.0 127.0
129.0 128.0
135.0 128.0
128.0 128.0
129.0 129.0
137.0 129.0
148.0 129.0
142.0 131.0
153.0 131.0
139.0 132.0
134.0 132.0
135.0 132.0
143.0 133.0
133.0 133.0
128.0 134.0
133.0 134.0
154.0 134.0
143.0 134.0
137.0 134.0
145.0 135.0
132.0 136.0
142.0 136.0
141.0 136.0
138.0 136.0
136.0 136.0
123.0 137.0
131.0 137.0
139.0 137.0
144.0 138.0
141.0 138.0
135.0 138.0
139.0 139.0
162.0 140.0
146.0 140.0
155.0 141.0
138.0 141.0
136.0 142.0
142.0 145.0
144.0 146.0
145.0 146.0
153.0 146.0
145.0 147.0
150.0 147.0
134.0 148.0
139.0 150.0
141.0 150.0
157.0 151.0
157.0 153.0
147.0 155.0
