141.0 75.0
155.0 80.0
145.0 82.0
159.0 88.0
122.0 90.0
124.0 91.0
130.0 93.0
157.0 94.0
92.0 96.0
168.0 96.0
127.0 97.0
150.0 97.0
159.0 102.0
157.0 104.0
139.0 104.0
161.0 104.0
159.0 107.0
132.0 107.0
126.0 109.0
116.0 110.0
150.0 110.0
132.0 111.0
133.0 112.0
116.0 112.0
154.0 113.0
145.0 113.0
121.0 114.0
53.0 115.0
137.0 115.0
109.0 115.0
128.0 115.0
128.0 116.0
153.0 117.0
126.0 117.0
119.0 118.0
180.0 118.0
133.0 119.0
120.0 119.0
148.0 119.0
156.0 120.0
163.0 120.0
113.0 120.0
139.0 121.0
115.0 121.0
110.0 121.0
131.0 122.0
134.0 122.0
140.0 122.0
141.0 122.0
109.0 123.0
149.0 123.0
128.0 124.0
171.0 124.0
134.0 125.0
138.0 125.0
153.0 127.0
139.0 127.0
144.0 127.0
141.0 127.0
130.0 127.0
141.0 128.0
165.0 130.0
154.0 130.0
102.0 130.0
140.0 131.0
180.0 131.0
153.0 132.0
154.0 132.0
142.0 132.0
146.0 133.0
97.0 133.0
115.0 134.0
134.0 134.0
141.0 135.0
128.0 135.0
142.0 136.0
136.0 136.0
140.0 137.0
188.0 137.0
166.0 137.0
166.0 138.0
145.0 138.0
170.0 138.0
149.0 139.0
128.0 139.0
158.0 139.0
173.0 142.0
181.0 142.0
103.0 143.0
141.0 145.0
162.0 145.0
156.0 145.0
130.0 146.0
143.0 146.0
160.0 147.0
143.0 148.0
126.0 149.0
179.0 149.0
163.0 150.0
121.0 150.0
149.0 152.0
111.0 152.0
180.0 152.0
159.0 153.0
161.0 154.0
181.0 154.0
150.0 155.0
123.0 158.0
124.0 158.0
176.0 161.0
120.0 163.0
121.0 165.0
156.0 167.0
146.0 168.0
167.0 168.0
129.0 168.0
186.0 170.0
167.0 171.0
174.0 171.0
141.0 174.0
162.0 175.0
120.0 176.0
179.0 177.0
