37.0 44.0
128.0 67.0
113.0 71.0
122.0 74.0
89.0 82.0
147.0 92.0
165.0 92.0
126.0 93.0
112.0 95.0
138.0 96.0
137.0 96.0
110.0 97.0
104.0 100.0
135.0 101.0
130.0 101.0
137.0 102.0
113.0 102.0
145.0 103.0
177.0 104.0
114.0 106.0
128.0 106.0
114.0 106.0
110.0 107.0
107.0 107.0
126.0 107.0
106.0 108.0
141.0 112.0
119.0 112.0
128.0 113.0
157.0 114.0
101.0 114.0
138.0 114.0
146.0 115.0
127.0 117.0
118.0 119.0
127.0 119.0
121.0 120.0
170.0 121.0
123.0 121.0
140.0 121.0
154.0 121.0
127.0 122.0
110.0 122.0
112.0 123.0
155.0 123.0
127.0 124.0
103.0 125.0
176.0 125.0
108.0 126.0
142.0 128.0
143.0 129.0
110.0 129.0
104.0 129.0
132.0 130.0
124.0 130.0
151.0 130.0
115.0 131.0
157.0 132.0
148.0 133.0
144.0 133.0
136.0 133.0
126.0 133.0
114.0 133.0
126.0 134.0
130.0 134.0
130.0 134.0
148.0 134.0
153.0 135.0
140.0 135.0
131.0 136.0
141.0 136.0
153.0 136.0
129.0 137.0
178.0 137.0
131.0 138.0
129.0 138.0
132.0 138.0
146.0 139.0
145.0 139.0
140.0 139.0
110.0 139.0
137.0 140.0
148.0 140.0
141.0 140.0
127.0 140.0
122.0 140.0
155.0 140.0
142.0 141.0
127.0 142.0
160.0 142.0
126.0 142.0
133.0 143.0
145.0 143.0
107.0 144.0
140.0 145.0
149.0 145.0
141.0 146.0
104.0 147.0
139.0 147.0
122.0 150.0
168.0 151.0
112.0 151.0
123.0 152.0
148.0 152.0
137.0 153.0
137.0 153.0
146.0 154.0
143.0 156.0
119.0 156.0
146.0 157.0
138.0 157.0
173.0 157.0
164.0 159.0
142.0 159.0
163.0 160.0
101.0 161.0
112.0 165.0
138.0 169.0
129.0 169.0
164.0 170.0
146.0 170.0
118.0 175.0
139.0 185.0
