133.0 54.0
79.0 62.0
102.0 70.0
88.0 71.0
155.0 73.0
93.0 75.0
148.0 76.0
67.0 77.0
98.0 78.0
104.0 80.0
92.0 82.0
90.0 83.0
107.0 84.0
99.0 96.0
124.0 96.0
120.0 96.0
85.0 98.0
148.0 99.0
82.0 101.0
113.0 102.0
99.0 103.0
89.0 105.0
77.0 105.0
108.0 105.0
98.0 106.0
111.0 107.0
108.0 107.0
122.0 109.0
106.0 109.0
114.0 109.0
71.0 111.0
100.0 111.0
84.0 115.0
129.0 115.0
101.0 115.0
101.0 115.0
122.0 117.0
124.0 117.0
101.0 117.0
106.0 121.0
131.0 131.0
117.0 133.0
141.0 134.0
103.0 135.0
124.0 138.0
136.0 144.0
111.0 152.0
112.0 153.0
