129.0 80.0
123.0 83.0
121.0 89.0
161.0 90.0
127.0 97.0
142.0 99.0
105.0 100.0
159.0 102.0
122.0 103.0
151.0 104.0
157.0 104.0
139.0 104.0
128.0 105.0
91.0 106.0
114.0 108.0
113.0 110.0
133.0 110.0
120.0 114.0
126.0 117.0
105.0 118.0
117.0 118.0
113.0 118.0
106.0 119.0
133.0 119.0
115.0 119.0
120.0 120.0
126.0 121.0
133.0 121.0
140.0 122.0
131.0 122.0
149.0 123.0
130.0 123.0
136.0 123.0
121.0 124.0
130.0 124.0
141.0 124.0
128.0 125.0
125.0 126.0
130.0 127.0
160.0 127.0
137.0 128.0
136.0 129.0
130.0 129.0
167.0 130.0
146.0 130.0
154.0 130.0
165.0 130.0
123.0 131.0
143.0 132.0
147.0 132.0
135.0 132.0
134.0 137.0
152.0 137.0
145.0 138.0
125.0 138.0
135.0 139.0
171.0 140.0
131.0 140.0
100.0 140.0
138.0 141.0
142.0 142.0
145.0 142.0
155.0 144.0
131.0 144.0
119.0 144.0
162.0 145.0
179.0 147.0
160.0 150.0
132.0 151.0
148.0 154.0
141.0 156.0
124.0 158.0
138.0 159.0
120.0 163.0
111.0 166.0
161.0 169.0
99.0 171.0
130.0 172.0
