78.0 71.0
116.0 111.0
119.0 119.0
154.0 119.0
123.0 120.0
131.0 120.0
123.0 120.0
136.0 121.0
132.0 121.0
138.0 122.0
129.0 122.0
132.0 122.0
130.0 122.0
127.0 123.0
126.0 123.0
135.0 123.0
130.0 124.0
124.0 124.0
127.0 124.0
130.0 124.0
123.0 124.0
123.0 124.0
127.0 125.0
123.0 126.0
121.0 126.0
120.0 126.0
130.0 127.0
124.0 127.0
128.0 127.0
123.0 127.0
126.0 127.0
117.0 127.0
106.0 128.0
127.0 128.0
128.0 128.0
124.0 128.0
129.0 128.0
136.0 129.0
130.0 129.0
128.0 129.0
128.0 129.0
125.0 130.0
128.0 130.0
151.0 131.0
127.0 131.0
134.0 131.0
136.0 131.0
137.0 132.0
130.0 132.0
100.0 133.0
131.0 133.0
136.0 133.0
136.0 133.0
150.0 133.0
125.0 134.0
135.0 134.0
118.0 134.0
125.0 134.0
147.0 134.0
133.0 134.0
133.0 134.0
137.0 135.0
126.0 137.0
138.0 137.0
132.0 137.0
138.0 139.0
130.0 139.0
130.0 139.0
120.0 139.0
128.0 141.0
133.0 141.0
127.0 141.0
153.0 143.0
133.0 144.0
140.0 144.0
106.0 144.0
134.0 144.0
127.0 148.0
129.0 154.0
133.0 175.0
