116.0 86.0
145.0 109.0
165.0 130.0
134.0 134.0
152.0 135.0
142.0 139.0
124.0 143.0
155.0 144.0
150.0 145.0
157.0 145.0
152.0 147.0
145.0 147.0
137.0 148.0
143.0 148.0
156.0 148.0
178.0 148.0
149.0 149.0
163.0 150.0
158.0 150.0
154.0 150.0
161.0 151.0
153.0 152.0
162.0 152.0
160.0 152.0
139.0 153.0
153.0 153.0
174.0 154.0
148.0 154.0
176.0 155.0
160.0 156.0
157.0 156.0
158.0 156.0
160.0 156.0
148.0 156.0
145.0 157.0
160.0 157.0
164.0 157.0
161.0 157.0
143.0 157.0
154.0 158.0
173.0 158.0
198.0 159.0
167.0 159.0
157.0 159.0
161.0 159.0
184.0 159.0
152.0 159.0
154.0 159.0
154.0 159.0
179.0 159.0
162.0 161.0
158.0 161.0
160.0 161.0
108.0 162.0
168.0 162.0
160.0 163.0
162.0 163.0
157.0 163.0
164.0 164.0
156.0 164.0
161.0 164.0
164.0 165.0
164.0 165.0
159.0 165.0
142.0 165.0
169.0 166.0
156.0 167.0
173.0 167.0
154.0 167.0
158.0 168.0
131.0 168.0
151.0 170.0
142.0 170.0
173.0 174.0
172.0 175.0
194.0 176.0
167.0 176.0
173.0 176.0
183.0 176.0
184.0 177.0
188.0 179.0
162.0 180.0
178.0 181.0
179.0 181.0
200.0 184.0
133.0 185.0
183.0 187.0
180.0 189.0
157.0 190.0
140.0 190.0
149.0 191.0
