42.0 47.0
67.0 55.0
83.0 55.0
67.0 57.0
56.0 59.0
72.0 60.0
56.0 61.0
71.0 66.0
75.0 67.0
68.0 69.0
72.0 69.0
80.0 69.0
63.0 71.0
79.0 71.0
67.0 72.0
81.0 72.0
79.0 72.0
78.0 73.0
56.0 75.0
85.0 75.0
86.0 75.0
66.0 76.0
76.0 76.0
92.0 77.0
89.0 77.0
78.0 78.0
86.0 79.0
84.0 79.0
74.0 80.0
81.0 80.0
73.0 81.0
70.0 81.0
89.0 82.0
83.0 82.0
83.0 82.0
77.0 83.0
79.0 84.0
75.0 85.0
84.0 85.0
84.0 85.0
79.0 86.0
75.0 87.0
77.0 91.0
38.0 92.0
87.0 92.0
99.0 96.0
85.0 99.0
111.0 100.0
71.0 101.0
68.0 113.0
