89.0 89.0
151.0 112.0
152.0 132.0
173.0 132.0
157.0 139.0
157.0 141.0
173.0 145.0
157.0 148.0
170.0 148.0
185.0 150.0
148.0 150.0
143.0 150.0
150.0 154.0
169.0 156.0
150.0 158.0
151.0 159.0
146.0 160.0
144.0 161.0
187.0 161.0
154.0 162.0
149.0 163.0
164.0 163.0
153.0 164.0
146.0 164.0
155.0 166.0
170.0 166.0
150.0 167.0
144.0 167.0
167.0 170.0
139.0 171.0
172.0 171.0
143.0 171.0
172.0 172.0
114.0 176.0
149.0 177.0
158.0 178.0
141.0 178.0
199.0 178.0
177.0 180.0
166.0 180.0
149.0 180.0
162.0 181.0
150.0 181.0
174.0 181.0
173.0 183.0
164.0 183.0
172.0 184.0
172.0 184.0
151.0 185.0
159.0 200.0
