96.0 82.0
113.0 86.0
82.0 92.0
159.0 93.0
149.0 93.0
125.0 96.0
115.0 97.0
109.0 97.0
133.0 98.0
93.0 99.0
110.0 99.0
111.0 99.0
105.0 100.0
138.0 100.0
107.0 101.0
111.0 101.0
103.0 103.0
107.0 104.0
130.0 104.0
103.0 104.0
111.0 105.0
116.0 105.0
100.0 106.0
107.0 107.0
106.0 107.0
108.0 107.0
116.0 107.0
95.0 107.0
110.0 108.0
115.0 108.0
109.0 108.0
110.0 108.0
113.0 108.0
114.0 108.0
105.0 109.0
112.0 109.0
109.0 109.0
112.0 109.0
106.0 109.0
106.0 109.0
117.0 109.0
110.0 110.0
153.0 110.0
120.0 110.0
107.0 110.0
111.0 110.0
114.0 110.0
108.0 110.0
114.0 110.0
104.0 110.0
126.0 111.0
111.0 111.0
110.0 111.0
112.0 112.0
98.0 112.0
130.0 114.0
98.0 114.0
114.0 114.0
108.0 114.0
119.0 114.0
108.0 115.0
102.0 115.0
113.0 115.0
93.0 117.0
114.0 117.0
109.0 118.0
104.0 118.0
110.0 119.0
116.0 120.0
112.0 120.0
107.0 121.0
110.0 121.0
113.0 121.0
117.0 122.0
126.0 127.0
126.0 135.0
98.0 135.0
99.0 137.0
62.0 143.0
82.0 153.0
