51.0 38.0
34.0 44.0
49.0 44.0
72.0 44.0
53.0 47.0
59.0 49.0
44.0 49.0
44.0 50.0
94.0 51.0
42.0 52.0
79.0 54.0
67.0 55.0
64.0 56.0
67.0 57.0
67.0 59.0
49.0 60.0
72.0 60.0
60.0 61.0
56.0 61.0
63.0 62.0
62.0 62.0
73.0 62.0
73.0 63.0
75.0 64.0
59.0 64.0
70.0 64.0
67.0 67.0
75.0 67.0
51.0 68.0
67.0 69.0
65.0 70.0
75.0 71.0
63.0 71.0
79.0 71.0
75.0 72.0
77.0 73.0
70.0 73.0
67.0 75.0
98.0 76.0
66.0 76.0
71.0 78.0
73.0 78.0
74.0 80.0
87.0 81.0
59.0 82.0
55.0 82.0
41.0 85.0
38.0 92.0
66.0 103.0
127.0 109.0
