112.0 51.0
134.0 59.0
101.0 65.0
96.0 70.0
120.0 72.0
148.0 76.0
117.0 77.0
132.0 77.0
128.0 80.0
131.0 81.0
102.0 81.0
90.0 84.0
75.0 85.0
103.0 88.0
149.0 90.0
90.0 90.0
139.0 91.0
106.0 91.0
92.0 92.0
159.0 93.0
117.0 93.0
117.0 95.0
76.0 95.0
134.0 96.0
112.0 96.0
82.0 98.0
88.0 98.0
142.0 99.0
110.0 99.0
148.0 99.0
116.0 99.0
109.0 100.0
149.0 101.0
96.0 101.0
111.0 101.0
120.0 102.0
135.0 103.0
129.0 104.0
132.0 105.0
108.0 105.0
77.0 105.0
116.0 105.0
136.0 105.0
123.0 106.0
112.0 106.0
98.0 106.0
160.0 107.0
111.0 107.0
109.0 107.0
104.0 108.0
106.0 109.0
112.0 109.0
106.0 109.0
106.0 109.0
114.0 110.0
120.0 111.0
79.0 112.0
87.0 112.0
95.0 113.0
166.0 114.0
101.0 114.0
81.0 115.0
114.0 115.0
135.0 116.0
130.0 116.0
94.0 116.0
132.0 116.0
119.0 117.0
101.0 117.0
128.0 119.0
76.0 119.0
147.0 120.0
68.0 121.0
147.0 121.0
162.0 121.0
124.0 121.0
115.0 122.0
110.0 123.0
113.0 123.0
137.0 123.0
146.0 124.0
131.0 124.0
133.0 125.0
112.0 125.0
158.0 126.0
147.0 126.0
133.0 126.0
162.0 127.0
126.0 127.0
111.0 128.0
141.0 128.0
145.0 129.0
122.0 131.0
125.0 133.0
100.0 134.0
135.0 135.0
146.0 135.0
150.0 135.0
144.0 136.0
159.0 141.0
139.0 141.0
62.0 143.0
110.0 144.0
127.0 145.0
175.0 147.0
117.0 147.0
125.0 148.0
135.0 148.0
134.0 148.0
104.0 149.0
175.0 150.0
180.0 151.0
82.0 153.0
124.0 156.0
148.0 156.0
170.0 159.0
140.0 159.0
171.0 160.0
133.0 167.0
135.0 167.0
