87.0 98.0
153.0 127.0
149.0 128.0
151.0 131.0
154.0 135.0
129.0 137.0
151.0 139.0
139.0 139.0
147.0 140.0
170.0 146.0
161.0 146.0
142.0 146.0
144.0 147.0
137.0 148.0
160.0 148.0
138.0 148.0
153.0 148.0
156.0 149.0
151.0 149.0
140.0 149.0
148.0 149.0
143.0 150.0
153.0 151.0
162.0 151.0
142.0 151.0
147.0 152.0
146.0 153.0
149.0 153.0
115.0 154.0
157.0 155.0
160.0 155.0
152.0 156.0
165.0 156.0
137.0 156.0
123.0 158.0
149.0 158.0
154.0 158.0
150.0 158.0
152.0 158.0
157.0 159.0
137.0 160.0
149.0 160.0
180.0 161.0
139.0 164.0
166.0 167.0
129.0 168.0
175.0 171.0
163.0 177.0
149.0 180.0
151.0 182.0
