89.0 78.0
187.0 168.0
200.0 169.0
178.0 172.0
193.0 173.0
188.0 174.0
193.0 174.0
186.0 178.0
188.0 178.0
186.0 178.0
187.0 178.0
182.0 180.0
187.0 180.0
196.0 180.0
189.0 182.0
178.0 182.0
189.0 183.0
188.0 183.0
196.0 184.0
194.0 184.0
189.0 184.0
193.0 185.0
182.0 185.0
197.0 185.0
187.0 186.0
189.0 186.0
183.0 186.0
189.0 186.0
194.0 186.0
193.0 186.0
187.0 186.0
196.0 187.0
205.0 187.0
192.0 187.0
194.0 188.0
187.0 188.0
188.0 188.0
190.0 188.0
192.0 189.0
192.0 190.0
193.0 190.0
195.0 191.0
188.0 191.0
191.0 191.0
197.0 192.0
194.0 192.0
185.0 192.0
189.0 193.0
189.0 193.0
195.0 193.0
194.0 194.0
190.0 195.0
183.0 203.0
