38.2483093503205 46.21569282231163
41.579202875247326 48.826619240976534
47.09825365634524 49.30012957309459
54.67490740772701 51.65077610142007
51.078371987406236 51.72125696368641
46.85077147822945 52.21963388229306
50.22212821098154 54.8909500446399
73.76534092141445 58.89786157528067
58.293355932982415 59.33933997890291
60.046314354762984 59.36293481621079
70.90113320604154 61.2978251951368
67.57054317390988 64.71635967998984
66.65971439674165 65.25868240072413
65.60857993018334 68.09072046849913
66.25712603596985 68.80522108681987
59.69114530835605 70.7663709874682
76.66280370728148 70.89321102837296
65.04698695855043 72.37324498632125
65.7942852035817 72.86718749021085
84.2041409813888 72.95297010015607
83.55581324881489 73.17248483242969
99.23444033197418 77.98800365983796
75.9657169981486 78.26356432129731
83.1708764546835 79.90454746395308
87.62411979013118 82.08779899667778
76.03936805911532 84.10304913413684
79.67093129187927 84.55967919111575
96.82416168521831 87.01945693190316
95.35558798756846 89.18175163290825
84.79479730115783 90.04675105851908
93.19060663186953 90.06278939543884
82.29103475655253 90.75243255455337
78.92238073748437 91.71739260839408
97.59845705553843 93.34421919725429
96.47685053117631 95.18793698183349
87.43349434769819 95.53559543561262
105.30499618164255 95.69884824239024
93.04853995699104 96.03397931401318
90.74253489197733 96.59477207758128
108.79543944462645 98.09762031923967
90.27967068067524 98.4664037202585
110.28319468179447 100.88616738161134
108.35240092030492 101.0245020690342
94.09717925930005 104.4038131255667
115.11915276259221 109.33174729857586
129.83954345188144 109.82677101701991
111.40801342811181 110.40710088829917
109.23886873514947 111.08722463850917
99.28164490112704 111.4886575035595
116.54497352588113 113.76521992655563
113.40748583516354 113.81846715253397
131.45175411912368 113.96767676374498
125.19946418492167 114.50470605878675
115.40662121456579 116.61632435618402
103.21062512965447 117.92750450633659
119.90827012004081 122.28511204846946
124.97334930206611 122.67187491634799
122.08419264960335 123.94015788074982
128.3198867101359 124.34496484834379
130.0024910227765 125.20192073133597
120.1996997913516 125.34735563934603
120.20967568733231 125.75253786830817
112.43657926443579 126.04105456989984
128.63426793708385 126.24440882065369
115.05904972404508 126.5853058963418
119.19702264747734 127.0063099003658
128.21928388305585 127.43239707200115
117.79176483876061 128.9723703148126
136.6146049652615 130.2947408698795
129.16584755536303 130.42127549258637
129.23450429706355 130.88445003928345
137.0488567614714 131.3910509837625
146.2980562000425 131.46234020968652
111.21904524915358 132.34391849398764
145.5640685090202 133.82971795295762
140.75144102397735 133.8387847284495
163.25251075855135 134.2509290343399
139.8555511118766 134.76860310175852
134.03838849128906 134.85378522164606
165.36069750400972 135.62441669984764
126.30396360748567 136.09565316757232
143.44704224542252 138.01345187588402
127.97824109722006 138.1471231049306
118.88484402324211 138.222063117107
138.41585325613318 140.54842830010847
141.7686149356618 141.1156231927884
132.5046702092231 142.7368537916356
138.35445079643327 143.37930677031133
141.6511692620999 143.95027910282215
143.1440421532795 144.7254262673435
142.17258774332166 146.03946782534706
153.3704367935372 148.92203451680032
150.86327832465676 150.0553688944355
149.37783443724146 151.14471015707588
134.78364872931894 153.0529236373458
152.13876097756707 154.07884690274145
160.17551931999358 157.09251273421998
169.6836955887137 158.64191536073648
160.23863153541782 159.0847153603654
167.3178512267459 160.26641091679673
170.55760114589515 160.4606758020833
156.6299540741478 162.99414500164374
164.1320460785409 163.6444740754886
168.15458289870185 165.86072778139126
166.35888665868424 166.83499165978847
164.1634856130526 168.6289004332004
176.88758130749736 169.75605007370942
157.7392588741231 171.6753453009605
175.01299068992418 172.4326504607587
164.4313231754248 174.52238416377654
174.98815732631667 176.18521312983475
177.36868037854995 177.80576720634434
181.1568079941764 178.87826947796472
176.60500086366204 180.9613000371374
182.49415539883825 181.2254702943053
174.41331621295572 181.23858707364522
183.03158873734324 181.92206071657463
188.62704163981115 183.03636460392713
186.3903848647662 184.06834209599793
185.32204399861268 184.07817279090543
183.43687917563608 185.6188972936439
193.79871489309824 188.89509462392047
189.73021736444335 191.2513087154069
192.66992127306096 192.92474063126767
197.63537182664467 194.35492078403547
193.72158902488582 196.0317677927132
201.35642421560428 198.49481135656873
199.90413403619337 200.4342669766024
