1.0 10.66218568874455
2.0 10.059478423702062
3.0 8.902565054440675
4.0 8.264943067834057
5.0 7.560444122951906
6.0 6.806159690390099
7.0 6.031549535070291
8.0 5.380165009230842
9.0 4.7584009415686745
10.0 4.32820504027743
11.0 3.9517748174138156
12.0 3.6270153046753224
13.0 3.313832480453735
14.0 3.0250155867245403
15.0 2.7686678922810493
16.0 2.5781608315398987
17.0 2.437276042832921
18.0 2.307136312500814
19.0 2.229855494061619
20.0 2.160110664151458
21.0 2.116562132827017
22.0 2.0742269234655963
23.0 2.0440506694178806
24.0 2.0208918049762623
25.0 2.0033971739513925
26.0 1.9887373554689975
27.0 1.9754309542131379
28.0 1.9672007146837807
29.0 1.959906648382372
30.0 1.9547082832344822
31.0 1.9502112942805605
32.0 1.9462415050292976
33.0 1.9436515529288168
34.0 1.941044466788899
35.0 1.9390870552337494
36.0 1.9370680992749008
37.0 1.9355787971937104
38.0 1.9343628184059067
39.0 1.9333516415315388
40.0 1.9324744333610413
41.0 1.9317422382565532
42.0 1.9311486368181823
43.0 1.9305968138282221
44.0 1.9301511430299056
45.0 1.9297383885428259
46.0 1.9294177955640723
47.0 1.929156372835048
48.0 1.9289915122949237
49.0 1.9288179346224577
50.0 1.928658232231487
