1.0 10.435188440295375
2.0 10.546279709157856
3.0 9.901896510102363
4.0 9.183486427324961
5.0 8.469210420355921
6.0 8.066658346015842
7.0 7.241343358372821
8.0 6.620034694117421
9.0 5.882242346771733
10.0 5.36741936857987
11.0 4.827566617005944
12.0 4.402049581730695
13.0 4.066155840428592
14.0 3.773800459066736
15.0 3.5811869629340167
16.0 3.4040150972017895
17.0 3.2788725598329123
18.0 3.170562592270998
19.0 3.0813840960190024
20.0 3.0094630319158506
21.0 2.9469409149298937
22.0 2.8951899197639515
23.0 2.860205062572812
24.0 2.829254140123074
25.0 2.806256467300937
26.0 2.7892962184764163
27.0 2.7729397821055324
28.0 2.759029009123958
29.0 2.7498797596558817
30.0 2.741317164493539
31.0 2.736453886022646
32.0 2.729140390648841
33.0 2.7249817393876516
34.0 2.7215856877249505
35.0 2.718295490164839
36.0 2.7161461794159067
37.0 2.7138849856813247
38.0 2.711899236377806
39.0 2.7101332887795326
40.0 2.7090727733768025
41.0 2.7077169399512173
42.0 2.706808249965355
43.0 2.706003001016078
44.0 2.7053420016477214
45.0 2.7048705923209644
46.0 2.7043124528296745
47.0 2.7039218629590898
48.0 2.7035460734991954
49.0 2.703212178555869
50.0 2.7029666470469134
