1.0 115.07249309625806
2.0 108.12338776716622
3.0 100.77135004324883
4.0 93.19506589050263
5.0 87.08745747869679
6.0 81.0022361367478
7.0 76.05668542199507
8.0 72.23649119262852
9.0 69.51374459815439
10.0 67.41186918896526
11.0 65.49572843811319
12.0 63.50407630578032
13.0 61.6220358385748
14.0 59.98392656233656
15.0 58.510027251187935
16.0 57.28139518880658
17.0 56.221314165364
18.0 55.234710577189915
19.0 54.38877894681155
20.0 53.624670302051506
21.0 52.99601276347327
22.0 52.42636029020763
23.0 51.93075101215489
24.0 51.49391631605126
25.0 51.11644421082891
26.0 50.799678424962245
27.0 50.52103124204986
28.0 50.28487100238594
29.0 50.085103873079525
30.0 49.91594298131124
31.0 49.77314514203867
32.0 49.65288950080069
33.0 49.55269299772364
34.0 49.46835924581128
35.0 49.39782816315502
36.0 49.33904261549177
37.0 49.290258155624755
38.0 49.24945917037247
39.0 49.21553273715193
40.0 49.18696290512992
41.0 49.16314369453763
42.0 49.14309427815083
43.0 49.12635412884579
44.0 49.11220580976184
45.0 49.1003408835741
46.0 49.090369490925895
47.0 49.08198116747636
48.0 49.074944138030475
49.0 49.069007413562
50.0 49.063978023675105
