1.0 10.52991382039292
2.0 9.81803199963366
3.0 9.486305985573104
4.0 8.615037108361854
5.0 7.868341310875468
6.0 7.113432397885468
7.0 6.414805208288561
8.0 5.7541637966777985
9.0 5.083482430128998
10.0 4.622732718544443
11.0 4.227794717048952
12.0 3.8470378726092513
13.0 3.549110510917735
14.0 3.3360171439521666
15.0 3.0728741761036273
16.0 2.9856003167877767
17.0 2.7682095883311653
18.0 2.5631483518756215
19.0 2.4234822880077536
20.0 2.3173365994475588
21.0 2.2552717634203177
22.0 2.19507721672381
23.0 2.1566933374554504
24.0 2.128668946709962
25.0 2.108603982620551
26.0 2.0930826289413007
27.0 2.082011815169233
28.0 2.0743168674286117
29.0 2.0682178446219095
30.0 2.0620050063752218
31.0 2.0563359468884608
32.0 2.051582836755745
33.0 2.04707360638578
34.0 2.0438994307248466
35.0 2.040606568077417
36.0 2.0382886840451553
37.0 2.0361251592699845
38.0 2.034231003128014
39.0 2.033066593332423
40.0 2.032133191842622
41.0 2.0312311053011727
42.0 2.03040617594434
43.0 2.0297237921500826
44.0 2.0290277794895695
45.0 2.028527947817444
46.0 2.028114726763287
47.0 2.0277903429905706
48.0 2.0275512396166007
49.0 2.0273051483673368
50.0 2.0270967604782046
