3.0 4.0
11.0 5.0
8.0 5.0
6.0 5.0
12.0 6.0
8.0 6.0
11.0 6.0
4.0 7.0
10.0 7.0
11.0 7.0
10.0 7.0
15.0 7.0
10.0 7.0
4.0 7.0
8.0 8.0
17.0 8.0
9.0 8.0
8.0 8.0
5.0 8.0
17.0 8.0
9.0 8.0
5.0 8.0
10.0 8.0
11.0 9.0
17.0 9.0
12.0 9.0
19.0 9.0
13.0 9.0
6.0 9.0
7.0 9.0
10.0 9.0
10.0 10.0
16.0 10.0
19.0 10.0
13.0 10.0
12.0 10.0
10.0 10.0
8.0 10.0
12.0 10.0
7.0 10.0
13.0 10.0
12.0 10.0
16.0 10.0
13.0 10.0
6.0 10.0
48.0 10.0
10.0 10.0
10.0 11.0
10.0 11.0
11.0 11.0
10.0 11.0
7.0 11.0
12.0 11.0
7.0 11.0
11.0 11.0
23.0 11.0
10.0 11.0
22.0 12.0
16.0 12.0
10.0 12.0
8.0 12.0
13.0 12.0
15.0 12.0
17.0 12.0
15.0 12.0
10.0 12.0
16.0 13.0
14.0 13.0
13.0 13.0
13.0 13.0
13.0 13.0
15.0 13.0
12.0 13.0
20.0 13.0
13.0 13.0
13.0 13.0
9.0 13.0
17.0 13.0
21.0 13.0
17.0 13.0
12.0 13.0
14.0 13.0
17.0 14.0
16.0 14.0
22.0 14.0
23.0 14.0
17.0 14.0
11.0 14.0
28.0 15.0
35.0 15.0
18.0 15.0
14.0 15.0
26.0 15.0
15.0 15.0
10.0 15.0
16.0 15.0
9.0 16.0
17.0 16.0
19.0 16.0
18.0 16.0
16.0 16.0
20.0 16.0
19.0 16.0
16.0 16.0
8.0 16.0
13.0 16.0
14.0 16.0
25.0 16.0
14.0 16.0
13.0 16.0
13.0 17.0
16.0 17.0
11.0 17.0
17.0 17.0
23.0 17.0
23.0 17.0
13.0 17.0
13.0 17.0
22.0 17.0
15.0 18.0
18.0 18.0
18.0 18.0
77.0 19.0
25.0 19.0
23.0 19.0
16.0 19.0
16.0 19.0
23.0 19.0
25.0 19.0
18.0 19.0
18.0 19.0
16.0 19.0
15.0 19.0
26.0 19.0
17.0 19.0
15.0 19.0
12.0 19.0
18.0 19.0
50.0 20.0
18.0 20.0
14.0 20.0
28.0 20.0
17.0 20.0
17.0 20.0
18.0 20.0
20.0 20.0
17.0 20.0
18.0 20.0
10.0 20.0
15.0 20.0
21.0 20.0
19.0 20.0
13.0 21.0
17.0 21.0
23.0 21.0
26.0 21.0
14.0 21.0
22.0 21.0
16.0 21.0
13.0 21.0
22.0 22.0
25.0 22.0
20.0 22.0
22.0 22.0
19.0 22.0
21.0 22.0
27.0 22.0
15.0 22.0
14.0 22.0
24.0 23.0
23.0 23.0
25.0 23.0
21.0 23.0
20.0 23.0
29.0 23.0
26.0 23.0
33.0 23.0
18.0 23.0
20.0 23.0
18.0 23.0
31.0 24.0
31.0 24.0
19.0 24.0
21.0 24.0
26.0 24.0
29.0 24.0
24.0 24.0
12.0 24.0
3.0 24.0
43.0 25.0
35.0 25.0
16.0 25.0
27.0 25.0
30.0 25.0
23.0 25.0
24.0 25.0
29.0 26.0
18.0 26.0
24.0 26.0
19.0 26.0
22.0 26.0
26.0 27.0
14.0 27.0
25.0 27.0
39.0 27.0
25.0 27.0
27.0 27.0
41.0 28.0
24.0 28.0
33.0 28.0
28.0 28.0
27.0 28.0
26.0 28.0
23.0 28.0
30.0 29.0
28.0 29.0
29.0 29.0
34.0 29.0
23.0 29.0
29.0 29.0
12.0 29.0
49.0 30.0
30.0 30.0
29.0 30.0
27.0 30.0
23.0 31.0
21.0 31.0
30.0 31.0
27.0 31.0
40.0 31.0
18.0 31.0
25.0 31.0
38.0 31.0
37.0 32.0
25.0 33.0
31.0 33.0
41.0 34.0
56.0 34.0
31.0 34.0
24.0 34.0
30.0 35.0
32.0 35.0
35.0 35.0
29.0 36.0
34.0 36.0
26.0 36.0
34.0 36.0
27.0 36.0
35.0 37.0
30.0 38.0
24.0 38.0
23.0 39.0
33.0 39.0
31.0 40.0
14.0 40.0
33.0 41.0
26.0 41.0
28.0 41.0
33.0 42.0
88.0 42.0
28.0 43.0
13.0 44.0
44.0 45.0
36.0 45.0
55.0 48.0
50.0 49.0
44.0 50.0
89.0 50.0
54.0 51.0
26.0 51.0
23.0 51.0
15.0 53.0
45.0 53.0
44.0 54.0
14.0 54.0
39.0 55.0
19.0 56.0
90.0 56.0
29.0 59.0
35.0 60.0
33.0 64.0
13.0 67.0
28.0 70.0
15.0 70.0
12.0 73.0
78.0 79.0
55.0 80.0
66.0 85.0
40.0 86.0
68.0 86.0
55.0 109.0
