96.0 53.0
79.0 53.0
155.0 59.0
75.0 63.0
96.0 73.0
119.0 84.0
108.0 86.0
133.0 86.0
112.0 87.0
85.0 87.0
89.0 88.0
159.0 88.0
98.0 91.0
127.0 92.0
126.0 98.0
89.0 99.0
144.0 100.0
105.0 100.0
108.0 103.0
117.0 104.0
145.0 107.0
132.0 110.0
119.0 110.0
111.0 113.0
171.0 113.0
113.0 114.0
111.0 116.0
126.0 117.0
112.0 117.0
143.0 122.0
116.0 122.0
113.0 122.0
122.0 123.0
98.0 125.0
124.0 126.0
61.0 126.0
135.0 127.0
143.0 127.0
128.0 127.0
134.0 127.0
114.0 129.0
125.0 130.0
137.0 130.0
143.0 132.0
141.0 133.0
142.0 134.0
134.0 134.0
131.0 137.0
163.0 138.0
185.0 139.0
133.0 140.0
128.0 140.0
79.0 141.0
149.0 141.0
137.0 142.0
142.0 143.0
133.0 143.0
136.0 143.0
139.0 144.0
146.0 145.0
144.0 145.0
109.0 147.0
138.0 147.0
144.0 149.0
133.0 150.0
142.0 151.0
131.0 152.0
156.0 152.0
156.0 152.0
137.0 153.0
159.0 153.0
154.0 154.0
150.0 154.0
139.0 156.0
128.0 157.0
144.0 157.0
156.0 157.0
153.0 157.0
88.0 158.0
154.0 159.0
162.0 161.0
155.0 161.0
163.0 162.0
163.0 163.0
156.0 163.0
146.0 163.0
145.0 165.0
159.0 165.0
148.0 168.0
167.0 168.0
147.0 168.0
134.0 170.0
169.0 171.0
132.0 175.0
170.0 176.0
177.0 176.0
132.0 181.0
184.0 182.0
188.0 183.0
178.0 183.0
220.0 193.0
204.0 195.0
185.0 198.0
217.0 215.0
218.0 218.0
