165.0 29.0
136.0 29.0
108.0 30.0
123.0 30.0
64.0 31.0
72.0 34.0
43.0 36.0
41.0 38.0
80.0 38.0
42.0 39.0
67.0 41.0
68.0 45.0
139.0 45.0
56.0 45.0
133.0 46.0
41.0 46.0
134.0 47.0
37.0 48.0
46.0 48.0
74.0 48.0
61.0 49.0
59.0 49.0
69.0 49.0
81.0 50.0
91.0 50.0
113.0 50.0
90.0 50.0
52.0 50.0
86.0 50.0
60.0 51.0
59.0 51.0
53.0 51.0
62.0 51.0
99.0 52.0
52.0 52.0
175.0 53.0
75.0 54.0
76.0 54.0
98.0 55.0
131.0 57.0
61.0 57.0
61.0 58.0
62.0 58.0
70.0 58.0
61.0 58.0
69.0 58.0
66.0 58.0
90.0 59.0
35.0 59.0
83.0 59.0
50.0 59.0
136.0 59.0
40.0 59.0
52.0 60.0
90.0 60.0
68.0 60.0
67.0 60.0
147.0 60.0
81.0 60.0
68.0 61.0
79.0 61.0
58.0 61.0
104.0 61.0
150.0 61.0
107.0 61.0
68.0 61.0
66.0 61.0
64.0 62.0
128.0 62.0
68.0 62.0
56.0 62.0
59.0 62.0
75.0 62.0
75.0 63.0
80.0 63.0
44.0 63.0
76.0 63.0
61.0 63.0
65.0 63.0
66.0 63.0
135.0 64.0
90.0 64.0
68.0 64.0
71.0 64.0
54.0 65.0
68.0 65.0
102.0 65.0
62.0 65.0
72.0 65.0
95.0 65.0
73.0 65.0
69.0 65.0
73.0 65.0
70.0 65.0
64.0 66.0
139.0 66.0
94.0 66.0
90.0 66.0
54.0 66.0
74.0 66.0
75.0 66.0
72.0 66.0
84.0 67.0
79.0 67.0
73.0 67.0
149.0 67.0
64.0 67.0
66.0 67.0
83.0 67.0
55.0 67.0
76.0 67.0
67.0 67.0
66.0 67.0
64.0 67.0
73.0 68.0
73.0 68.0
115.0 68.0
97.0 68.0
89.0 68.0
69.0 68.0
64.0 68.0
73.0 68.0
76.0 68.0
65.0 69.0
62.0 69.0
63.0 69.0
74.0 69.0
63.0 69.0
59.0 69.0
112.0 69.0
71.0 69.0
67.0 69.0
64.0 69.0
83.0 69.0
73.0 69.0
76.0 69.0
69.0 69.0
79.0 70.0
65.0 70.0
84.0 70.0
58.0 70.0
72.0 70.0
107.0 70.0
78.0 70.0
72.0 70.0
65.0 70.0
66.0 70.0
91.0 70.0
78.0 70.0
77.0 70.0
69.0 70.0
70.0 71.0
68.0 71.0
102.0 71.0
79.0 71.0
69.0 71.0
72.0 71.0
73.0 71.0
72.0 71.0
86.0 71.0
74.0 71.0
74.0 72.0
58.0 72.0
73.0 72.0
25.0 72.0
73.0 72.0
70.0 72.0
73.0 72.0
71.0 72.0
78.0 72.0
68.0 72.0
74.0 72.0
76.0 72.0
81.0 73.0
65.0 73.0
71.0 73.0
44.0 73.0
64.0 73.0
70.0 73.0
75.0 73.0
71.0 73.0
70.0 73.0
69.0 73.0
80.0 73.0
82.0 73.0
74.0 73.0
68.0 73.0
78.0 74.0
65.0 74.0
107.0 74.0
72.0 74.0
82.0 74.0
91.0 74.0
89.0 74.0
66.0 74.0
78.0 74.0
83.0 74.0
74.0 74.0
84.0 74.0
75.0 74.0
74.0 75.0
77.0 75.0
71.0 75.0
58.0 75.0
70.0 75.0
93.0 75.0
58.0 75.0
41.0 75.0
91.0 75.0
68.0 75.0
72.0 75.0
76.0 75.0
78.0 75.0
66.0 75.0
83.0 75.0
90.0 75.0
75.0 75.0
77.0 75.0
66.0 75.0
76.0 75.0
74.0 75.0
60.0 76.0
60.0 76.0
95.0 76.0
78.0 76.0
70.0 76.0
86.0 76.0
71.0 76.0
77.0 76.0
80.0 76.0
82.0 76.0
69.0 76.0
75.0 76.0
60.0 76.0
78.0 76.0
86.0 76.0
74.0 76.0
70.0 76.0
79.0 76.0
73.0 76.0
78.0 77.0
111.0 77.0
79.0 77.0
96.0 77.0
91.0 77.0
66.0 77.0
81.0 77.0
86.0 77.0
89.0 77.0
78.0 77.0
79.0 77.0
76.0 77.0
77.0 77.0
66.0 77.0
68.0 77.0
76.0 77.0
75.0 77.0
78.0 77.0
77.0 77.0
72.0 78.0
75.0 78.0
81.0 78.0
87.0 78.0
86.0 78.0
81.0 78.0
80.0 78.0
73.0 78.0
77.0 78.0
83.0 78.0
85.0 78.0
76.0 78.0
81.0 78.0
84.0 79.0
83.0 79.0
100.0 79.0
71.0 79.0
80.0 79.0
73.0 79.0
57.0 79.0
106.0 79.0
105.0 79.0
76.0 79.0
95.0 79.0
84.0 79.0
80.0 79.0
87.0 79.0
84.0 79.0
70.0 79.0
62.0 79.0
73.0 79.0
82.0 79.0
87.0 79.0
73.0 79.0
82.0 79.0
80.0 80.0
75.0 80.0
84.0 80.0
85.0 80.0
80.0 80.0
68.0 80.0
64.0 80.0
106.0 80.0
104.0 80.0
88.0 80.0
83.0 80.0
84.0 80.0
81.0 80.0
81.0 80.0
88.0 80.0
72.0 80.0
87.0 80.0
81.0 80.0
86.0 80.0
84.0 80.0
77.0 80.0
83.0 80.0
78.0 80.0
81.0 80.0
82.0 81.0
87.0 81.0
88.0 81.0
72.0 81.0
81.0 81.0
74.0 81.0
62.0 81.0
70.0 81.0
83.0 81.0
79.0 81.0
81.0 81.0
77.0 81.0
82.0 81.0
79.0 81.0
81.0 81.0
77.0 81.0
88.0 81.0
88.0 81.0
83.0 81.0
73.0 81.0
74.0 81.0
81.0 81.0
70.0 81.0
69.0 81.0
82.0 81.0
89.0 81.0
79.0 81.0
75.0 81.0
83.0 82.0
94.0 82.0
87.0 82.0
80.0 82.0
74.0 82.0
83.0 82.0
83.0 82.0
82.0 82.0
86.0 82.0
72.0 82.0
81.0 82.0
55.0 82.0
76.0 82.0
85.0 82.0
81.0 82.0
75.0 82.0
81.0 82.0
74.0 82.0
90.0 82.0
79.0 82.0
90.0 82.0
80.0 82.0
79.0 82.0
81.0 82.0
82.0 82.0
75.0 82.0
83.0 82.0
81.0 82.0
80.0 82.0
83.0 83.0
88.0 83.0
74.0 83.0
78.0 83.0
81.0 83.0
81.0 83.0
79.0 83.0
83.0 83.0
88.0 83.0
76.0 83.0
77.0 83.0
80.0 83.0
87.0 83.0
80.0 83.0
86.0 83.0
82.0 83.0
88.0 84.0
85.0 84.0
83.0 84.0
89.0 84.0
77.0 84.0
79.0 84.0
105.0 84.0
85.0 84.0
79.0 84.0
82.0 84.0
81.0 84.0
76.0 84.0
80.0 84.0
83.0 84.0
78.0 84.0
82.0 84.0
80.0 84.0
72.0 84.0
85.0 84.0
28.0 84.0
89.0 84.0
81.0 84.0
80.0 84.0
86.0 84.0
86.0 85.0
88.0 85.0
87.0 85.0
126.0 85.0
85.0 85.0
84.0 85.0
89.0 85.0
68.0 85.0
72.0 85.0
103.0 85.0
80.0 85.0
83.0 85.0
86.0 85.0
82.0 85.0
81.0 85.0
80.0 85.0
84.0 85.0
90.0 85.0
88.0 86.0
81.0 86.0
85.0 86.0
135.0 86.0
79.0 86.0
86.0 86.0
83.0 86.0
82.0 86.0
85.0 86.0
87.0 86.0
89.0 86.0
90.0 87.0
89.0 87.0
76.0 87.0
90.0 87.0
88.0 87.0
83.0 87.0
74.0 87.0
85.0 87.0
72.0 87.0
89.0 87.0
90.0 88.0
84.0 88.0
83.0 88.0
87.0 88.0
80.0 88.0
134.0 88.0
99.0 88.0
77.0 88.0
81.0 88.0
81.0 88.0
85.0 88.0
84.0 88.0
90.0 88.0
85.0 88.0
87.0 89.0
79.0 89.0
84.0 89.0
47.0 89.0
87.0 89.0
84.0 89.0
81.0 89.0
80.0 89.0
92.0 89.0
88.0 90.0
91.0 90.0
97.0 90.0
93.0 90.0
101.0 90.0
100.0 91.0
90.0 91.0
87.0 91.0
88.0 91.0
74.0 91.0
83.0 92.0
95.0 92.0
90.0 92.0
88.0 92.0
92.0 92.0
73.0 92.0
97.0 92.0
83.0 93.0
59.0 93.0
75.0 93.0
71.0 93.0
87.0 93.0
91.0 94.0
98.0 94.0
101.0 94.0
85.0 94.0
96.0 94.0
70.0 95.0
92.0 95.0
90.0 95.0
63.0 95.0
37.0 95.0
111.0 95.0
98.0 96.0
97.0 96.0
87.0 96.0
83.0 96.0
91.0 97.0
103.0 97.0
65.0 97.0
102.0 97.0
87.0 97.0
103.0 97.0
90.0 98.0
120.0 98.0
96.0 99.0
97.0 99.0
96.0 99.0
80.0 99.0
91.0 100.0
55.0 100.0
108.0 101.0
96.0 101.0
108.0 102.0
76.0 102.0
45.0 102.0
101.0 102.0
74.0 104.0
113.0 104.0
136.0 105.0
108.0 105.0
64.0 105.0
75.0 105.0
88.0 106.0
96.0 106.0
40.0 106.0
44.0 107.0
63.0 110.0
51.0 110.0
132.0 111.0
94.0 111.0
121.0 113.0
28.0 117.0
125.0 117.0
112.0 118.0
113.0 119.0
113.0 120.0
66.0 120.0
115.0 121.0
48.0 121.0
43.0 121.0
44.0 122.0
62.0 128.0
76.0 136.0
37.0 139.0
50.0 139.0
61.0 158.0
57.0 166.0
