171.0 62.0
191.0 65.0
177.0 74.0
143.0 77.0
149.0 79.0
194.0 82.0
150.0 82.0
143.0 85.0
71.0 94.0
119.0 97.0
137.0 99.0
121.0 100.0
153.0 101.0
116.0 101.0
159.0 102.0
152.0 103.0
99.0 103.0
125.0 104.0
132.0 104.0
134.0 105.0
143.0 107.0
142.0 107.0
163.0 110.0
115.0 111.0
109.0 111.0
158.0 111.0
120.0 111.0
129.0 111.0
152.0 112.0
88.0 112.0
128.0 113.0
124.0 113.0
127.0 114.0
141.0 114.0
96.0 115.0
187.0 115.0
131.0 116.0
141.0 116.0
146.0 116.0
149.0 116.0
145.0 117.0
81.0 117.0
135.0 118.0
141.0 119.0
155.0 119.0
131.0 119.0
124.0 119.0
137.0 119.0
114.0 120.0
126.0 120.0
127.0 120.0
161.0 121.0
147.0 121.0
123.0 121.0
128.0 121.0
124.0 122.0
162.0 122.0
137.0 122.0
134.0 122.0
123.0 123.0
117.0 123.0
126.0 123.0
148.0 123.0
146.0 123.0
137.0 123.0
120.0 123.0
114.0 124.0
131.0 124.0
122.0 124.0
125.0 124.0
180.0 125.0
138.0 125.0
150.0 125.0
155.0 125.0
109.0 125.0
129.0 125.0
121.0 125.0
198.0 125.0
127.0 125.0
123.0 125.0
135.0 125.0
131.0 125.0
132.0 126.0
141.0 126.0
129.0 126.0
135.0 126.0
189.0 126.0
123.0 126.0
153.0 126.0
125.0 126.0
142.0 127.0
125.0 127.0
128.0 127.0
141.0 127.0
125.0 127.0
142.0 127.0
129.0 127.0
123.0 127.0
129.0 127.0
140.0 127.0
119.0 127.0
137.0 127.0
127.0 127.0
128.0 127.0
133.0 128.0
137.0 128.0
140.0 128.0
122.0 128.0
138.0 128.0
131.0 128.0
141.0 128.0
132.0 128.0
139.0 128.0
136.0 129.0
127.0 129.0
148.0 129.0
119.0 129.0
132.0 129.0
153.0 129.0
137.0 129.0
129.0 129.0
133.0 129.0
160.0 129.0
146.0 129.0
162.0 129.0
133.0 129.0
144.0 129.0
125.0 129.0
145.0 129.0
137.0 130.0
131.0 130.0
145.0 130.0
126.0 130.0
127.0 130.0
156.0 130.0
123.0 130.0
131.0 130.0
120.0 130.0
170.0 130.0
167.0 130.0
164.0 130.0
131.0 130.0
123.0 130.0
144.0 130.0
130.0 130.0
137.0 130.0
124.0 130.0
121.0 130.0
139.0 130.0
144.0 130.0
140.0 131.0
131.0 131.0
135.0 131.0
144.0 131.0
129.0 131.0
174.0 131.0
127.0 131.0
162.0 131.0
149.0 131.0
132.0 131.0
140.0 131.0
114.0 131.0
130.0 131.0
144.0 131.0
124.0 131.0
137.0 131.0
141.0 132.0
131.0 132.0
118.0 132.0
140.0 132.0
142.0 132.0
130.0 132.0
127.0 132.0
138.0 132.0
119.0 132.0
123.0 132.0
134.0 132.0
133.0 132.0
120.0 133.0
134.0 133.0
141.0 133.0
133.0 133.0
132.0 133.0
159.0 133.0
140.0 133.0
152.0 133.0
148.0 133.0
134.0 133.0
137.0 133.0
130.0 133.0
142.0 133.0
134.0 133.0
138.0 133.0
137.0 133.0
130.0 133.0
147.0 133.0
141.0 134.0
145.0 134.0
144.0 134.0
131.0 134.0
132.0 134.0
137.0 134.0
134.0 134.0
140.0 134.0
137.0 134.0
132.0 134.0
132.0 134.0
142.0 134.0
133.0 134.0
139.0 134.0
126.0 134.0
154.0 134.0
106.0 134.0
160.0 134.0
139.0 134.0
140.0 134.0
129.0 134.0
137.0 134.0
132.0 134.0
134.0 134.0
136.0 134.0
137.0 135.0
133.0 135.0
138.0 135.0
139.0 135.0
136.0 135.0
135.0 135.0
156.0 135.0
156.0 135.0
142.0 135.0
150.0 135.0
141.0 135.0
168.0 135.0
134.0 135.0
185.0 135.0
136.0 135.0
139.0 135.0
145.0 135.0
136.0 135.0
141.0 135.0
142.0 135.0
130.0 135.0
122.0 135.0
141.0 135.0
128.0 135.0
142.0 135.0
139.0 135.0
128.0 135.0
121.0 135.0
125.0 136.0
137.0 136.0
134.0 136.0
135.0 136.0
141.0 136.0
137.0 136.0
138.0 136.0
136.0 136.0
157.0 136.0
136.0 136.0
186.0 136.0
140.0 136.0
159.0 136.0
135.0 136.0
186.0 136.0
130.0 136.0
135.0 136.0
144.0 136.0
127.0 136.0
151.0 136.0
136.0 136.0
141.0 136.0
130.0 136.0
137.0 136.0
149.0 136.0
139.0 136.0
157.0 137.0
134.0 137.0
151.0 137.0
139.0 137.0
136.0 137.0
136.0 137.0
133.0 137.0
135.0 137.0
140.0 137.0
135.0 137.0
139.0 137.0
143.0 137.0
137.0 137.0
145.0 137.0
138.0 137.0
134.0 137.0
137.0 137.0
136.0 137.0
140.0 137.0
135.0 137.0
160.0 137.0
129.0 137.0
127.0 137.0
133.0 137.0
137.0 137.0
132.0 137.0
156.0 137.0
136.0 137.0
145.0 137.0
140.0 137.0
142.0 137.0
143.0 137.0
139.0 137.0
143.0 137.0
145.0 137.0
141.0 137.0
127.0 137.0
139.0 137.0
145.0 138.0
142.0 138.0
143.0 138.0
137.0 138.0
141.0 138.0
141.0 138.0
136.0 138.0
141.0 138.0
143.0 138.0
139.0 138.0
143.0 138.0
139.0 138.0
134.0 138.0
138.0 138.0
142.0 138.0
141.0 138.0
141.0 138.0
136.0 138.0
134.0 138.0
154.0 138.0
125.0 138.0
98.0 138.0
129.0 138.0
126.0 138.0
180.0 138.0
140.0 138.0
130.0 138.0
151.0 138.0
128.0 138.0
144.0 138.0
139.0 138.0
136.0 138.0
140.0 138.0
140.0 138.0
133.0 138.0
150.0 138.0
131.0 138.0
143.0 138.0
145.0 138.0
145.0 138.0
170.0 139.0
141.0 139.0
132.0 139.0
138.0 139.0
135.0 139.0
138.0 139.0
138.0 139.0
140.0 139.0
144.0 139.0
140.0 139.0
142.0 139.0
141.0 139.0
137.0 139.0
136.0 139.0
141.0 139.0
143.0 139.0
143.0 139.0
143.0 139.0
146.0 139.0
130.0 139.0
157.0 139.0
142.0 139.0
160.0 139.0
138.0 139.0
175.0 139.0
77.0 139.0
131.0 139.0
133.0 139.0
134.0 139.0
146.0 139.0
138.0 139.0
141.0 139.0
160.0 139.0
149.0 139.0
120.0 139.0
137.0 139.0
153.0 139.0
128.0 139.0
142.0 139.0
146.0 139.0
125.0 139.0
141.0 140.0
131.0 140.0
141.0 140.0
140.0 140.0
139.0 140.0
146.0 140.0
138.0 140.0
142.0 140.0
143.0 140.0
141.0 140.0
142.0 140.0
147.0 140.0
145.0 140.0
139.0 140.0
143.0 140.0
145.0 140.0
142.0 140.0
138.0 140.0
141.0 140.0
140.0 140.0
140.0 140.0
144.0 140.0
130.0 140.0
140.0 140.0
142.0 140.0
131.0 140.0
147.0 140.0
148.0 140.0
136.0 140.0
139.0 140.0
139.0 140.0
140.0 140.0
143.0 140.0
131.0 140.0
141.0 140.0
147.0 140.0
144.0 140.0
146.0 140.0
139.0 141.0
139.0 141.0
142.0 141.0
139.0 141.0
141.0 141.0
138.0 141.0
139.0 141.0
137.0 141.0
139.0 141.0
141.0 141.0
144.0 141.0
138.0 141.0
145.0 141.0
143.0 141.0
140.0 141.0
139.0 141.0
143.0 141.0
142.0 141.0
138.0 141.0
140.0 141.0
138.0 141.0
137.0 141.0
134.0 141.0
135.0 141.0
142.0 141.0
131.0 141.0
161.0 141.0
174.0 141.0
141.0 141.0
129.0 141.0
151.0 141.0
130.0 141.0
140.0 141.0
137.0 141.0
143.0 141.0
143.0 141.0
138.0 142.0
133.0 142.0
146.0 142.0
150.0 142.0
137.0 142.0
88.0 142.0
142.0 142.0
140.0 142.0
143.0 142.0
140.0 142.0
152.0 142.0
144.0 142.0
146.0 142.0
143.0 142.0
139.0 142.0
143.0 142.0
140.0 142.0
146.0 142.0
143.0 142.0
150.0 142.0
142.0 142.0
144.0 142.0
131.0 142.0
143.0 142.0
142.0 142.0
141.0 142.0
144.0 142.0
147.0 142.0
139.0 142.0
139.0 142.0
120.0 142.0
147.0 142.0
135.0 142.0
149.0 142.0
123.0 142.0
151.0 142.0
134.0 142.0
145.0 142.0
136.0 142.0
146.0 142.0
134.0 142.0
153.0 142.0
138.0 142.0
144.0 142.0
142.0 142.0
141.0 142.0
138.0 142.0
138.0 142.0
139.0 142.0
145.0 142.0
135.0 143.0
138.0 143.0
145.0 143.0
143.0 143.0
146.0 143.0
141.0 143.0
141.0 143.0
145.0 143.0
145.0 143.0
148.0 143.0
150.0 143.0
144.0 143.0
141.0 143.0
144.0 143.0
142.0 143.0
147.0 143.0
143.0 143.0
142.0 143.0
141.0 143.0
139.0 143.0
138.0 143.0
151.0 143.0
74.0 143.0
133.0 143.0
131.0 143.0
131.0 143.0
153.0 143.0
137.0 143.0
149.0 143.0
140.0 143.0
142.0 143.0
142.0 143.0
150.0 143.0
145.0 143.0
144.0 143.0
150.0 143.0
137.0 143.0
146.0 143.0
140.0 143.0
144.0 144.0
148.0 144.0
148.0 144.0
142.0 144.0
140.0 144.0
146.0 144.0
142.0 144.0
147.0 144.0
143.0 144.0
140.0 144.0
147.0 144.0
143.0 144.0
141.0 144.0
149.0 144.0
146.0 144.0
141.0 144.0
152.0 144.0
134.0 144.0
137.0 144.0
139.0 144.0
134.0 144.0
142.0 144.0
150.0 144.0
153.0 144.0
119.0 144.0
149.0 144.0
145.0 144.0
145.0 144.0
150.0 144.0
145.0 144.0
134.0 144.0
140.0 144.0
149.0 144.0
139.0 144.0
137.0 144.0
148.0 144.0
141.0 144.0
129.0 144.0
144.0 144.0
128.0 145.0
142.0 145.0
143.0 145.0
138.0 145.0
150.0 145.0
140.0 145.0
146.0 145.0
147.0 145.0
143.0 145.0
147.0 145.0
142.0 145.0
147.0 145.0
144.0 145.0
147.0 145.0
142.0 145.0
137.0 145.0
146.0 145.0
143.0 145.0
148.0 145.0
148.0 145.0
142.0 145.0
129.0 145.0
151.0 145.0
137.0 145.0
157.0 145.0
146.0 145.0
137.0 145.0
154.0 145.0
138.0 145.0
143.0 145.0
143.0 145.0
142.0 145.0
139.0 146.0
135.0 146.0
144.0 146.0
143.0 146.0
140.0 146.0
138.0 146.0
147.0 146.0
142.0 146.0
144.0 146.0
144.0 146.0
145.0 146.0
145.0 146.0
151.0 146.0
144.0 146.0
145.0 146.0
141.0 146.0
149.0 146.0
146.0 146.0
146.0 146.0
127.0 146.0
148.0 146.0
149.0 146.0
137.0 146.0
140.0 146.0
141.0 146.0
138.0 146.0
151.0 146.0
135.0 147.0
145.0 147.0
136.0 147.0
142.0 147.0
146.0 147.0
154.0 147.0
156.0 147.0
145.0 147.0
146.0 147.0
142.0 147.0
146.0 147.0
151.0 147.0
143.0 147.0
153.0 147.0
148.0 147.0
145.0 147.0
143.0 147.0
149.0 147.0
139.0 147.0
147.0 147.0
145.0 147.0
145.0 147.0
145.0 147.0
144.0 147.0
149.0 147.0
119.0 147.0
123.0 147.0
147.0 147.0
158.0 147.0
160.0 147.0
150.0 147.0
146.0 147.0
145.0 147.0
148.0 147.0
128.0 147.0
143.0 147.0
143.0 148.0
148.0 148.0
149.0 148.0
142.0 148.0
146.0 148.0
149.0 148.0
141.0 148.0
148.0 148.0
133.0 148.0
149.0 148.0
147.0 148.0
146.0 148.0
149.0 148.0
146.0 148.0
144.0 148.0
147.0 148.0
127.0 148.0
125.0 148.0
164.0 148.0
104.0 148.0
122.0 148.0
122.0 148.0
175.0 148.0
159.0 148.0
147.0 148.0
148.0 148.0
144.0 148.0
145.0 148.0
141.0 148.0
140.0 148.0
152.0 148.0
141.0 148.0
151.0 148.0
142.0 148.0
145.0 148.0
143.0 149.0
146.0 149.0
144.0 149.0
139.0 149.0
150.0 149.0
148.0 149.0
151.0 149.0
150.0 149.0
165.0 149.0
144.0 149.0
98.0 149.0
138.0 149.0
152.0 149.0
148.0 149.0
154.0 149.0
142.0 149.0
147.0 149.0
151.0 149.0
140.0 149.0
148.0 149.0
141.0 149.0
145.0 150.0
143.0 150.0
136.0 150.0
150.0 150.0
155.0 150.0
145.0 150.0
150.0 150.0
146.0 150.0
149.0 150.0
171.0 150.0
137.0 150.0
107.0 150.0
146.0 150.0
146.0 150.0
145.0 150.0
149.0 150.0
148.0 150.0
145.0 150.0
147.0 150.0
151.0 150.0
133.0 151.0
146.0 151.0
152.0 151.0
150.0 151.0
150.0 151.0
150.0 151.0
150.0 151.0
153.0 151.0
157.0 151.0
157.0 151.0
145.0 151.0
144.0 151.0
131.0 151.0
139.0 151.0
137.0 151.0
148.0 151.0
164.0 151.0
164.0 151.0
142.0 151.0
149.0 151.0
147.0 152.0
148.0 152.0
145.0 152.0
138.0 152.0
76.0 152.0
142.0 152.0
136.0 152.0
170.0 152.0
152.0 152.0
144.0 152.0
132.0 152.0
145.0 152.0
132.0 153.0
135.0 153.0
140.0 153.0
145.0 153.0
143.0 153.0
146.0 153.0
152.0 154.0
157.0 154.0
172.0 154.0
188.0 154.0
156.0 154.0
139.0 154.0
146.0 154.0
147.0 154.0
126.0 155.0
146.0 155.0
136.0 155.0
145.0 155.0
138.0 155.0
125.0 155.0
187.0 155.0
188.0 155.0
144.0 155.0
150.0 155.0
141.0 156.0
97.0 156.0
201.0 156.0
150.0 157.0
151.0 157.0
130.0 157.0
138.0 157.0
128.0 157.0
111.0 157.0
136.0 157.0
153.0 157.0
133.0 158.0
136.0 158.0
166.0 158.0
155.0 158.0
147.0 159.0
146.0 159.0
141.0 159.0
134.0 159.0
159.0 160.0
141.0 160.0
184.0 160.0
155.0 160.0
161.0 160.0
154.0 160.0
142.0 161.0
149.0 161.0
157.0 161.0
154.0 162.0
147.0 162.0
164.0 162.0
117.0 162.0
142.0 162.0
125.0 162.0
161.0 163.0
117.0 163.0
135.0 164.0
154.0 164.0
168.0 165.0
149.0 165.0
144.0 165.0
134.0 166.0
154.0 166.0
161.0 167.0
147.0 167.0
115.0 167.0
177.0 167.0
182.0 167.0
156.0 167.0
168.0 168.0
78.0 168.0
171.0 169.0
123.0 169.0
75.0 170.0
81.0 170.0
107.0 171.0
133.0 171.0
185.0 173.0
121.0 174.0
142.0 175.0
181.0 175.0
121.0 175.0
136.0 175.0
195.0 175.0
143.0 176.0
149.0 176.0
182.0 177.0
156.0 177.0
174.0 177.0
109.0 178.0
135.0 179.0
166.0 180.0
153.0 180.0
171.0 181.0
123.0 182.0
133.0 182.0
161.0 182.0
168.0 182.0
148.0 182.0
198.0 183.0
140.0 183.0
89.0 184.0
132.0 184.0
111.0 188.0
143.0 189.0
125.0 189.0
134.0 191.0
118.0 192.0
157.0 192.0
145.0 195.0
100.0 199.0
91.0 201.0
99.0 201.0
