177.0 65.0
116.0 82.0
117.0 96.0
114.0 99.0
190.0 100.0
184.0 106.0
164.0 112.0
179.0 112.0
132.0 112.0
181.0 123.0
136.0 124.0
141.0 125.0
162.0 125.0
124.0 125.0
148.0 125.0
169.0 126.0
171.0 126.0
133.0 127.0
153.0 128.0
167.0 128.0
143.0 129.0
130.0 129.0
131.0 129.0
141.0 132.0
166.0 132.0
179.0 132.0
168.0 134.0
131.0 134.0
169.0 134.0
126.0 134.0
155.0 134.0
162.0 134.0
134.0 135.0
169.0 135.0
144.0 135.0
129.0 135.0
140.0 136.0
163.0 136.0
142.0 137.0
134.0 137.0
188.0 137.0
144.0 137.0
141.0 138.0
140.0 138.0
157.0 138.0
131.0 138.0
141.0 139.0
138.0 139.0
163.0 139.0
131.0 139.0
139.0 140.0
128.0 140.0
136.0 140.0
138.0 140.0
129.0 140.0
147.0 140.0
136.0 140.0
139.0 141.0
142.0 141.0
138.0 141.0
133.0 141.0
143.0 142.0
141.0 142.0
140.0 142.0
180.0 142.0
163.0 142.0
146.0 142.0
142.0 143.0
139.0 143.0
137.0 143.0
149.0 143.0
143.0 144.0
201.0 144.0
162.0 144.0
142.0 144.0
180.0 144.0
139.0 145.0
146.0 145.0
170.0 145.0
197.0 145.0
148.0 146.0
139.0 146.0
156.0 146.0
151.0 146.0
137.0 147.0
146.0 147.0
148.0 148.0
148.0 148.0
151.0 148.0
156.0 148.0
148.0 148.0
144.0 149.0
148.0 149.0
150.0 149.0
144.0 149.0
139.0 150.0
170.0 150.0
153.0 150.0
150.0 151.0
147.0 151.0
109.0 151.0
171.0 151.0
162.0 151.0
150.0 152.0
153.0 153.0
157.0 153.0
170.0 153.0
143.0 153.0
188.0 153.0
157.0 154.0
157.0 155.0
86.0 155.0
168.0 155.0
156.0 156.0
154.0 156.0
157.0 157.0
146.0 157.0
143.0 157.0
164.0 157.0
153.0 157.0
157.0 158.0
159.0 159.0
163.0 159.0
155.0 160.0
171.0 160.0
132.0 160.0
194.0 160.0
141.0 161.0
127.0 163.0
172.0 163.0
157.0 163.0
179.0 164.0
168.0 164.0
168.0 165.0
158.0 165.0
164.0 165.0
169.0 165.0
163.0 167.0
166.0 167.0
138.0 169.0
184.0 169.0
176.0 171.0
201.0 171.0
60.0 171.0
138.0 171.0
196.0 172.0
109.0 172.0
177.0 172.0
105.0 172.0
176.0 172.0
165.0 173.0
182.0 174.0
197.0 175.0
151.0 176.0
138.0 176.0
164.0 176.0
181.0 176.0
209.0 177.0
186.0 177.0
167.0 177.0
181.0 178.0
172.0 178.0
194.0 178.0
174.0 179.0
168.0 179.0
183.0 179.0
218.0 179.0
175.0 180.0
190.0 180.0
151.0 180.0
155.0 182.0
181.0 182.0
172.0 183.0
147.0 183.0
149.0 184.0
192.0 187.0
180.0 188.0
161.0 188.0
163.0 188.0
189.0 189.0
194.0 190.0
196.0 191.0
179.0 194.0
182.0 194.0
145.0 196.0
219.0 200.0
223.0 204.0
212.0 204.0
214.0 209.0
212.0 210.0
212.0 211.0
220.0 213.0
217.0 215.0
199.0 217.0
