171.0 158.0
174.0 160.0
171.0 171.0
184.0 176.0
175.0 179.0
178.0 179.0
202.0 180.0
169.0 180.0
188.0 181.0
208.0 183.0
192.0 183.0
193.0 183.0
187.0 184.0
196.0 184.0
206.0 185.0
185.0 185.0
176.0 186.0
186.0 187.0
188.0 187.0
169.0 190.0
208.0 190.0
191.0 192.0
199.0 192.0
218.0 192.0
197.0 193.0
196.0 193.0
197.0 193.0
202.0 194.0
195.0 194.0
206.0 194.0
207.0 195.0
204.0 195.0
198.0 195.0
201.0 195.0
196.0 196.0
197.0 196.0
201.0 196.0
208.0 196.0
211.0 197.0
205.0 197.0
194.0 197.0
202.0 197.0
201.0 197.0
196.0 197.0
199.0 197.0
204.0 197.0
194.0 197.0
200.0 197.0
202.0 197.0
205.0 197.0
194.0 198.0
201.0 198.0
200.0 198.0
204.0 198.0
199.0 198.0
199.0 198.0
187.0 198.0
201.0 198.0
203.0 198.0
199.0 198.0
202.0 198.0
216.0 198.0
197.0 199.0
199.0 199.0
197.0 199.0
199.0 199.0
202.0 200.0
201.0 200.0
201.0 200.0
202.0 200.0
200.0 200.0
201.0 200.0
204.0 200.0
202.0 200.0
204.0 200.0
208.0 200.0
200.0 200.0
201.0 200.0
201.0 200.0
199.0 200.0
209.0 200.0
204.0 200.0
213.0 201.0
200.0 201.0
195.0 201.0
201.0 201.0
211.0 201.0
203.0 201.0
202.0 201.0
205.0 201.0
206.0 201.0
198.0 201.0
199.0 202.0
202.0 202.0
201.0 202.0
200.0 202.0
204.0 202.0
199.0 202.0
202.0 202.0
205.0 202.0
204.0 202.0
213.0 203.0
197.0 203.0
203.0 203.0
198.0 203.0
201.0 203.0
203.0 203.0
204.0 203.0
203.0 203.0
206.0 203.0
206.0 203.0
204.0 203.0
209.0 203.0
199.0 203.0
203.0 203.0
199.0 203.0
196.0 203.0
205.0 204.0
201.0 204.0
204.0 204.0
204.0 204.0
204.0 204.0
208.0 204.0
207.0 204.0
207.0 204.0
202.0 204.0
201.0 205.0
203.0 205.0
202.0 205.0
202.0 205.0
206.0 205.0
206.0 205.0
201.0 205.0
208.0 205.0
206.0 205.0
208.0 205.0
203.0 205.0
207.0 205.0
205.0 205.0
206.0 205.0
207.0 205.0
197.0 205.0
200.0 205.0
208.0 205.0
190.0 205.0
212.0 205.0
208.0 206.0
206.0 206.0
200.0 206.0
205.0 206.0
203.0 206.0
209.0 206.0
207.0 206.0
207.0 206.0
207.0 206.0
205.0 206.0
206.0 206.0
208.0 206.0
209.0 206.0
201.0 206.0
207.0 206.0
205.0 207.0
198.0 207.0
203.0 207.0
210.0 207.0
210.0 207.0
199.0 207.0
205.0 207.0
205.0 207.0
205.0 207.0
204.0 207.0
207.0 207.0
210.0 207.0
209.0 207.0
212.0 207.0
202.0 207.0
215.0 208.0
208.0 208.0
209.0 208.0
210.0 208.0
208.0 208.0
210.0 208.0
206.0 208.0
210.0 208.0
207.0 208.0
206.0 208.0
210.0 208.0
209.0 208.0
206.0 208.0
204.0 208.0
214.0 208.0
202.0 208.0
204.0 208.0
209.0 209.0
204.0 209.0
206.0 209.0
209.0 209.0
207.0 209.0
208.0 209.0
208.0 209.0
220.0 209.0
208.0 209.0
201.0 209.0
212.0 209.0
210.0 209.0
208.0 209.0
209.0 209.0
207.0 209.0
210.0 209.0
211.0 209.0
207.0 209.0
209.0 209.0
207.0 209.0
211.0 209.0
208.0 209.0
205.0 209.0
210.0 209.0
194.0 210.0
208.0 210.0
210.0 210.0
211.0 210.0
210.0 210.0
204.0 210.0
208.0 210.0
208.0 210.0
211.0 210.0
209.0 210.0
201.0 210.0
209.0 210.0
198.0 210.0
207.0 210.0
206.0 210.0
197.0 211.0
202.0 211.0
209.0 211.0
209.0 211.0
208.0 211.0
218.0 211.0
208.0 211.0
212.0 211.0
212.0 211.0
209.0 211.0
206.0 211.0
210.0 211.0
213.0 211.0
214.0 211.0
210.0 211.0
219.0 211.0
207.0 211.0
214.0 211.0
212.0 211.0
206.0 212.0
207.0 212.0
204.0 212.0
214.0 212.0
213.0 212.0
213.0 212.0
212.0 212.0
211.0 212.0
209.0 212.0
212.0 212.0
212.0 212.0
207.0 212.0
213.0 212.0
213.0 212.0
205.0 213.0
212.0 213.0
214.0 213.0
209.0 213.0
226.0 213.0
209.0 213.0
215.0 213.0
213.0 213.0
213.0 213.0
213.0 213.0
213.0 213.0
213.0 213.0
212.0 213.0
212.0 213.0
213.0 213.0
214.0 213.0
217.0 213.0
198.0 213.0
211.0 213.0
215.0 213.0
215.0 214.0
212.0 214.0
209.0 214.0
212.0 214.0
213.0 214.0
215.0 214.0
213.0 214.0
213.0 214.0
217.0 214.0
208.0 214.0
213.0 214.0
214.0 214.0
215.0 215.0
217.0 215.0
215.0 215.0
211.0 215.0
211.0 215.0
216.0 215.0
215.0 215.0
215.0 215.0
215.0 215.0
213.0 215.0
216.0 215.0
214.0 215.0
218.0 215.0
220.0 215.0
213.0 215.0
210.0 215.0
218.0 215.0
208.0 216.0
214.0 216.0
210.0 216.0
215.0 216.0
210.0 216.0
217.0 216.0
193.0 216.0
217.0 216.0
213.0 216.0
216.0 216.0
216.0 216.0
215.0 216.0
219.0 216.0
218.0 217.0
216.0 217.0
217.0 217.0
219.0 217.0
215.0 217.0
217.0 218.0
218.0 218.0
214.0 218.0
220.0 218.0
216.0 218.0
205.0 218.0
220.0 219.0
220.0 219.0
216.0 219.0
220.0 219.0
216.0 219.0
218.0 219.0
218.0 219.0
216.0 220.0
202.0 220.0
220.0 220.0
211.0 220.0
214.0 220.0
216.0 221.0
222.0 221.0
223.0 222.0
218.0 222.0
222.0 222.0
223.0 223.0
223.0 225.0
224.0 225.0
