22.24675409983047 24.06230388417742
82.90075518562894 42.21986602301825
47.66850900474193 48.30378607202541
47.02779240635143 51.98393980714235
62.85916203302341 64.58664950104513
74.20276824859077 69.98409263456857
80.10165051884499 78.23804505260618
100.14401481522805 91.99517907240559
91.15364263001324 92.42599220175502
120.60818136353896 96.33014829030837
98.35694471525545 100.7441880446413
102.60689559539492 103.65675260448887
91.98533234483561 112.84456109199061
116.48050139513296 116.55513181214145
112.78773885920705 121.60841588822191
105.386562162337 123.62395576733442
159.92037576759972 128.45171248697653
129.99513482547493 129.78200698848073
100.95252827369367 130.6874882779933
124.56209640064027 131.50158015517727
138.02682797741286 136.83262844575094
140.82989384029264 141.2288100944882
158.57845265066095 153.86796438988745
155.92843131063424 155.59983825915782
157.867454185548 160.17973494574187
164.64161625085075 163.76795201001428
165.08246684871668 169.83051800792157
177.27693861157059 176.82841561526047
176.20712100105442 177.83034283623965
176.7397530738498 182.21242369171927
189.68086192829588 189.4645450331146
206.4619286923996 206.31665640595403
