149.0 86.0
157.0 91.0
159.0 96.0
170.0 102.0
184.0 109.0
138.0 110.0
162.0 112.0
138.0 113.0
144.0 113.0
193.0 115.0
189.0 115.0
170.0 117.0
138.0 120.0
169.0 121.0
144.0 121.0
124.0 123.0
142.0 124.0
184.0 125.0
120.0 126.0
143.0 126.0
156.0 127.0
169.0 129.0
164.0 130.0
170.0 130.0
181.0 130.0
178.0 130.0
192.0 130.0
155.0 132.0
155.0 132.0
205.0 133.0
138.0 134.0
150.0 134.0
153.0 135.0
140.0 135.0
141.0 135.0
156.0 136.0
163.0 136.0
143.0 136.0
154.0 136.0
146.0 136.0
137.0 137.0
178.0 137.0
180.0 137.0
140.0 137.0
147.0 138.0
148.0 138.0
130.0 139.0
139.0 140.0
145.0 140.0
108.0 140.0
152.0 140.0
142.0 140.0
139.0 141.0
148.0 141.0
148.0 141.0
154.0 141.0
170.0 141.0
159.0 141.0
145.0 141.0
143.0 141.0
154.0 141.0
170.0 142.0
158.0 142.0
186.0 142.0
149.0 142.0
155.0 142.0
139.0 142.0
148.0 143.0
156.0 143.0
147.0 143.0
146.0 143.0
155.0 143.0
158.0 143.0
150.0 143.0
148.0 143.0
135.0 143.0
138.0 143.0
157.0 144.0
144.0 144.0
141.0 144.0
144.0 144.0
146.0 144.0
164.0 144.0
150.0 144.0
144.0 144.0
142.0 144.0
170.0 144.0
149.0 144.0
195.0 144.0
149.0 144.0
149.0 144.0
149.0 144.0
153.0 144.0
160.0 144.0
150.0 144.0
144.0 144.0
150.0 144.0
145.0 145.0
148.0 145.0
144.0 145.0
143.0 145.0
151.0 145.0
172.0 145.0
152.0 145.0
162.0 145.0
156.0 145.0
135.0 145.0
158.0 145.0
143.0 145.0
139.0 145.0
147.0 146.0
147.0 146.0
149.0 146.0
148.0 146.0
148.0 146.0
148.0 146.0
152.0 146.0
151.0 146.0
163.0 146.0
159.0 146.0
169.0 146.0
147.0 146.0
147.0 146.0
151.0 146.0
142.0 146.0
153.0 146.0
152.0 146.0
148.0 146.0
153.0 146.0
154.0 146.0
158.0 146.0
151.0 146.0
145.0 147.0
168.0 147.0
141.0 147.0
153.0 147.0
143.0 147.0
145.0 147.0
143.0 147.0
146.0 147.0
142.0 147.0
152.0 147.0
153.0 147.0
158.0 147.0
164.0 147.0
144.0 147.0
125.0 147.0
157.0 147.0
153.0 147.0
153.0 147.0
144.0 147.0
149.0 147.0
152.0 147.0
148.0 147.0
146.0 147.0
151.0 147.0
149.0 147.0
163.0 148.0
152.0 148.0
145.0 148.0
147.0 148.0
147.0 148.0
149.0 148.0
143.0 148.0
147.0 148.0
151.0 148.0
151.0 148.0
154.0 148.0
144.0 148.0
145.0 148.0
182.0 148.0
161.0 148.0
175.0 148.0
149.0 148.0
157.0 148.0
151.0 148.0
150.0 148.0
154.0 148.0
153.0 148.0
156.0 148.0
153.0 148.0
147.0 148.0
148.0 148.0
155.0 148.0
150.0 148.0
153.0 149.0
142.0 149.0
151.0 149.0
150.0 149.0
144.0 149.0
147.0 149.0
155.0 149.0
154.0 149.0
150.0 149.0
153.0 149.0
156.0 149.0
177.0 149.0
159.0 149.0
144.0 149.0
141.0 149.0
159.0 149.0
149.0 149.0
152.0 149.0
144.0 149.0
156.0 149.0
161.0 149.0
142.0 149.0
153.0 149.0
155.0 150.0
151.0 150.0
146.0 150.0
160.0 150.0
151.0 150.0
156.0 150.0
152.0 150.0
151.0 150.0
153.0 150.0
150.0 150.0
150.0 150.0
159.0 150.0
156.0 150.0
149.0 150.0
153.0 150.0
148.0 150.0
148.0 150.0
155.0 150.0
154.0 150.0
150.0 150.0
153.0 150.0
147.0 150.0
151.0 150.0
152.0 150.0
149.0 150.0
157.0 150.0
151.0 150.0
161.0 150.0
103.0 150.0
185.0 150.0
137.0 150.0
146.0 150.0
149.0 150.0
151.0 150.0
149.0 150.0
149.0 150.0
155.0 150.0
150.0 150.0
167.0 150.0
141.0 150.0
143.0 150.0
147.0 150.0
149.0 150.0
146.0 150.0
153.0 151.0
152.0 151.0
143.0 151.0
151.0 151.0
163.0 151.0
149.0 151.0
157.0 151.0
151.0 151.0
153.0 151.0
151.0 151.0
154.0 151.0
155.0 151.0
148.0 151.0
153.0 151.0
154.0 151.0
152.0 151.0
147.0 151.0
147.0 151.0
153.0 151.0
153.0 151.0
150.0 151.0
159.0 151.0
159.0 151.0
155.0 151.0
159.0 151.0
148.0 151.0
146.0 151.0
156.0 151.0
155.0 151.0
142.0 151.0
181.0 151.0
176.0 151.0
149.0 151.0
155.0 151.0
111.0 151.0
145.0 151.0
142.0 151.0
153.0 151.0
152.0 151.0
158.0 151.0
152.0 151.0
155.0 151.0
161.0 151.0
148.0 151.0
139.0 151.0
149.0 151.0
149.0 151.0
155.0 151.0
147.0 152.0
159.0 152.0
149.0 152.0
153.0 152.0
150.0 152.0
155.0 152.0
153.0 152.0
151.0 152.0
156.0 152.0
156.0 152.0
159.0 152.0
154.0 152.0
154.0 152.0
153.0 152.0
149.0 152.0
154.0 152.0
150.0 152.0
152.0 152.0
156.0 152.0
152.0 152.0
147.0 152.0
154.0 152.0
157.0 152.0
147.0 152.0
132.0 152.0
122.0 152.0
156.0 152.0
162.0 152.0
161.0 152.0
151.0 152.0
157.0 152.0
147.0 152.0
148.0 152.0
156.0 152.0
156.0 152.0
150.0 153.0
157.0 153.0
148.0 153.0
150.0 153.0
149.0 153.0
153.0 153.0
154.0 153.0
157.0 153.0
154.0 153.0
156.0 153.0
156.0 153.0
157.0 153.0
151.0 153.0
156.0 153.0
153.0 153.0
150.0 153.0
155.0 153.0
157.0 153.0
158.0 153.0
153.0 153.0
150.0 153.0
152.0 153.0
155.0 153.0
151.0 153.0
161.0 153.0
154.0 153.0
154.0 153.0
158.0 153.0
158.0 153.0
175.0 153.0
156.0 153.0
176.0 153.0
148.0 153.0
148.0 153.0
149.0 153.0
158.0 153.0
151.0 153.0
156.0 153.0
162.0 153.0
157.0 153.0
148.0 153.0
157.0 153.0
143.0 153.0
150.0 153.0
151.0 153.0
155.0 153.0
155.0 153.0
155.0 153.0
153.0 153.0
158.0 153.0
150.0 153.0
143.0 153.0
155.0 154.0
145.0 154.0
155.0 154.0
150.0 154.0
146.0 154.0
156.0 154.0
151.0 154.0
156.0 154.0
151.0 154.0
151.0 154.0
155.0 154.0
159.0 154.0
157.0 154.0
151.0 154.0
152.0 154.0
154.0 154.0
151.0 154.0
156.0 154.0
153.0 154.0
148.0 154.0
146.0 154.0
156.0 154.0
157.0 154.0
157.0 154.0
159.0 154.0
159.0 154.0
150.0 154.0
155.0 154.0
154.0 154.0
161.0 154.0
154.0 154.0
174.0 154.0
171.0 154.0
159.0 154.0
153.0 154.0
155.0 154.0
152.0 154.0
142.0 154.0
174.0 154.0
186.0 154.0
150.0 154.0
151.0 154.0
147.0 154.0
151.0 154.0
152.0 154.0
148.0 154.0
156.0 154.0
150.0 154.0
141.0 154.0
145.0 154.0
153.0 154.0
155.0 154.0
152.0 155.0
156.0 155.0
147.0 155.0
155.0 155.0
155.0 155.0
149.0 155.0
162.0 155.0
151.0 155.0
153.0 155.0
150.0 155.0
155.0 155.0
155.0 155.0
155.0 155.0
155.0 155.0
152.0 155.0
155.0 155.0
152.0 155.0
159.0 155.0
163.0 155.0
157.0 155.0
157.0 155.0
156.0 155.0
156.0 155.0
158.0 155.0
158.0 155.0
156.0 155.0
156.0 155.0
154.0 155.0
157.0 155.0
154.0 155.0
169.0 155.0
159.0 155.0
147.0 155.0
153.0 155.0
153.0 155.0
150.0 155.0
169.0 155.0
152.0 155.0
155.0 155.0
152.0 155.0
161.0 155.0
156.0 155.0
146.0 155.0
145.0 155.0
158.0 155.0
152.0 155.0
158.0 155.0
156.0 156.0
156.0 156.0
167.0 156.0
136.0 156.0
155.0 156.0
159.0 156.0
155.0 156.0
159.0 156.0
152.0 156.0
153.0 156.0
157.0 156.0
155.0 156.0
154.0 156.0
150.0 156.0
157.0 156.0
156.0 156.0
155.0 156.0
155.0 156.0
154.0 156.0
155.0 156.0
158.0 156.0
158.0 156.0
154.0 156.0
155.0 156.0
157.0 156.0
154.0 156.0
155.0 156.0
157.0 156.0
154.0 156.0
156.0 156.0
154.0 156.0
151.0 156.0
149.0 156.0
159.0 156.0
153.0 156.0
190.0 156.0
140.0 156.0
164.0 156.0
158.0 156.0
149.0 156.0
148.0 156.0
147.0 156.0
149.0 156.0
154.0 156.0
154.0 156.0
154.0 156.0
146.0 156.0
156.0 156.0
157.0 157.0
151.0 157.0
156.0 157.0
157.0 157.0
157.0 157.0
158.0 157.0
156.0 157.0
153.0 157.0
157.0 157.0
155.0 157.0
156.0 157.0
159.0 157.0
151.0 157.0
154.0 157.0
153.0 157.0
159.0 157.0
158.0 157.0
156.0 157.0
159.0 157.0
159.0 157.0
158.0 157.0
169.0 157.0
140.0 157.0
178.0 157.0
152.0 157.0
152.0 157.0
150.0 157.0
157.0 157.0
155.0 157.0
157.0 157.0
154.0 157.0
157.0 157.0
152.0 157.0
156.0 157.0
161.0 157.0
157.0 157.0
152.0 157.0
151.0 157.0
144.0 157.0
156.0 157.0
155.0 158.0
155.0 158.0
154.0 158.0
163.0 158.0
155.0 158.0
162.0 158.0
153.0 158.0
213.0 158.0
157.0 158.0
154.0 158.0
150.0 158.0
156.0 158.0
158.0 158.0
154.0 158.0
159.0 158.0
154.0 158.0
153.0 158.0
156.0 158.0
154.0 158.0
155.0 158.0
158.0 158.0
162.0 158.0
162.0 158.0
158.0 158.0
155.0 158.0
156.0 158.0
160.0 158.0
155.0 158.0
156.0 158.0
153.0 158.0
163.0 158.0
169.0 158.0
182.0 158.0
147.0 158.0
160.0 158.0
163.0 158.0
152.0 158.0
161.0 158.0
155.0 158.0
146.0 158.0
152.0 158.0
152.0 158.0
150.0 158.0
157.0 158.0
153.0 158.0
146.0 158.0
161.0 158.0
157.0 159.0
155.0 159.0
157.0 159.0
154.0 159.0
162.0 159.0
157.0 159.0
156.0 159.0
161.0 159.0
153.0 159.0
162.0 159.0
157.0 159.0
161.0 159.0
157.0 159.0
156.0 159.0
159.0 159.0
146.0 159.0
168.0 159.0
141.0 159.0
158.0 159.0
154.0 159.0
190.0 159.0
165.0 159.0
158.0 159.0
157.0 159.0
161.0 159.0
144.0 159.0
154.0 159.0
153.0 159.0
152.0 159.0
155.0 159.0
150.0 159.0
162.0 159.0
163.0 159.0
159.0 159.0
157.0 159.0
154.0 159.0
152.0 159.0
154.0 159.0
158.0 160.0
160.0 160.0
164.0 160.0
137.0 160.0
164.0 160.0
160.0 160.0
156.0 160.0
163.0 160.0
156.0 160.0
160.0 160.0
159.0 160.0
158.0 160.0
160.0 160.0
158.0 160.0
160.0 160.0
155.0 160.0
156.0 160.0
156.0 160.0
158.0 160.0
161.0 160.0
139.0 160.0
151.0 160.0
161.0 160.0
150.0 160.0
135.0 160.0
162.0 160.0
163.0 160.0
156.0 160.0
158.0 160.0
158.0 160.0
139.0 160.0
166.0 160.0
159.0 160.0
155.0 160.0
161.0 160.0
160.0 161.0
161.0 161.0
162.0 161.0
163.0 161.0
163.0 161.0
143.0 161.0
156.0 161.0
157.0 161.0
158.0 161.0
161.0 161.0
160.0 161.0
159.0 161.0
154.0 161.0
159.0 161.0
140.0 161.0
171.0 161.0
163.0 161.0
151.0 161.0
157.0 161.0
161.0 161.0
155.0 161.0
157.0 161.0
162.0 161.0
168.0 161.0
160.0 162.0
165.0 162.0
164.0 162.0
168.0 162.0
163.0 162.0
148.0 162.0
160.0 162.0
169.0 162.0
160.0 162.0
161.0 162.0
162.0 162.0
161.0 162.0
159.0 162.0
159.0 162.0
155.0 162.0
155.0 162.0
104.0 162.0
170.0 162.0
147.0 162.0
168.0 162.0
157.0 162.0
162.0 162.0
157.0 162.0
105.0 162.0
152.0 162.0
166.0 162.0
159.0 162.0
159.0 162.0
166.0 163.0
166.0 163.0
168.0 163.0
160.0 163.0
178.0 163.0
160.0 163.0
173.0 163.0
165.0 163.0
151.0 163.0
148.0 163.0
160.0 164.0
167.0 164.0
157.0 164.0
152.0 164.0
159.0 164.0
161.0 164.0
171.0 164.0
148.0 164.0
139.0 164.0
164.0 164.0
171.0 164.0
163.0 164.0
149.0 164.0
164.0 165.0
149.0 165.0
171.0 165.0
157.0 165.0
144.0 165.0
163.0 165.0
162.0 165.0
164.0 165.0
171.0 165.0
162.0 165.0
162.0 166.0
164.0 166.0
173.0 166.0
159.0 166.0
155.0 166.0
151.0 166.0
148.0 166.0
162.0 166.0
162.0 166.0
155.0 166.0
162.0 167.0
166.0 167.0
171.0 167.0
167.0 167.0
131.0 167.0
145.0 167.0
148.0 167.0
156.0 167.0
164.0 167.0
162.0 167.0
151.0 167.0
169.0 168.0
168.0 168.0
164.0 168.0
167.0 168.0
174.0 168.0
157.0 168.0
164.0 168.0
164.0 168.0
165.0 168.0
161.0 169.0
170.0 169.0
160.0 169.0
158.0 169.0
161.0 169.0
163.0 170.0
161.0 170.0
161.0 170.0
199.0 170.0
171.0 170.0
174.0 171.0
169.0 171.0
168.0 171.0
157.0 171.0
162.0 171.0
167.0 171.0
157.0 171.0
132.0 171.0
148.0 171.0
182.0 172.0
127.0 172.0
149.0 172.0
141.0 172.0
162.0 172.0
197.0 172.0
160.0 172.0
170.0 172.0
146.0 173.0
174.0 173.0
158.0 174.0
192.0 174.0
181.0 174.0
149.0 174.0
178.0 174.0
133.0 175.0
162.0 175.0
170.0 175.0
170.0 175.0
158.0 175.0
169.0 175.0
166.0 175.0
178.0 176.0
177.0 176.0
174.0 176.0
174.0 176.0
135.0 177.0
184.0 177.0
140.0 177.0
183.0 177.0
153.0 178.0
157.0 178.0
129.0 178.0
162.0 178.0
157.0 179.0
160.0 179.0
154.0 179.0
155.0 179.0
157.0 179.0
174.0 179.0
185.0 180.0
184.0 180.0
169.0 180.0
185.0 180.0
161.0 181.0
181.0 181.0
156.0 182.0
186.0 182.0
214.0 182.0
150.0 183.0
161.0 183.0
182.0 183.0
178.0 183.0
143.0 183.0
168.0 184.0
143.0 184.0
213.0 184.0
156.0 185.0
154.0 185.0
198.0 185.0
171.0 185.0
175.0 185.0
203.0 186.0
174.0 186.0
180.0 186.0
164.0 186.0
176.0 186.0
168.0 186.0
182.0 188.0
178.0 189.0
131.0 189.0
188.0 192.0
142.0 192.0
174.0 193.0
171.0 194.0
115.0 194.0
191.0 202.0
171.0 205.0
165.0 206.0
145.0 206.0
178.0 210.0
197.0 213.0
