148.0 28.0
112.0 46.0
91.0 58.0
88.0 64.0
102.0 67.0
83.0 70.0
140.0 71.0
104.0 82.0
127.0 84.0
95.0 85.0
85.0 86.0
92.0 86.0
88.0 88.0
105.0 89.0
80.0 89.0
134.0 90.0
110.0 90.0
104.0 93.0
133.0 95.0
78.0 95.0
95.0 95.0
92.0 95.0
103.0 97.0
92.0 97.0
88.0 98.0
97.0 99.0
88.0 100.0
93.0 102.0
103.0 102.0
90.0 104.0
101.0 105.0
92.0 105.0
95.0 107.0
98.0 108.0
116.0 109.0
88.0 110.0
106.0 110.0
105.0 111.0
81.0 111.0
50.0 112.0
40.0 112.0
106.0 112.0
105.0 113.0
84.0 115.0
127.0 117.0
120.0 118.0
108.0 118.0
66.0 118.0
124.0 118.0
105.0 119.0
132.0 119.0
96.0 120.0
113.0 121.0
89.0 123.0
86.0 123.0
110.0 124.0
109.0 125.0
107.0 125.0
135.0 126.0
136.0 127.0
87.0 130.0
82.0 130.0
178.0 130.0
113.0 132.0
130.0 133.0
138.0 133.0
126.0 134.0
101.0 134.0
122.0 134.0
115.0 135.0
134.0 136.0
126.0 141.0
53.0 142.0
139.0 142.0
128.0 143.0
148.0 143.0
146.0 144.0
145.0 148.0
153.0 148.0
54.0 149.0
196.0 151.0
44.0 153.0
147.0 153.0
141.0 153.0
148.0 155.0
146.0 156.0
140.0 161.0
69.0 178.0
187.0 182.0
206.0 197.0
124.0 199.0
99.0 207.0
148.0 207.0
179.0 209.0
205.0 211.0
166.0 215.0
