83.0 93.0
178.0 110.0
193.0 110.0
128.0 115.0
200.0 116.0
158.0 131.0
165.0 133.0
140.0 137.0
147.0 137.0
183.0 143.0
142.0 143.0
170.0 147.0
179.0 150.0
136.0 154.0
164.0 154.0
157.0 154.0
119.0 155.0
138.0 155.0
157.0 156.0
196.0 156.0
162.0 156.0
158.0 157.0
172.0 157.0
136.0 157.0
167.0 158.0
166.0 158.0
164.0 158.0
187.0 158.0
157.0 159.0
159.0 159.0
153.0 160.0
171.0 160.0
172.0 160.0
164.0 161.0
162.0 161.0
165.0 161.0
179.0 161.0
157.0 161.0
168.0 161.0
161.0 162.0
176.0 162.0
158.0 162.0
168.0 163.0
168.0 163.0
181.0 163.0
161.0 164.0
166.0 164.0
130.0 164.0
163.0 165.0
167.0 165.0
165.0 165.0
178.0 165.0
159.0 165.0
165.0 165.0
168.0 166.0
166.0 166.0
164.0 166.0
163.0 167.0
169.0 167.0
175.0 167.0
168.0 168.0
172.0 169.0
124.0 169.0
205.0 169.0
173.0 170.0
166.0 170.0
169.0 170.0
171.0 170.0
209.0 170.0
178.0 170.0
166.0 170.0
176.0 171.0
159.0 171.0
175.0 171.0
194.0 171.0
174.0 172.0
164.0 172.0
174.0 172.0
165.0 172.0
174.0 172.0
167.0 172.0
180.0 172.0
183.0 172.0
173.0 173.0
173.0 173.0
167.0 173.0
190.0 173.0
190.0 173.0
165.0 173.0
168.0 173.0
174.0 174.0
202.0 174.0
135.0 174.0
161.0 174.0
189.0 174.0
181.0 174.0
170.0 174.0
172.0 175.0
186.0 175.0
177.0 176.0
176.0 177.0
179.0 177.0
178.0 177.0
147.0 177.0
197.0 177.0
178.0 177.0
195.0 178.0
143.0 178.0
172.0 178.0
191.0 179.0
177.0 180.0
177.0 181.0
175.0 181.0
177.0 181.0
190.0 184.0
183.0 184.0
193.0 184.0
188.0 186.0
185.0 186.0
187.0 186.0
184.0 187.0
194.0 187.0
182.0 187.0
114.0 187.0
200.0 187.0
183.0 187.0
179.0 187.0
198.0 189.0
200.0 189.0
186.0 189.0
172.0 190.0
191.0 190.0
187.0 190.0
187.0 191.0
154.0 192.0
181.0 192.0
178.0 193.0
187.0 194.0
113.0 194.0
179.0 194.0
207.0 195.0
188.0 195.0
196.0 195.0
115.0 196.0
187.0 196.0
192.0 197.0
136.0 198.0
195.0 199.0
166.0 199.0
124.0 200.0
188.0 200.0
213.0 201.0
210.0 201.0
211.0 201.0
191.0 201.0
165.0 202.0
176.0 202.0
192.0 203.0
206.0 204.0
157.0 204.0
199.0 204.0
82.0 205.0
168.0 205.0
204.0 205.0
207.0 205.0
211.0 205.0
215.0 206.0
201.0 207.0
210.0 210.0
159.0 210.0
211.0 211.0
208.0 211.0
213.0 213.0
217.0 214.0
215.0 214.0
212.0 215.0
216.0 215.0
171.0 215.0
215.0 215.0
218.0 216.0
221.0 216.0
225.0 218.0
215.0 218.0
220.0 221.0
222.0 225.0
228.0 226.0
231.0 228.0
