93.0 91.0
182.0 114.0
141.0 129.0
160.0 131.0
160.0 132.0
182.0 132.0
191.0 142.0
159.0 147.0
215.0 148.0
193.0 149.0
169.0 151.0
173.0 152.0
196.0 154.0
161.0 157.0
156.0 157.0
198.0 158.0
172.0 159.0
152.0 160.0
182.0 161.0
146.0 161.0
167.0 164.0
169.0 165.0
177.0 165.0
195.0 165.0
170.0 167.0
168.0 167.0
173.0 167.0
172.0 169.0
184.0 169.0
171.0 170.0
178.0 170.0
165.0 170.0
185.0 171.0
183.0 172.0
159.0 172.0
192.0 172.0
187.0 173.0
170.0 173.0
186.0 173.0
173.0 173.0
187.0 173.0
187.0 173.0
169.0 174.0
148.0 174.0
190.0 174.0
173.0 174.0
193.0 175.0
152.0 175.0
174.0 175.0
197.0 176.0
190.0 176.0
179.0 176.0
187.0 176.0
181.0 176.0
154.0 176.0
174.0 176.0
180.0 176.0
194.0 177.0
180.0 177.0
184.0 177.0
188.0 177.0
184.0 177.0
174.0 177.0
170.0 178.0
197.0 178.0
186.0 178.0
183.0 178.0
187.0 178.0
172.0 178.0
179.0 178.0
184.0 178.0
191.0 179.0
176.0 179.0
186.0 179.0
184.0 179.0
184.0 179.0
177.0 179.0
179.0 180.0
177.0 180.0
188.0 180.0
179.0 180.0
181.0 180.0
186.0 180.0
189.0 180.0
181.0 180.0
187.0 180.0
186.0 180.0
187.0 181.0
173.0 181.0
188.0 181.0
177.0 181.0
182.0 181.0
190.0 181.0
183.0 181.0
160.0 181.0
180.0 181.0
182.0 181.0
186.0 181.0
199.0 182.0
194.0 182.0
153.0 182.0
184.0 182.0
183.0 182.0
177.0 182.0
190.0 182.0
175.0 182.0
186.0 182.0
179.0 182.0
180.0 182.0
187.0 182.0
180.0 182.0
172.0 182.0
182.0 182.0
185.0 182.0
179.0 182.0
165.0 182.0
184.0 182.0
176.0 182.0
208.0 183.0
183.0 183.0
187.0 183.0
188.0 183.0
195.0 183.0
177.0 183.0
182.0 183.0
198.0 183.0
189.0 183.0
188.0 183.0
187.0 183.0
184.0 183.0
187.0 183.0
192.0 183.0
184.0 183.0
174.0 183.0
180.0 184.0
182.0 184.0
177.0 184.0
182.0 184.0
194.0 184.0
185.0 184.0
183.0 184.0
192.0 184.0
162.0 184.0
189.0 184.0
204.0 184.0
195.0 184.0
190.0 184.0
188.0 184.0
188.0 184.0
189.0 184.0
184.0 184.0
185.0 184.0
185.0 184.0
182.0 184.0
183.0 184.0
186.0 184.0
187.0 184.0
184.0 184.0
186.0 184.0
185.0 184.0
185.0 184.0
190.0 184.0
201.0 184.0
187.0 185.0
193.0 185.0
190.0 185.0
183.0 185.0
185.0 185.0
205.0 185.0
188.0 185.0
188.0 185.0
194.0 185.0
189.0 185.0
188.0 185.0
189.0 185.0
184.0 185.0
191.0 185.0
185.0 185.0
184.0 185.0
189.0 185.0
199.0 185.0
194.0 185.0
186.0 185.0
181.0 185.0
198.0 186.0
192.0 186.0
191.0 186.0
202.0 186.0
181.0 186.0
187.0 186.0
183.0 186.0
187.0 186.0
184.0 186.0
182.0 186.0
189.0 186.0
182.0 186.0
190.0 186.0
193.0 186.0
193.0 186.0
191.0 186.0
187.0 186.0
187.0 186.0
187.0 186.0
186.0 186.0
183.0 186.0
187.0 186.0
187.0 186.0
187.0 186.0
189.0 186.0
188.0 186.0
187.0 186.0
190.0 186.0
187.0 186.0
188.0 186.0
186.0 186.0
182.0 186.0
183.0 187.0
188.0 187.0
181.0 187.0
187.0 187.0
181.0 187.0
185.0 187.0
193.0 187.0
191.0 187.0
188.0 187.0
188.0 187.0
185.0 187.0
188.0 187.0
186.0 187.0
186.0 187.0
189.0 187.0
189.0 187.0
184.0 187.0
194.0 187.0
183.0 187.0
186.0 187.0
189.0 187.0
184.0 187.0
188.0 187.0
191.0 187.0
181.0 187.0
186.0 187.0
187.0 187.0
185.0 188.0
179.0 188.0
179.0 188.0
187.0 188.0
190.0 188.0
196.0 188.0
189.0 188.0
180.0 188.0
186.0 188.0
173.0 188.0
188.0 188.0
188.0 188.0
200.0 188.0
188.0 188.0
185.0 188.0
180.0 188.0
186.0 188.0
189.0 188.0
186.0 188.0
190.0 188.0
188.0 188.0
186.0 188.0
186.0 188.0
186.0 188.0
191.0 188.0
186.0 188.0
190.0 188.0
196.0 188.0
187.0 188.0
171.0 188.0
190.0 188.0
188.0 188.0
173.0 189.0
188.0 189.0
198.0 189.0
183.0 189.0
198.0 189.0
189.0 189.0
189.0 189.0
188.0 189.0
195.0 189.0
196.0 189.0
181.0 189.0
198.0 189.0
191.0 189.0
192.0 189.0
181.0 189.0
189.0 189.0
192.0 189.0
189.0 189.0
187.0 189.0
191.0 189.0
190.0 189.0
189.0 189.0
192.0 189.0
192.0 189.0
191.0 189.0
186.0 189.0
191.0 189.0
187.0 189.0
186.0 189.0
193.0 189.0
190.0 189.0
188.0 189.0
191.0 189.0
193.0 189.0
198.0 189.0
190.0 189.0
188.0 189.0
188.0 190.0
196.0 190.0
191.0 190.0
190.0 190.0
194.0 190.0
191.0 190.0
190.0 190.0
185.0 190.0
191.0 190.0
199.0 190.0
193.0 190.0
190.0 190.0
193.0 190.0
193.0 190.0
188.0 190.0
190.0 190.0
190.0 190.0
190.0 190.0
190.0 190.0
193.0 190.0
187.0 190.0
187.0 190.0
187.0 190.0
193.0 190.0
192.0 190.0
193.0 190.0
187.0 190.0
190.0 190.0
188.0 190.0
191.0 190.0
192.0 190.0
189.0 190.0
185.0 190.0
191.0 190.0
190.0 190.0
202.0 190.0
193.0 190.0
188.0 190.0
194.0 191.0
186.0 191.0
183.0 191.0
193.0 191.0
196.0 191.0
191.0 191.0
190.0 191.0
192.0 191.0
190.0 191.0
190.0 191.0
193.0 191.0
196.0 191.0
193.0 191.0
195.0 191.0
200.0 191.0
192.0 191.0
188.0 191.0
191.0 191.0
190.0 191.0
190.0 191.0
193.0 191.0
188.0 191.0
197.0 191.0
191.0 191.0
188.0 191.0
194.0 191.0
191.0 191.0
194.0 191.0
192.0 191.0
190.0 191.0
187.0 191.0
192.0 191.0
191.0 191.0
191.0 191.0
187.0 191.0
191.0 191.0
189.0 191.0
192.0 192.0
192.0 192.0
189.0 192.0
180.0 192.0
186.0 192.0
190.0 192.0
192.0 192.0
192.0 192.0
195.0 192.0
191.0 192.0
200.0 192.0
190.0 192.0
193.0 192.0
192.0 192.0
191.0 192.0
193.0 192.0
194.0 192.0
193.0 192.0
192.0 192.0
188.0 192.0
194.0 192.0
193.0 192.0
193.0 192.0
191.0 192.0
191.0 192.0
196.0 192.0
195.0 192.0
201.0 192.0
200.0 192.0
190.0 192.0
189.0 192.0
190.0 192.0
193.0 192.0
191.0 192.0
199.0 192.0
195.0 193.0
189.0 193.0
188.0 193.0
190.0 193.0
193.0 193.0
187.0 193.0
194.0 193.0
194.0 193.0
189.0 193.0
194.0 193.0
187.0 193.0
194.0 193.0
189.0 193.0
198.0 193.0
193.0 193.0
194.0 193.0
192.0 193.0
195.0 193.0
191.0 193.0
193.0 193.0
193.0 193.0
192.0 193.0
193.0 193.0
190.0 193.0
191.0 193.0
193.0 193.0
194.0 193.0
195.0 193.0
184.0 193.0
183.0 193.0
207.0 193.0
197.0 193.0
193.0 194.0
201.0 194.0
197.0 194.0
196.0 194.0
193.0 194.0
200.0 194.0
197.0 194.0
195.0 194.0
187.0 194.0
189.0 194.0
189.0 194.0
196.0 194.0
194.0 194.0
194.0 194.0
193.0 194.0
192.0 194.0
194.0 194.0
199.0 194.0
192.0 194.0
194.0 194.0
198.0 194.0
186.0 194.0
193.0 194.0
210.0 194.0
194.0 194.0
197.0 194.0
184.0 194.0
190.0 194.0
165.0 194.0
194.0 194.0
194.0 194.0
192.0 195.0
191.0 195.0
193.0 195.0
195.0 195.0
198.0 195.0
197.0 195.0
196.0 195.0
199.0 195.0
195.0 195.0
189.0 195.0
195.0 195.0
193.0 195.0
196.0 195.0
193.0 195.0
192.0 195.0
194.0 195.0
192.0 195.0
145.0 195.0
194.0 195.0
193.0 195.0
195.0 196.0
180.0 196.0
180.0 196.0
200.0 196.0
186.0 196.0
198.0 196.0
204.0 196.0
194.0 196.0
204.0 196.0
197.0 196.0
194.0 196.0
195.0 196.0
195.0 196.0
180.0 196.0
191.0 196.0
186.0 196.0
199.0 196.0
191.0 196.0
191.0 196.0
193.0 196.0
196.0 196.0
199.0 196.0
194.0 196.0
197.0 196.0
195.0 196.0
188.0 196.0
194.0 196.0
197.0 196.0
199.0 196.0
190.0 196.0
205.0 196.0
193.0 196.0
203.0 196.0
190.0 197.0
199.0 197.0
199.0 197.0
196.0 197.0
198.0 197.0
197.0 197.0
185.0 197.0
203.0 197.0
195.0 197.0
196.0 197.0
197.0 197.0
199.0 197.0
196.0 197.0
198.0 197.0
194.0 197.0
189.0 197.0
199.0 197.0
193.0 197.0
198.0 198.0
193.0 198.0
194.0 198.0
199.0 198.0
173.0 198.0
196.0 198.0
194.0 198.0
194.0 198.0
192.0 198.0
198.0 198.0
195.0 198.0
196.0 198.0
198.0 198.0
189.0 198.0
188.0 198.0
198.0 198.0
196.0 199.0
196.0 199.0
198.0 199.0
194.0 199.0
198.0 199.0
192.0 199.0
201.0 199.0
203.0 199.0
193.0 199.0
190.0 199.0
200.0 199.0
210.0 199.0
201.0 199.0
193.0 199.0
204.0 199.0
198.0 199.0
197.0 200.0
194.0 200.0
187.0 200.0
193.0 200.0
192.0 200.0
199.0 200.0
199.0 200.0
197.0 200.0
198.0 200.0
198.0 200.0
205.0 200.0
201.0 200.0
189.0 200.0
189.0 200.0
201.0 200.0
197.0 201.0
146.0 201.0
197.0 201.0
192.0 201.0
205.0 201.0
200.0 201.0
197.0 201.0
160.0 201.0
192.0 202.0
194.0 202.0
200.0 202.0
202.0 202.0
197.0 202.0
201.0 202.0
206.0 203.0
198.0 203.0
199.0 203.0
205.0 203.0
202.0 203.0
202.0 203.0
184.0 203.0
200.0 203.0
202.0 204.0
158.0 204.0
206.0 204.0
204.0 204.0
209.0 204.0
200.0 204.0
196.0 204.0
202.0 204.0
204.0 204.0
202.0 204.0
204.0 204.0
198.0 204.0
207.0 205.0
205.0 205.0
195.0 205.0
194.0 206.0
211.0 206.0
206.0 206.0
204.0 206.0
178.0 206.0
164.0 206.0
209.0 206.0
206.0 206.0
211.0 207.0
203.0 207.0
181.0 207.0
211.0 207.0
206.0 208.0
204.0 209.0
211.0 209.0
180.0 209.0
179.0 210.0
214.0 210.0
211.0 210.0
208.0 210.0
212.0 211.0
188.0 211.0
204.0 211.0
188.0 211.0
202.0 212.0
200.0 213.0
212.0 213.0
205.0 214.0
212.0 214.0
187.0 214.0
216.0 214.0
201.0 215.0
158.0 215.0
219.0 216.0
211.0 216.0
218.0 216.0
198.0 217.0
216.0 219.0
220.0 219.0
226.0 220.0
218.0 221.0
224.0 222.0
