32.0 24.0
73.0 27.0
171.0 28.0
56.0 34.0
36.0 34.0
41.0 36.0
49.0 36.0
46.0 37.0
41.0 38.0
41.0 38.0
60.0 39.0
43.0 39.0
48.0 40.0
33.0 40.0
45.0 40.0
107.0 40.0
22.0 40.0
40.0 41.0
37.0 41.0
56.0 41.0
85.0 41.0
57.0 42.0
43.0 42.0
48.0 42.0
56.0 42.0
28.0 42.0
46.0 43.0
53.0 43.0
44.0 43.0
45.0 43.0
41.0 43.0
33.0 43.0
45.0 44.0
63.0 44.0
51.0 44.0
43.0 44.0
128.0 44.0
34.0 44.0
58.0 44.0
66.0 45.0
55.0 45.0
47.0 45.0
103.0 45.0
54.0 46.0
99.0 46.0
59.0 46.0
75.0 46.0
50.0 46.0
63.0 46.0
45.0 46.0
91.0 46.0
38.0 46.0
39.0 46.0
53.0 47.0
43.0 47.0
60.0 47.0
61.0 47.0
55.0 47.0
52.0 47.0
43.0 47.0
40.0 47.0
75.0 47.0
38.0 47.0
53.0 47.0
48.0 48.0
49.0 48.0
56.0 48.0
51.0 48.0
76.0 48.0
52.0 48.0
61.0 48.0
66.0 49.0
50.0 49.0
84.0 49.0
49.0 49.0
75.0 49.0
61.0 49.0
39.0 49.0
92.0 49.0
50.0 49.0
49.0 50.0
58.0 50.0
40.0 50.0
53.0 50.0
49.0 50.0
46.0 50.0
56.0 50.0
47.0 50.0
52.0 50.0
39.0 50.0
48.0 50.0
45.0 50.0
46.0 50.0
52.0 50.0
47.0 50.0
95.0 50.0
44.0 50.0
50.0 50.0
44.0 51.0
42.0 51.0
57.0 51.0
56.0 51.0
86.0 51.0
39.0 51.0
58.0 51.0
49.0 51.0
56.0 52.0
38.0 52.0
61.0 52.0
46.0 52.0
52.0 52.0
50.0 52.0
54.0 52.0
68.0 52.0
85.0 52.0
101.0 52.0
65.0 52.0
34.0 52.0
45.0 52.0
55.0 52.0
62.0 52.0
58.0 52.0
60.0 52.0
53.0 52.0
55.0 52.0
66.0 53.0
60.0 53.0
51.0 53.0
57.0 53.0
58.0 53.0
57.0 53.0
55.0 53.0
75.0 53.0
50.0 53.0
51.0 54.0
43.0 54.0
67.0 54.0
58.0 54.0
60.0 54.0
64.0 54.0
65.0 54.0
56.0 54.0
67.0 54.0
35.0 54.0
53.0 54.0
63.0 54.0
52.0 55.0
64.0 55.0
61.0 55.0
66.0 55.0
82.0 55.0
59.0 55.0
61.0 55.0
53.0 56.0
61.0 56.0
46.0 56.0
64.0 56.0
41.0 56.0
56.0 56.0
47.0 56.0
47.0 56.0
123.0 56.0
45.0 56.0
49.0 56.0
60.0 56.0
58.0 56.0
69.0 57.0
60.0 57.0
59.0 57.0
51.0 57.0
50.0 57.0
62.0 57.0
61.0 57.0
48.0 57.0
72.0 57.0
56.0 57.0
53.0 57.0
56.0 57.0
61.0 57.0
63.0 57.0
62.0 57.0
62.0 57.0
77.0 58.0
53.0 58.0
62.0 58.0
100.0 58.0
89.0 58.0
60.0 58.0
47.0 58.0
30.0 58.0
62.0 58.0
59.0 58.0
59.0 58.0
58.0 59.0
55.0 59.0
56.0 59.0
44.0 59.0
61.0 59.0
42.0 59.0
125.0 59.0
97.0 59.0
63.0 59.0
65.0 59.0
57.0 59.0
59.0 59.0
55.0 59.0
59.0 59.0
52.0 59.0
70.0 59.0
61.0 60.0
58.0 60.0
49.0 60.0
62.0 60.0
58.0 60.0
62.0 60.0
54.0 60.0
39.0 60.0
57.0 60.0
57.0 60.0
65.0 60.0
64.0 60.0
61.0 60.0
57.0 60.0
57.0 60.0
53.0 60.0
55.0 60.0
64.0 60.0
55.0 61.0
50.0 61.0
66.0 61.0
60.0 61.0
60.0 61.0
53.0 61.0
57.0 61.0
105.0 61.0
42.0 61.0
62.0 61.0
63.0 61.0
65.0 61.0
67.0 61.0
49.0 61.0
55.0 61.0
69.0 61.0
71.0 61.0
49.0 61.0
59.0 62.0
61.0 62.0
81.0 62.0
98.0 62.0
56.0 62.0
81.0 62.0
57.0 62.0
70.0 62.0
57.0 62.0
66.0 62.0
52.0 62.0
63.0 62.0
63.0 62.0
34.0 62.0
67.0 62.0
53.0 62.0
73.0 62.0
67.0 62.0
49.0 62.0
68.0 62.0
67.0 62.0
65.0 62.0
56.0 62.0
62.0 62.0
67.0 62.0
70.0 63.0
58.0 63.0
57.0 63.0
82.0 63.0
78.0 63.0
68.0 63.0
62.0 63.0
62.0 63.0
65.0 63.0
80.0 63.0
68.0 63.0
65.0 63.0
51.0 63.0
66.0 63.0
62.0 63.0
68.0 63.0
58.0 63.0
60.0 63.0
67.0 63.0
65.0 64.0
69.0 64.0
73.0 64.0
48.0 64.0
100.0 64.0
74.0 64.0
61.0 64.0
57.0 64.0
73.0 64.0
58.0 64.0
64.0 64.0
55.0 64.0
73.0 64.0
63.0 64.0
66.0 64.0
66.0 64.0
63.0 64.0
61.0 64.0
65.0 65.0
67.0 65.0
63.0 65.0
51.0 65.0
75.0 65.0
57.0 65.0
71.0 65.0
72.0 65.0
75.0 65.0
56.0 65.0
49.0 65.0
62.0 65.0
58.0 65.0
46.0 65.0
70.0 65.0
64.0 65.0
65.0 65.0
61.0 65.0
59.0 65.0
65.0 66.0
55.0 66.0
67.0 66.0
49.0 66.0
52.0 66.0
78.0 66.0
49.0 66.0
64.0 66.0
63.0 67.0
80.0 67.0
60.0 67.0
52.0 67.0
73.0 67.0
60.0 67.0
77.0 67.0
42.0 67.0
56.0 67.0
57.0 67.0
80.0 67.0
69.0 67.0
68.0 67.0
61.0 67.0
68.0 67.0
50.0 67.0
66.0 67.0
63.0 68.0
52.0 68.0
60.0 68.0
79.0 68.0
49.0 68.0
85.0 68.0
68.0 68.0
109.0 68.0
54.0 68.0
90.0 68.0
70.0 68.0
60.0 68.0
69.0 68.0
66.0 68.0
66.0 68.0
70.0 68.0
66.0 68.0
64.0 68.0
79.0 68.0
63.0 68.0
88.0 69.0
65.0 69.0
74.0 69.0
58.0 69.0
74.0 69.0
68.0 69.0
65.0 69.0
59.0 69.0
103.0 69.0
67.0 69.0
53.0 70.0
74.0 70.0
56.0 70.0
75.0 70.0
61.0 70.0
84.0 70.0
64.0 70.0
68.0 70.0
66.0 70.0
70.0 70.0
61.0 70.0
70.0 70.0
62.0 70.0
89.0 70.0
70.0 71.0
85.0 71.0
95.0 71.0
45.0 71.0
62.0 71.0
72.0 71.0
60.0 71.0
66.0 71.0
58.0 71.0
58.0 71.0
71.0 71.0
70.0 71.0
71.0 71.0
72.0 71.0
67.0 71.0
67.0 72.0
71.0 72.0
77.0 72.0
69.0 72.0
66.0 72.0
72.0 72.0
76.0 73.0
43.0 73.0
96.0 73.0
44.0 73.0
56.0 73.0
72.0 73.0
54.0 73.0
74.0 73.0
66.0 73.0
72.0 73.0
69.0 74.0
45.0 74.0
84.0 74.0
65.0 74.0
50.0 74.0
76.0 74.0
67.0 74.0
71.0 74.0
65.0 74.0
61.0 74.0
62.0 75.0
68.0 75.0
91.0 75.0
55.0 75.0
59.0 75.0
79.0 75.0
67.0 75.0
67.0 75.0
54.0 75.0
85.0 75.0
65.0 75.0
78.0 76.0
64.0 76.0
82.0 76.0
65.0 76.0
49.0 76.0
76.0 76.0
59.0 76.0
75.0 76.0
69.0 76.0
71.0 76.0
84.0 77.0
75.0 77.0
68.0 77.0
73.0 77.0
105.0 78.0
78.0 78.0
25.0 78.0
61.0 78.0
77.0 78.0
64.0 78.0
63.0 78.0
57.0 78.0
75.0 78.0
76.0 78.0
71.0 79.0
64.0 79.0
78.0 79.0
84.0 79.0
71.0 79.0
77.0 79.0
60.0 79.0
76.0 79.0
69.0 80.0
82.0 80.0
65.0 81.0
66.0 81.0
71.0 81.0
54.0 82.0
79.0 82.0
56.0 82.0
64.0 82.0
70.0 82.0
69.0 84.0
63.0 85.0
61.0 85.0
52.0 86.0
70.0 86.0
49.0 86.0
104.0 87.0
75.0 87.0
74.0 87.0
53.0 87.0
86.0 88.0
87.0 88.0
53.0 88.0
21.0 88.0
59.0 90.0
53.0 90.0
109.0 90.0
79.0 91.0
84.0 91.0
71.0 91.0
93.0 92.0
60.0 92.0
61.0 93.0
108.0 94.0
78.0 94.0
87.0 94.0
46.0 96.0
94.0 97.0
88.0 97.0
61.0 98.0
71.0 98.0
53.0 99.0
75.0 99.0
59.0 100.0
73.0 100.0
56.0 100.0
89.0 100.0
66.0 101.0
64.0 101.0
98.0 102.0
67.0 102.0
22.0 102.0
87.0 106.0
60.0 108.0
85.0 111.0
94.0 112.0
39.0 113.0
95.0 116.0
70.0 117.0
60.0 120.0
30.0 127.0
67.0 129.0
41.0 146.0
60.0 153.0
71.0 159.0
