144.0 57.0
163.0 58.0
136.0 61.0
150.0 78.0
168.0 79.0
169.0 79.0
115.0 79.0
169.0 80.0
165.0 82.0
93.0 84.0
142.0 85.0
128.0 85.0
131.0 85.0
176.0 87.0
109.0 88.0
198.0 88.0
146.0 94.0
127.0 94.0
162.0 95.0
128.0 97.0
116.0 98.0
160.0 98.0
109.0 98.0
121.0 98.0
128.0 101.0
122.0 102.0
113.0 102.0
125.0 102.0
92.0 102.0
134.0 102.0
190.0 103.0
142.0 103.0
139.0 104.0
138.0 105.0
132.0 105.0
183.0 106.0
119.0 106.0
139.0 106.0
127.0 106.0
132.0 107.0
122.0 107.0
121.0 107.0
131.0 108.0
137.0 108.0
109.0 108.0
123.0 109.0
117.0 109.0
145.0 109.0
120.0 110.0
146.0 110.0
163.0 110.0
107.0 110.0
119.0 110.0
126.0 111.0
112.0 111.0
108.0 111.0
109.0 111.0
125.0 112.0
199.0 112.0
118.0 112.0
97.0 112.0
133.0 113.0
148.0 113.0
119.0 113.0
119.0 113.0
165.0 113.0
151.0 113.0
151.0 113.0
118.0 113.0
121.0 113.0
127.0 113.0
123.0 114.0
118.0 114.0
182.0 114.0
114.0 114.0
118.0 114.0
126.0 114.0
114.0 115.0
120.0 115.0
121.0 115.0
128.0 116.0
125.0 116.0
116.0 116.0
118.0 116.0
125.0 116.0
80.0 116.0
132.0 116.0
177.0 116.0
117.0 116.0
88.0 116.0
116.0 116.0
123.0 116.0
122.0 116.0
119.0 117.0
122.0 117.0
121.0 117.0
122.0 117.0
147.0 117.0
121.0 117.0
121.0 117.0
142.0 117.0
118.0 117.0
123.0 117.0
125.0 118.0
125.0 118.0
115.0 118.0
140.0 118.0
124.0 118.0
118.0 118.0
124.0 118.0
146.0 118.0
111.0 118.0
118.0 118.0
119.0 118.0
119.0 118.0
121.0 119.0
132.0 119.0
129.0 119.0
140.0 119.0
134.0 119.0
140.0 119.0
111.0 119.0
129.0 119.0
130.0 119.0
116.0 119.0
159.0 119.0
120.0 119.0
113.0 119.0
110.0 119.0
123.0 120.0
138.0 120.0
121.0 120.0
118.0 120.0
121.0 120.0
132.0 120.0
116.0 120.0
138.0 120.0
110.0 120.0
123.0 120.0
120.0 120.0
123.0 121.0
151.0 121.0
135.0 121.0
131.0 121.0
150.0 121.0
133.0 121.0
132.0 121.0
128.0 121.0
126.0 121.0
146.0 121.0
123.0 121.0
124.0 121.0
122.0 121.0
132.0 121.0
139.0 121.0
116.0 121.0
138.0 121.0
121.0 121.0
136.0 121.0
130.0 121.0
130.0 121.0
121.0 121.0
130.0 121.0
134.0 121.0
123.0 122.0
144.0 122.0
130.0 122.0
123.0 122.0
126.0 122.0
118.0 122.0
123.0 122.0
134.0 122.0
122.0 122.0
113.0 122.0
132.0 122.0
141.0 122.0
139.0 122.0
125.0 122.0
126.0 122.0
120.0 122.0
122.0 122.0
183.0 122.0
131.0 122.0
112.0 122.0
129.0 122.0
121.0 122.0
123.0 122.0
131.0 122.0
122.0 123.0
126.0 123.0
131.0 123.0
119.0 123.0
124.0 123.0
132.0 123.0
122.0 123.0
131.0 123.0
118.0 123.0
117.0 123.0
127.0 123.0
125.0 123.0
118.0 123.0
128.0 123.0
170.0 123.0
176.0 123.0
117.0 123.0
166.0 123.0
109.0 123.0
130.0 123.0
128.0 123.0
119.0 123.0
130.0 123.0
134.0 123.0
112.0 123.0
122.0 123.0
126.0 123.0
126.0 123.0
127.0 123.0
128.0 123.0
125.0 124.0
125.0 124.0
124.0 124.0
129.0 124.0
129.0 124.0
129.0 124.0
121.0 124.0
122.0 124.0
128.0 124.0
123.0 124.0
123.0 124.0
130.0 124.0
123.0 124.0
129.0 124.0
138.0 124.0
124.0 124.0
128.0 124.0
138.0 124.0
128.0 124.0
106.0 124.0
142.0 124.0
195.0 124.0
102.0 124.0
141.0 124.0
133.0 124.0
121.0 124.0
129.0 124.0
124.0 124.0
127.0 124.0
123.0 125.0
130.0 125.0
135.0 125.0
127.0 125.0
124.0 125.0
133.0 125.0
119.0 125.0
115.0 125.0
127.0 125.0
124.0 125.0
124.0 125.0
124.0 125.0
121.0 125.0
123.0 125.0
130.0 125.0
125.0 125.0
123.0 125.0
124.0 125.0
124.0 125.0
129.0 125.0
126.0 125.0
130.0 125.0
178.0 125.0
151.0 125.0
133.0 125.0
123.0 125.0
128.0 125.0
123.0 125.0
132.0 125.0
138.0 125.0
118.0 125.0
127.0 125.0
124.0 125.0
147.0 125.0
121.0 125.0
125.0 125.0
121.0 126.0
124.0 126.0
116.0 126.0
125.0 126.0
112.0 126.0
127.0 126.0
130.0 126.0
126.0 126.0
125.0 126.0
126.0 126.0
122.0 126.0
130.0 126.0
138.0 126.0
127.0 126.0
126.0 126.0
129.0 126.0
130.0 126.0
126.0 126.0
121.0 126.0
136.0 126.0
124.0 126.0
127.0 126.0
117.0 126.0
126.0 126.0
133.0 126.0
121.0 126.0
142.0 126.0
132.0 126.0
130.0 126.0
133.0 126.0
161.0 126.0
99.0 126.0
75.0 126.0
128.0 126.0
127.0 126.0
127.0 126.0
108.0 126.0
131.0 126.0
135.0 126.0
118.0 126.0
136.0 126.0
126.0 126.0
115.0 126.0
128.0 127.0
127.0 127.0
126.0 127.0
130.0 127.0
126.0 127.0
124.0 127.0
125.0 127.0
135.0 127.0
130.0 127.0
117.0 127.0
131.0 127.0
127.0 127.0
119.0 127.0
125.0 127.0
125.0 127.0
126.0 127.0
128.0 127.0
122.0 127.0
127.0 127.0
127.0 127.0
130.0 127.0
124.0 127.0
124.0 127.0
123.0 127.0
125.0 127.0
134.0 127.0
134.0 127.0
110.0 127.0
123.0 127.0
143.0 127.0
130.0 127.0
121.0 127.0
133.0 127.0
128.0 127.0
125.0 127.0
123.0 127.0
173.0 127.0
118.0 127.0
125.0 127.0
126.0 127.0
123.0 128.0
128.0 128.0
131.0 128.0
125.0 128.0
129.0 128.0
132.0 128.0
130.0 128.0
130.0 128.0
131.0 128.0
130.0 128.0
126.0 128.0
124.0 128.0
127.0 128.0
128.0 128.0
125.0 128.0
131.0 128.0
119.0 128.0
129.0 128.0
129.0 128.0
125.0 128.0
130.0 128.0
127.0 128.0
131.0 128.0
127.0 128.0
133.0 128.0
124.0 128.0
137.0 128.0
76.0 128.0
156.0 128.0
137.0 128.0
131.0 128.0
122.0 128.0
134.0 128.0
140.0 128.0
191.0 128.0
124.0 128.0
131.0 128.0
123.0 128.0
133.0 129.0
123.0 129.0
127.0 129.0
129.0 129.0
128.0 129.0
124.0 129.0
132.0 129.0
128.0 129.0
134.0 129.0
131.0 129.0
124.0 129.0
132.0 129.0
126.0 129.0
128.0 129.0
122.0 129.0
123.0 129.0
126.0 129.0
131.0 129.0
128.0 129.0
131.0 129.0
134.0 129.0
135.0 129.0
128.0 129.0
133.0 129.0
139.0 129.0
120.0 129.0
147.0 129.0
141.0 129.0
117.0 129.0
134.0 129.0
123.0 129.0
112.0 129.0
120.0 129.0
132.0 129.0
124.0 129.0
121.0 129.0
122.0 130.0
128.0 130.0
128.0 130.0
127.0 130.0
129.0 130.0
133.0 130.0
132.0 130.0
135.0 130.0
133.0 130.0
124.0 130.0
130.0 130.0
122.0 130.0
126.0 130.0
128.0 130.0
131.0 130.0
130.0 130.0
124.0 130.0
132.0 130.0
132.0 130.0
139.0 130.0
131.0 130.0
130.0 130.0
134.0 130.0
135.0 130.0
130.0 130.0
127.0 130.0
130.0 130.0
132.0 130.0
115.0 130.0
112.0 130.0
129.0 130.0
127.0 130.0
112.0 130.0
130.0 130.0
135.0 130.0
128.0 130.0
128.0 130.0
132.0 130.0
132.0 130.0
134.0 130.0
131.0 131.0
128.0 131.0
128.0 131.0
131.0 131.0
131.0 131.0
120.0 131.0
128.0 131.0
130.0 131.0
124.0 131.0
132.0 131.0
131.0 131.0
126.0 131.0
127.0 131.0
130.0 131.0
126.0 131.0
130.0 131.0
131.0 131.0
129.0 131.0
132.0 131.0
131.0 131.0
128.0 131.0
144.0 131.0
128.0 131.0
135.0 131.0
126.0 131.0
83.0 131.0
154.0 131.0
130.0 131.0
128.0 131.0
151.0 131.0
129.0 131.0
129.0 131.0
131.0 131.0
134.0 131.0
98.0 131.0
127.0 131.0
142.0 131.0
135.0 131.0
134.0 131.0
128.0 131.0
121.0 131.0
139.0 132.0
130.0 132.0
124.0 132.0
120.0 132.0
132.0 132.0
132.0 132.0
124.0 132.0
135.0 132.0
129.0 132.0
123.0 132.0
133.0 132.0
134.0 132.0
130.0 132.0
133.0 132.0
134.0 132.0
135.0 132.0
132.0 132.0
126.0 132.0
125.0 132.0
143.0 132.0
129.0 132.0
164.0 132.0
150.0 132.0
117.0 132.0
152.0 132.0
119.0 132.0
127.0 132.0
137.0 132.0
160.0 132.0
142.0 132.0
141.0 132.0
135.0 132.0
137.0 132.0
135.0 132.0
132.0 132.0
120.0 132.0
133.0 133.0
131.0 133.0
134.0 133.0
123.0 133.0
122.0 133.0
136.0 133.0
129.0 133.0
136.0 133.0
132.0 133.0
136.0 133.0
128.0 133.0
130.0 133.0
128.0 133.0
168.0 133.0
135.0 133.0
142.0 133.0
130.0 133.0
132.0 133.0
118.0 133.0
137.0 133.0
148.0 133.0
134.0 133.0
128.0 133.0
129.0 133.0
127.0 133.0
125.0 133.0
130.0 133.0
114.0 133.0
140.0 133.0
139.0 133.0
128.0 133.0
121.0 133.0
134.0 133.0
125.0 133.0
131.0 134.0
154.0 134.0
135.0 134.0
137.0 134.0
132.0 134.0
136.0 134.0
134.0 134.0
128.0 134.0
133.0 134.0
131.0 134.0
138.0 134.0
128.0 134.0
128.0 134.0
136.0 134.0
129.0 134.0
136.0 134.0
144.0 134.0
131.0 134.0
125.0 134.0
131.0 134.0
141.0 134.0
126.0 134.0
130.0 134.0
157.0 135.0
128.0 135.0
129.0 135.0
134.0 135.0
130.0 135.0
127.0 135.0
130.0 135.0
129.0 135.0
130.0 135.0
137.0 135.0
139.0 135.0
141.0 135.0
119.0 135.0
121.0 135.0
130.0 135.0
129.0 135.0
105.0 135.0
120.0 135.0
130.0 135.0
133.0 136.0
133.0 136.0
138.0 136.0
144.0 136.0
133.0 136.0
134.0 136.0
136.0 136.0
131.0 136.0
123.0 136.0
114.0 136.0
187.0 136.0
122.0 136.0
121.0 136.0
128.0 136.0
145.0 136.0
143.0 136.0
116.0 136.0
125.0 136.0
146.0 136.0
113.0 136.0
132.0 136.0
121.0 136.0
140.0 136.0
137.0 136.0
137.0 136.0
137.0 137.0
129.0 137.0
137.0 137.0
138.0 137.0
133.0 137.0
133.0 137.0
127.0 137.0
125.0 137.0
134.0 137.0
140.0 137.0
136.0 137.0
135.0 138.0
148.0 138.0
138.0 138.0
140.0 138.0
143.0 138.0
139.0 138.0
140.0 138.0
114.0 138.0
103.0 138.0
121.0 138.0
142.0 138.0
124.0 138.0
122.0 138.0
135.0 138.0
142.0 138.0
137.0 138.0
138.0 139.0
116.0 139.0
120.0 139.0
136.0 139.0
143.0 139.0
117.0 139.0
144.0 139.0
134.0 139.0
144.0 139.0
132.0 139.0
153.0 139.0
144.0 139.0
135.0 140.0
149.0 140.0
128.0 140.0
121.0 140.0
121.0 140.0
140.0 140.0
134.0 140.0
136.0 141.0
133.0 141.0
108.0 141.0
151.0 141.0
140.0 141.0
139.0 141.0
141.0 141.0
123.0 141.0
169.0 141.0
110.0 142.0
136.0 142.0
140.0 142.0
135.0 142.0
45.0 142.0
109.0 142.0
137.0 142.0
142.0 142.0
139.0 142.0
148.0 143.0
131.0 143.0
128.0 143.0
124.0 143.0
128.0 143.0
126.0 143.0
132.0 143.0
129.0 143.0
139.0 143.0
147.0 143.0
131.0 143.0
131.0 143.0
147.0 144.0
140.0 144.0
141.0 144.0
103.0 144.0
161.0 144.0
134.0 144.0
133.0 144.0
137.0 144.0
138.0 144.0
122.0 144.0
150.0 144.0
140.0 145.0
145.0 145.0
135.0 145.0
127.0 145.0
139.0 145.0
138.0 145.0
142.0 145.0
137.0 145.0
140.0 145.0
141.0 145.0
148.0 146.0
127.0 146.0
148.0 146.0
94.0 146.0
106.0 147.0
148.0 147.0
128.0 147.0
128.0 147.0
137.0 147.0
134.0 147.0
141.0 148.0
138.0 148.0
133.0 148.0
141.0 148.0
131.0 148.0
103.0 148.0
132.0 148.0
141.0 149.0
134.0 149.0
55.0 150.0
135.0 150.0
147.0 150.0
144.0 150.0
147.0 150.0
145.0 150.0
126.0 151.0
74.0 151.0
110.0 151.0
156.0 152.0
154.0 152.0
139.0 152.0
133.0 152.0
84.0 152.0
119.0 152.0
131.0 153.0
145.0 153.0
156.0 153.0
135.0 153.0
145.0 153.0
148.0 155.0
157.0 156.0
168.0 156.0
110.0 157.0
140.0 158.0
140.0 158.0
155.0 158.0
160.0 159.0
119.0 159.0
129.0 159.0
127.0 159.0
142.0 160.0
75.0 160.0
171.0 162.0
142.0 162.0
125.0 163.0
157.0 163.0
90.0 164.0
47.0 165.0
122.0 165.0
131.0 167.0
92.0 167.0
153.0 169.0
128.0 170.0
117.0 172.0
155.0 173.0
133.0 174.0
100.0 174.0
65.0 174.0
120.0 175.0
154.0 176.0
104.0 176.0
112.0 177.0
169.0 179.0
122.0 179.0
97.0 180.0
145.0 182.0
84.0 183.0
178.0 184.0
116.0 184.0
156.0 185.0
176.0 191.0
132.0 192.0
78.0 196.0
