71.0 56.0
67.0 57.0
139.0 57.0
113.0 57.0
92.0 59.0
161.0 60.0
36.0 62.0
111.0 62.0
176.0 62.0
125.0 64.0
143.0 64.0
100.0 65.0
179.0 65.0
143.0 66.0
90.0 66.0
91.0 66.0
80.0 67.0
54.0 67.0
65.0 68.0
81.0 68.0
51.0 69.0
82.0 70.0
79.0 71.0
84.0 71.0
107.0 74.0
110.0 74.0
81.0 75.0
130.0 75.0
130.0 76.0
110.0 76.0
82.0 77.0
84.0 77.0
105.0 78.0
92.0 79.0
89.0 79.0
87.0 80.0
81.0 80.0
77.0 80.0
94.0 80.0
86.0 80.0
77.0 80.0
97.0 80.0
82.0 80.0
113.0 81.0
112.0 81.0
117.0 82.0
98.0 82.0
110.0 82.0
101.0 82.0
84.0 83.0
111.0 83.0
107.0 83.0
93.0 83.0
100.0 83.0
98.0 83.0
82.0 84.0
125.0 84.0
102.0 84.0
118.0 84.0
89.0 84.0
125.0 85.0
93.0 85.0
86.0 85.0
108.0 86.0
124.0 86.0
86.0 86.0
120.0 86.0
103.0 86.0
84.0 86.0
87.0 87.0
86.0 87.0
111.0 87.0
118.0 87.0
84.0 87.0
102.0 87.0
89.0 87.0
89.0 87.0
92.0 87.0
89.0 88.0
92.0 88.0
89.0 88.0
171.0 88.0
102.0 88.0
100.0 88.0
115.0 89.0
93.0 89.0
92.0 89.0
90.0 89.0
94.0 90.0
90.0 90.0
96.0 90.0
88.0 90.0
97.0 91.0
109.0 91.0
87.0 91.0
94.0 91.0
169.0 91.0
101.0 91.0
100.0 91.0
101.0 91.0
101.0 91.0
101.0 91.0
97.0 92.0
96.0 92.0
89.0 92.0
102.0 92.0
101.0 92.0
72.0 92.0
111.0 92.0
176.0 92.0
120.0 92.0
93.0 92.0
106.0 92.0
97.0 92.0
96.0 92.0
88.0 92.0
98.0 93.0
90.0 93.0
98.0 93.0
100.0 93.0
129.0 93.0
95.0 93.0
108.0 93.0
139.0 93.0
122.0 93.0
89.0 93.0
90.0 93.0
90.0 93.0
90.0 93.0
97.0 93.0
95.0 93.0
92.0 93.0
93.0 93.0
93.0 93.0
93.0 93.0
99.0 94.0
95.0 94.0
96.0 94.0
129.0 94.0
109.0 94.0
185.0 94.0
92.0 94.0
128.0 94.0
101.0 94.0
98.0 94.0
93.0 94.0
107.0 94.0
97.0 94.0
95.0 94.0
98.0 94.0
97.0 94.0
102.0 94.0
99.0 94.0
99.0 95.0
96.0 95.0
103.0 95.0
100.0 95.0
95.0 95.0
104.0 95.0
102.0 95.0
95.0 95.0
101.0 95.0
100.0 95.0
107.0 95.0
91.0 95.0
73.0 95.0
99.0 95.0
117.0 95.0
102.0 95.0
97.0 95.0
91.0 95.0
96.0 95.0
92.0 95.0
95.0 95.0
98.0 95.0
98.0 95.0
96.0 95.0
107.0 95.0
91.0 95.0
96.0 95.0
96.0 95.0
88.0 95.0
94.0 96.0
99.0 96.0
99.0 96.0
101.0 96.0
97.0 96.0
102.0 96.0
99.0 96.0
98.0 96.0
109.0 96.0
29.0 96.0
119.0 96.0
104.0 96.0
102.0 96.0
92.0 96.0
89.0 96.0
97.0 96.0
112.0 96.0
95.0 96.0
103.0 96.0
93.0 96.0
113.0 96.0
95.0 96.0
96.0 96.0
99.0 96.0
99.0 96.0
101.0 96.0
99.0 97.0
100.0 97.0
100.0 97.0
102.0 97.0
108.0 97.0
100.0 97.0
102.0 97.0
97.0 97.0
97.0 97.0
102.0 97.0
90.0 97.0
105.0 97.0
93.0 97.0
116.0 97.0
90.0 97.0
104.0 97.0
120.0 97.0
105.0 97.0
96.0 97.0
96.0 97.0
96.0 97.0
104.0 97.0
101.0 97.0
98.0 97.0
97.0 97.0
101.0 97.0
100.0 97.0
91.0 97.0
96.0 97.0
105.0 97.0
97.0 97.0
99.0 97.0
94.0 97.0
99.0 98.0
99.0 98.0
97.0 98.0
92.0 98.0
108.0 98.0
98.0 98.0
100.0 98.0
97.0 98.0
96.0 98.0
98.0 98.0
105.0 98.0
97.0 98.0
100.0 98.0
102.0 98.0
105.0 98.0
114.0 98.0
80.0 98.0
85.0 98.0
101.0 98.0
110.0 98.0
104.0 98.0
107.0 98.0
86.0 98.0
96.0 98.0
98.0 98.0
100.0 98.0
99.0 98.0
99.0 98.0
99.0 98.0
103.0 98.0
102.0 98.0
100.0 98.0
96.0 98.0
93.0 99.0
99.0 99.0
101.0 99.0
101.0 99.0
89.0 99.0
104.0 99.0
104.0 99.0
99.0 99.0
101.0 99.0
99.0 99.0
99.0 99.0
96.0 99.0
96.0 99.0
103.0 99.0
106.0 99.0
98.0 99.0
103.0 99.0
101.0 99.0
108.0 99.0
123.0 99.0
93.0 99.0
98.0 99.0
112.0 99.0
150.0 99.0
87.0 99.0
101.0 99.0
82.0 99.0
92.0 99.0
94.0 99.0
101.0 99.0
97.0 99.0
97.0 99.0
99.0 99.0
93.0 99.0
98.0 99.0
90.0 99.0
107.0 99.0
99.0 99.0
99.0 99.0
96.0 99.0
95.0 99.0
97.0 99.0
96.0 99.0
95.0 99.0
99.0 99.0
95.0 99.0
103.0 99.0
106.0 99.0
98.0 99.0
100.0 99.0
95.0 99.0
98.0 99.0
104.0 99.0
95.0 99.0
83.0 99.0
94.0 99.0
103.0 100.0
106.0 100.0
100.0 100.0
96.0 100.0
101.0 100.0
106.0 100.0
102.0 100.0
99.0 100.0
102.0 100.0
102.0 100.0
103.0 100.0
98.0 100.0
100.0 100.0
98.0 100.0
100.0 100.0
98.0 100.0
96.0 100.0
107.0 100.0
112.0 100.0
109.0 100.0
106.0 100.0
107.0 100.0
97.0 100.0
101.0 100.0
100.0 100.0
102.0 100.0
97.0 100.0
106.0 100.0
102.0 100.0
104.0 100.0
103.0 101.0
103.0 101.0
97.0 101.0
97.0 101.0
100.0 101.0
103.0 101.0
101.0 101.0
102.0 101.0
100.0 101.0
101.0 101.0
94.0 101.0
106.0 101.0
108.0 101.0
73.0 101.0
64.0 101.0
111.0 101.0
109.0 101.0
95.0 101.0
103.0 101.0
95.0 101.0
106.0 101.0
110.0 101.0
96.0 101.0
96.0 101.0
97.0 101.0
101.0 101.0
102.0 101.0
103.0 101.0
106.0 101.0
91.0 101.0
97.0 101.0
113.0 101.0
95.0 101.0
96.0 101.0
94.0 101.0
103.0 101.0
103.0 101.0
95.0 101.0
96.0 101.0
95.0 101.0
98.0 101.0
101.0 101.0
92.0 101.0
100.0 102.0
102.0 102.0
105.0 102.0
95.0 102.0
105.0 102.0
103.0 102.0
92.0 102.0
99.0 102.0
95.0 102.0
109.0 102.0
105.0 102.0
103.0 102.0
108.0 102.0
102.0 102.0
92.0 102.0
109.0 102.0
86.0 102.0
92.0 102.0
89.0 102.0
119.0 102.0
105.0 102.0
113.0 102.0
92.0 102.0
110.0 102.0
101.0 102.0
99.0 102.0
99.0 102.0
101.0 102.0
108.0 103.0
108.0 103.0
107.0 103.0
107.0 103.0
102.0 103.0
103.0 103.0
99.0 103.0
108.0 103.0
104.0 103.0
101.0 103.0
107.0 103.0
103.0 103.0
99.0 103.0
100.0 103.0
103.0 103.0
74.0 103.0
103.0 103.0
103.0 103.0
110.0 103.0
91.0 103.0
136.0 103.0
101.0 103.0
100.0 103.0
103.0 103.0
111.0 103.0
104.0 103.0
103.0 103.0
105.0 103.0
104.0 103.0
101.0 103.0
101.0 103.0
98.0 103.0
133.0 103.0
99.0 103.0
103.0 104.0
99.0 104.0
104.0 104.0
104.0 104.0
103.0 104.0
107.0 104.0
101.0 104.0
102.0 104.0
101.0 104.0
101.0 104.0
101.0 104.0
105.0 104.0
105.0 104.0
106.0 104.0
110.0 104.0
101.0 104.0
102.0 104.0
109.0 104.0
94.0 104.0
105.0 104.0
104.0 104.0
103.0 104.0
108.0 104.0
159.0 104.0
91.0 104.0
99.0 104.0
71.0 104.0
103.0 104.0
128.0 104.0
85.0 104.0
102.0 104.0
113.0 104.0
101.0 104.0
107.0 104.0
102.0 104.0
101.0 104.0
109.0 104.0
103.0 104.0
107.0 105.0
106.0 105.0
102.0 105.0
100.0 105.0
103.0 105.0
97.0 105.0
116.0 105.0
76.0 105.0
100.0 105.0
108.0 105.0
106.0 105.0
101.0 105.0
185.0 105.0
161.0 105.0
127.0 105.0
91.0 105.0
74.0 105.0
100.0 105.0
100.0 105.0
105.0 105.0
102.0 105.0
99.0 105.0
123.0 105.0
100.0 105.0
96.0 105.0
100.0 105.0
83.0 105.0
103.0 105.0
109.0 105.0
106.0 106.0
109.0 106.0
104.0 106.0
104.0 106.0
106.0 106.0
103.0 106.0
128.0 106.0
120.0 106.0
97.0 106.0
107.0 106.0
109.0 106.0
105.0 106.0
110.0 106.0
103.0 106.0
96.0 106.0
107.0 106.0
103.0 107.0
105.0 107.0
101.0 107.0
107.0 107.0
101.0 107.0
103.0 107.0
100.0 107.0
114.0 107.0
115.0 107.0
113.0 107.0
105.0 107.0
150.0 107.0
93.0 107.0
102.0 107.0
112.0 107.0
98.0 107.0
99.0 107.0
102.0 107.0
106.0 107.0
102.0 107.0
86.0 107.0
107.0 107.0
99.0 107.0
116.0 107.0
107.0 108.0
107.0 108.0
112.0 108.0
104.0 108.0
107.0 108.0
120.0 108.0
104.0 108.0
93.0 108.0
107.0 108.0
109.0 108.0
96.0 108.0
101.0 108.0
114.0 108.0
107.0 108.0
109.0 108.0
117.0 108.0
106.0 108.0
113.0 108.0
117.0 108.0
114.0 108.0
120.0 108.0
122.0 108.0
107.0 109.0
105.0 109.0
109.0 109.0
106.0 109.0
104.0 109.0
105.0 109.0
113.0 109.0
53.0 109.0
106.0 109.0
106.0 109.0
97.0 109.0
115.0 109.0
106.0 109.0
116.0 109.0
95.0 109.0
102.0 109.0
112.0 109.0
111.0 109.0
109.0 109.0
100.0 109.0
96.0 109.0
103.0 110.0
104.0 110.0
100.0 110.0
106.0 110.0
105.0 110.0
113.0 110.0
110.0 110.0
107.0 110.0
98.0 110.0
103.0 110.0
123.0 110.0
98.0 110.0
107.0 110.0
112.0 110.0
124.0 111.0
112.0 111.0
108.0 111.0
94.0 111.0
101.0 111.0
109.0 111.0
108.0 111.0
109.0 111.0
124.0 111.0
99.0 111.0
104.0 111.0
103.0 111.0
117.0 111.0
92.0 112.0
110.0 112.0
108.0 112.0
113.0 112.0
116.0 112.0
114.0 112.0
118.0 112.0
114.0 112.0
116.0 112.0
102.0 112.0
99.0 112.0
100.0 112.0
109.0 112.0
121.0 113.0
114.0 113.0
110.0 113.0
144.0 113.0
95.0 113.0
117.0 113.0
104.0 113.0
108.0 113.0
106.0 113.0
105.0 114.0
115.0 114.0
113.0 114.0
118.0 114.0
80.0 114.0
85.0 114.0
104.0 114.0
111.0 114.0
111.0 114.0
109.0 114.0
116.0 115.0
178.0 115.0
63.0 115.0
120.0 115.0
115.0 116.0
106.0 116.0
102.0 116.0
92.0 116.0
122.0 116.0
111.0 116.0
100.0 116.0
107.0 116.0
107.0 117.0
141.0 117.0
131.0 117.0
111.0 117.0
115.0 117.0
109.0 117.0
112.0 117.0
110.0 117.0
128.0 118.0
106.0 118.0
104.0 118.0
141.0 118.0
120.0 118.0
113.0 119.0
120.0 119.0
96.0 119.0
107.0 119.0
105.0 119.0
119.0 119.0
115.0 119.0
121.0 120.0
98.0 120.0
88.0 120.0
111.0 120.0
106.0 120.0
105.0 120.0
84.0 121.0
81.0 121.0
121.0 121.0
121.0 121.0
101.0 121.0
119.0 121.0
117.0 122.0
112.0 122.0
87.0 122.0
102.0 123.0
145.0 123.0
85.0 123.0
111.0 123.0
111.0 123.0
120.0 123.0
143.0 124.0
105.0 124.0
66.0 125.0
81.0 125.0
74.0 125.0
100.0 125.0
114.0 126.0
125.0 126.0
54.0 126.0
81.0 126.0
109.0 126.0
112.0 126.0
120.0 126.0
64.0 127.0
70.0 127.0
92.0 127.0
116.0 127.0
82.0 127.0
163.0 128.0
117.0 128.0
59.0 129.0
118.0 129.0
124.0 130.0
132.0 130.0
125.0 130.0
138.0 133.0
80.0 134.0
93.0 134.0
126.0 134.0
112.0 135.0
151.0 135.0
124.0 136.0
90.0 138.0
143.0 138.0
108.0 139.0
141.0 140.0
85.0 141.0
107.0 141.0
70.0 141.0
94.0 141.0
63.0 142.0
100.0 142.0
98.0 144.0
102.0 144.0
103.0 144.0
125.0 145.0
101.0 145.0
94.0 146.0
103.0 149.0
126.0 149.0
80.0 150.0
93.0 151.0
95.0 152.0
101.0 154.0
126.0 154.0
64.0 155.0
61.0 159.0
70.0 161.0
75.0 161.0
51.0 165.0
82.0 166.0
80.0 170.0
83.0 171.0
102.0 173.0
125.0 174.0
95.0 180.0
85.0 187.0
78.0 188.0
88.0 193.0
