94.0 43.0
166.0 62.0
150.0 70.0
184.0 73.0
119.0 76.0
171.0 77.0
102.0 80.0
95.0 81.0
108.0 81.0
78.0 83.0
88.0 84.0
83.0 85.0
112.0 88.0
122.0 88.0
136.0 88.0
105.0 89.0
95.0 91.0
118.0 94.0
116.0 95.0
121.0 98.0
105.0 99.0
178.0 99.0
120.0 100.0
116.0 100.0
100.0 102.0
99.0 102.0
109.0 103.0
115.0 103.0
161.0 103.0
107.0 104.0
135.0 104.0
121.0 105.0
117.0 106.0
138.0 106.0
112.0 107.0
99.0 107.0
118.0 109.0
122.0 109.0
119.0 109.0
97.0 110.0
126.0 111.0
66.0 111.0
122.0 111.0
102.0 112.0
110.0 112.0
119.0 112.0
119.0 112.0
123.0 114.0
100.0 114.0
116.0 114.0
116.0 115.0
136.0 115.0
111.0 115.0
126.0 115.0
86.0 116.0
141.0 116.0
97.0 117.0
155.0 117.0
120.0 118.0
129.0 118.0
134.0 118.0
123.0 118.0
121.0 119.0
112.0 119.0
117.0 119.0
123.0 120.0
121.0 120.0
103.0 121.0
122.0 121.0
108.0 121.0
126.0 122.0
121.0 122.0
147.0 122.0
118.0 123.0
103.0 123.0
111.0 123.0
122.0 123.0
121.0 124.0
126.0 124.0
115.0 124.0
123.0 124.0
122.0 125.0
125.0 125.0
100.0 126.0
128.0 126.0
92.0 126.0
129.0 126.0
140.0 126.0
132.0 126.0
127.0 126.0
139.0 126.0
112.0 126.0
92.0 126.0
130.0 127.0
148.0 127.0
133.0 127.0
130.0 127.0
130.0 127.0
127.0 127.0
125.0 128.0
112.0 128.0
132.0 128.0
118.0 128.0
140.0 128.0
123.0 129.0
129.0 129.0
124.0 129.0
132.0 129.0
102.0 129.0
128.0 129.0
130.0 130.0
128.0 130.0
128.0 130.0
126.0 131.0
128.0 131.0
135.0 131.0
130.0 131.0
108.0 131.0
79.0 131.0
115.0 131.0
138.0 132.0
127.0 132.0
188.0 132.0
134.0 132.0
139.0 133.0
186.0 133.0
135.0 133.0
125.0 134.0
124.0 134.0
133.0 134.0
127.0 134.0
125.0 134.0
114.0 135.0
138.0 135.0
130.0 135.0
124.0 135.0
119.0 135.0
130.0 136.0
127.0 136.0
184.0 136.0
122.0 136.0
112.0 136.0
131.0 137.0
141.0 137.0
130.0 137.0
112.0 137.0
100.0 138.0
124.0 138.0
134.0 139.0
146.0 139.0
142.0 139.0
140.0 139.0
89.0 139.0
146.0 139.0
145.0 139.0
123.0 140.0
137.0 141.0
142.0 141.0
128.0 141.0
149.0 141.0
155.0 141.0
140.0 142.0
135.0 142.0
97.0 142.0
141.0 142.0
138.0 142.0
150.0 143.0
152.0 143.0
99.0 143.0
149.0 144.0
144.0 145.0
145.0 145.0
145.0 145.0
146.0 146.0
144.0 146.0
144.0 146.0
145.0 146.0
103.0 146.0
103.0 146.0
134.0 146.0
101.0 147.0
123.0 147.0
95.0 147.0
120.0 147.0
136.0 148.0
122.0 148.0
117.0 148.0
129.0 149.0
151.0 149.0
131.0 151.0
170.0 153.0
166.0 153.0
127.0 153.0
127.0 155.0
139.0 156.0
148.0 156.0
138.0 156.0
129.0 157.0
160.0 157.0
139.0 157.0
103.0 157.0
111.0 159.0
149.0 159.0
145.0 160.0
138.0 160.0
115.0 161.0
94.0 161.0
164.0 161.0
164.0 162.0
94.0 162.0
140.0 163.0
134.0 164.0
92.0 164.0
138.0 165.0
133.0 169.0
136.0 169.0
101.0 170.0
159.0 172.0
104.0 172.0
75.0 175.0
164.0 175.0
181.0 177.0
75.0 177.0
128.0 178.0
118.0 178.0
139.0 179.0
123.0 180.0
65.0 180.0
125.0 181.0
129.0 182.0
97.0 182.0
119.0 186.0
60.0 187.0
102.0 190.0
86.0 202.0
