8.0 9.0
10.0 9.0
10.0 10.0
15.0 11.0
18.0 13.0
12.0 14.0
15.0 15.0
13.0 17.0
65.0 19.0
31.0 20.0
32.0 22.0
19.0 23.0
40.0 24.0
16.0 25.0
48.0 25.0
25.0 26.0
24.0 27.0
33.0 29.0
52.0 29.0
45.0 30.0
29.0 31.0
35.0 31.0
27.0 31.0
88.0 32.0
50.0 33.0
30.0 33.0
31.0 34.0
15.0 34.0
33.0 35.0
35.0 36.0
37.0 36.0
36.0 36.0
47.0 37.0
44.0 37.0
29.0 37.0
41.0 37.0
44.0 38.0
33.0 38.0
39.0 39.0
43.0 39.0
34.0 39.0
43.0 39.0
28.0 39.0
16.0 39.0
38.0 40.0
34.0 40.0
63.0 40.0
47.0 41.0
71.0 41.0
30.0 42.0
26.0 42.0
47.0 42.0
43.0 42.0
36.0 42.0
60.0 42.0
51.0 43.0
48.0 44.0
33.0 44.0
43.0 44.0
42.0 44.0
39.0 44.0
87.0 44.0
44.0 45.0
44.0 45.0
44.0 45.0
46.0 45.0
45.0 46.0
56.0 46.0
44.0 46.0
51.0 46.0
36.0 46.0
42.0 46.0
48.0 47.0
39.0 47.0
45.0 48.0
45.0 48.0
29.0 48.0
48.0 49.0
53.0 49.0
48.0 50.0
61.0 50.0
29.0 50.0
49.0 50.0
51.0 51.0
45.0 51.0
47.0 51.0
50.0 51.0
49.0 51.0
42.0 51.0
51.0 52.0
40.0 52.0
41.0 52.0
52.0 52.0
55.0 53.0
34.0 53.0
53.0 53.0
49.0 53.0
63.0 54.0
54.0 54.0
48.0 54.0
39.0 54.0
59.0 55.0
44.0 55.0
50.0 55.0
56.0 56.0
47.0 56.0
65.0 57.0
90.0 59.0
13.0 59.0
45.0 59.0
52.0 60.0
62.0 60.0
54.0 60.0
53.0 60.0
51.0 60.0
62.0 62.0
69.0 62.0
53.0 62.0
57.0 62.0
61.0 63.0
60.0 64.0
58.0 64.0
69.0 64.0
58.0 66.0
55.0 66.0
46.0 66.0
54.0 66.0
49.0 67.0
53.0 67.0
49.0 68.0
67.0 68.0
67.0 69.0
84.0 70.0
46.0 70.0
63.0 71.0
54.0 72.0
72.0 72.0
62.0 73.0
42.0 74.0
70.0 75.0
61.0 75.0
24.0 76.0
72.0 78.0
59.0 79.0
61.0 79.0
58.0 80.0
55.0 80.0
20.0 81.0
85.0 83.0
73.0 84.0
37.0 85.0
71.0 86.0
31.0 87.0
33.0 87.0
61.0 91.0
117.0 91.0
83.0 91.0
62.0 92.0
55.0 93.0
93.0 93.0
87.0 148.0
41.0 150.0
