6.0 0.0
28.0 7.0
66.0 9.0
38.0 10.0
66.0 10.0
40.0 12.0
77.0 13.0
143.0 13.0
103.0 15.0
32.0 16.0
17.0 17.0
41.0 19.0
86.0 19.0
82.0 19.0
26.0 20.0
66.0 20.0
19.0 22.0
80.0 23.0
91.0 24.0
56.0 24.0
47.0 28.0
147.0 28.0
54.0 29.0
180.0 31.0
46.0 32.0
51.0 32.0
98.0 32.0
32.0 34.0
106.0 36.0
44.0 37.0
58.0 37.0
135.0 39.0
48.0 39.0
110.0 44.0
44.0 44.0
117.0 45.0
81.0 45.0
66.0 46.0
99.0 48.0
100.0 49.0
147.0 49.0
139.0 52.0
86.0 52.0
20.0 53.0
53.0 53.0
121.0 56.0
119.0 57.0
88.0 57.0
65.0 59.0
130.0 60.0
154.0 61.0
136.0 63.0
50.0 63.0
80.0 63.0
154.0 65.0
74.0 65.0
87.0 69.0
113.0 70.0
42.0 71.0
111.0 75.0
120.0 78.0
144.0 89.0
86.0 92.0
97.0 94.0
97.0 94.0
142.0 111.0
