35.0 18.0
79.0 25.0
79.0 35.0
88.0 38.0
138.0 46.0
70.0 49.0
55.0 51.0
38.0 51.0
51.0 52.0
79.0 53.0
119.0 53.0
111.0 53.0
77.0 53.0
156.0 54.0
67.0 55.0
160.0 56.0
69.0 56.0
84.0 56.0
64.0 57.0
174.0 57.0
68.0 57.0
104.0 58.0
62.0 58.0
64.0 59.0
85.0 60.0
61.0 61.0
135.0 61.0
57.0 62.0
46.0 62.0
88.0 62.0
153.0 63.0
93.0 63.0
107.0 64.0
52.0 64.0
84.0 64.0
104.0 64.0
93.0 65.0
74.0 66.0
81.0 66.0
63.0 67.0
62.0 67.0
80.0 67.0
83.0 68.0
78.0 68.0
74.0 68.0
61.0 69.0
70.0 69.0
111.0 69.0
78.0 69.0
68.0 70.0
67.0 70.0
53.0 72.0
104.0 72.0
70.0 73.0
63.0 73.0
144.0 74.0
109.0 74.0
54.0 74.0
61.0 74.0
74.0 74.0
68.0 74.0
102.0 75.0
86.0 75.0
89.0 75.0
110.0 75.0
82.0 75.0
84.0 75.0
81.0 75.0
85.0 75.0
90.0 75.0
74.0 75.0
78.0 75.0
76.0 76.0
127.0 76.0
87.0 76.0
70.0 76.0
106.0 76.0
78.0 76.0
82.0 77.0
72.0 77.0
117.0 77.0
80.0 77.0
116.0 77.0
99.0 77.0
88.0 77.0
82.0 77.0
83.0 77.0
76.0 78.0
96.0 78.0
79.0 78.0
81.0 78.0
94.0 78.0
86.0 78.0
131.0 78.0
79.0 78.0
81.0 79.0
86.0 79.0
73.0 79.0
84.0 79.0
73.0 80.0
85.0 80.0
99.0 80.0
73.0 80.0
106.0 80.0
84.0 80.0
94.0 80.0
84.0 80.0
90.0 80.0
105.0 81.0
97.0 81.0
78.0 81.0
49.0 81.0
84.0 81.0
82.0 81.0
87.0 81.0
85.0 81.0
68.0 82.0
82.0 82.0
83.0 82.0
57.0 82.0
86.0 82.0
130.0 82.0
87.0 82.0
89.0 82.0
89.0 82.0
87.0 82.0
90.0 82.0
86.0 82.0
82.0 82.0
80.0 82.0
80.0 83.0
85.0 83.0
66.0 83.0
81.0 83.0
89.0 83.0
87.0 83.0
155.0 83.0
88.0 83.0
73.0 83.0
96.0 83.0
84.0 83.0
80.0 83.0
86.0 83.0
91.0 83.0
87.0 83.0
85.0 83.0
75.0 83.0
86.0 83.0
87.0 84.0
104.0 84.0
100.0 84.0
83.0 84.0
89.0 84.0
89.0 84.0
90.0 84.0
83.0 84.0
89.0 84.0
86.0 84.0
114.0 84.0
91.0 84.0
83.0 84.0
88.0 84.0
88.0 84.0
88.0 84.0
91.0 84.0
91.0 84.0
92.0 84.0
89.0 85.0
88.0 85.0
87.0 85.0
88.0 85.0
87.0 85.0
82.0 85.0
85.0 85.0
97.0 85.0
67.0 85.0
84.0 85.0
97.0 85.0
84.0 85.0
84.0 85.0
85.0 85.0
92.0 85.0
88.0 85.0
97.0 85.0
87.0 85.0
89.0 85.0
88.0 85.0
98.0 86.0
89.0 86.0
83.0 86.0
87.0 86.0
81.0 86.0
85.0 86.0
95.0 86.0
87.0 86.0
87.0 86.0
87.0 86.0
90.0 86.0
90.0 86.0
88.0 86.0
92.0 86.0
73.0 86.0
73.0 86.0
86.0 86.0
92.0 86.0
89.0 86.0
76.0 86.0
86.0 86.0
94.0 86.0
88.0 86.0
81.0 86.0
81.0 86.0
90.0 86.0
90.0 87.0
88.0 87.0
85.0 87.0
86.0 87.0
86.0 87.0
98.0 87.0
84.0 87.0
84.0 87.0
109.0 87.0
104.0 87.0
81.0 87.0
82.0 87.0
84.0 87.0
84.0 87.0
85.0 87.0
91.0 87.0
88.0 87.0
85.0 87.0
79.0 87.0
83.0 87.0
82.0 87.0
93.0 87.0
91.0 87.0
94.0 87.0
83.0 87.0
87.0 87.0
88.0 87.0
82.0 87.0
96.0 87.0
81.0 87.0
83.0 87.0
91.0 87.0
90.0 88.0
88.0 88.0
87.0 88.0
91.0 88.0
104.0 88.0
158.0 88.0
87.0 88.0
103.0 88.0
91.0 88.0
88.0 88.0
83.0 88.0
94.0 88.0
88.0 88.0
92.0 88.0
89.0 88.0
96.0 88.0
93.0 88.0
92.0 88.0
87.0 88.0
85.0 88.0
89.0 88.0
89.0 88.0
89.0 89.0
87.0 89.0
87.0 89.0
90.0 89.0
100.0 89.0
96.0 89.0
91.0 89.0
93.0 89.0
86.0 89.0
74.0 89.0
85.0 89.0
108.0 89.0
125.0 89.0
93.0 89.0
96.0 89.0
88.0 89.0
81.0 89.0
88.0 89.0
88.0 89.0
89.0 89.0
88.0 89.0
90.0 89.0
91.0 89.0
81.0 89.0
89.0 89.0
86.0 89.0
89.0 89.0
98.0 89.0
94.0 89.0
90.0 89.0
85.0 89.0
88.0 89.0
87.0 89.0
101.0 89.0
79.0 89.0
81.0 89.0
85.0 89.0
91.0 89.0
97.0 90.0
89.0 90.0
92.0 90.0
87.0 90.0
84.0 90.0
87.0 90.0
101.0 90.0
124.0 90.0
79.0 90.0
90.0 90.0
89.0 90.0
94.0 90.0
86.0 90.0
87.0 90.0
84.0 90.0
92.0 90.0
86.0 90.0
88.0 90.0
89.0 90.0
82.0 90.0
87.0 90.0
93.0 90.0
92.0 90.0
95.0 90.0
91.0 90.0
90.0 90.0
92.0 90.0
87.0 90.0
89.0 90.0
92.0 90.0
98.0 90.0
83.0 90.0
85.0 90.0
90.0 90.0
87.0 90.0
88.0 90.0
87.0 90.0
91.0 91.0
129.0 91.0
85.0 91.0
87.0 91.0
62.0 91.0
78.0 91.0
83.0 91.0
86.0 91.0
91.0 91.0
92.0 91.0
87.0 91.0
93.0 91.0
94.0 91.0
87.0 91.0
88.0 91.0
95.0 91.0
95.0 91.0
84.0 91.0
98.0 91.0
88.0 91.0
95.0 91.0
87.0 91.0
95.0 91.0
88.0 91.0
86.0 91.0
85.0 91.0
86.0 91.0
85.0 92.0
91.0 92.0
91.0 92.0
88.0 92.0
93.0 92.0
95.0 92.0
97.0 92.0
77.0 92.0
64.0 92.0
100.0 92.0
80.0 92.0
87.0 92.0
120.0 92.0
87.0 92.0
103.0 92.0
88.0 92.0
86.0 92.0
90.0 92.0
90.0 92.0
85.0 92.0
93.0 92.0
84.0 92.0
90.0 92.0
95.0 92.0
88.0 92.0
91.0 92.0
87.0 92.0
97.0 92.0
94.0 92.0
89.0 92.0
94.0 92.0
89.0 92.0
91.0 92.0
102.0 92.0
93.0 92.0
95.0 92.0
99.0 92.0
94.0 92.0
95.0 92.0
100.0 92.0
93.0 92.0
101.0 92.0
79.0 92.0
101.0 92.0
110.0 92.0
94.0 92.0
88.0 92.0
94.0 92.0
90.0 92.0
87.0 92.0
87.0 92.0
87.0 92.0
86.0 92.0
92.0 92.0
92.0 93.0
90.0 93.0
94.0 93.0
89.0 93.0
85.0 93.0
96.0 93.0
108.0 93.0
59.0 93.0
104.0 93.0
100.0 93.0
87.0 93.0
85.0 93.0
73.0 93.0
93.0 93.0
105.0 93.0
98.0 93.0
97.0 93.0
97.0 93.0
87.0 93.0
94.0 93.0
90.0 93.0
85.0 93.0
90.0 93.0
96.0 93.0
95.0 93.0
100.0 93.0
93.0 93.0
89.0 93.0
73.0 93.0
95.0 93.0
84.0 93.0
91.0 93.0
84.0 93.0
91.0 93.0
87.0 94.0
93.0 94.0
91.0 94.0
93.0 94.0
94.0 94.0
95.0 94.0
24.0 94.0
106.0 94.0
87.0 94.0
88.0 94.0
89.0 94.0
90.0 94.0
95.0 94.0
93.0 94.0
88.0 94.0
87.0 94.0
82.0 94.0
103.0 94.0
101.0 94.0
95.0 94.0
94.0 94.0
91.0 94.0
91.0 94.0
93.0 94.0
95.0 94.0
97.0 94.0
90.0 94.0
92.0 94.0
94.0 94.0
90.0 95.0
99.0 95.0
89.0 95.0
87.0 95.0
96.0 95.0
97.0 95.0
96.0 95.0
57.0 95.0
98.0 95.0
93.0 95.0
79.0 95.0
88.0 95.0
85.0 95.0
96.0 95.0
96.0 95.0
91.0 95.0
90.0 95.0
96.0 95.0
94.0 95.0
90.0 95.0
103.0 95.0
91.0 95.0
94.0 95.0
93.0 95.0
94.0 95.0
95.0 95.0
68.0 95.0
89.0 95.0
90.0 95.0
94.0 96.0
94.0 96.0
98.0 96.0
89.0 96.0
128.0 96.0
101.0 96.0
109.0 96.0
85.0 96.0
81.0 96.0
85.0 96.0
90.0 96.0
94.0 96.0
96.0 96.0
83.0 96.0
94.0 96.0
101.0 96.0
87.0 96.0
88.0 96.0
84.0 96.0
95.0 96.0
94.0 96.0
91.0 96.0
89.0 96.0
97.0 96.0
94.0 96.0
96.0 96.0
94.0 96.0
96.0 96.0
98.0 96.0
94.0 96.0
95.0 96.0
94.0 96.0
93.0 96.0
95.0 96.0
95.0 96.0
93.0 96.0
93.0 96.0
96.0 96.0
92.0 96.0
99.0 96.0
94.0 96.0
96.0 96.0
110.0 96.0
92.0 96.0
97.0 96.0
97.0 97.0
101.0 97.0
96.0 97.0
93.0 97.0
97.0 97.0
101.0 97.0
95.0 97.0
98.0 97.0
102.0 97.0
58.0 97.0
66.0 97.0
113.0 97.0
89.0 97.0
102.0 97.0
89.0 97.0
78.0 97.0
83.0 97.0
95.0 97.0
87.0 97.0
92.0 97.0
97.0 97.0
94.0 97.0
91.0 97.0
93.0 97.0
97.0 97.0
96.0 97.0
95.0 97.0
94.0 97.0
94.0 97.0
88.0 97.0
101.0 97.0
107.0 98.0
93.0 98.0
98.0 98.0
98.0 98.0
117.0 98.0
95.0 98.0
91.0 98.0
113.0 98.0
86.0 98.0
99.0 98.0
92.0 98.0
98.0 98.0
96.0 98.0
88.0 98.0
95.0 98.0
91.0 98.0
101.0 98.0
96.0 98.0
96.0 98.0
95.0 98.0
89.0 98.0
96.0 98.0
94.0 98.0
99.0 98.0
93.0 98.0
94.0 98.0
109.0 98.0
93.0 98.0
101.0 98.0
99.0 99.0
93.0 99.0
73.0 99.0
113.0 99.0
101.0 99.0
68.0 99.0
61.0 99.0
79.0 99.0
104.0 99.0
81.0 99.0
99.0 99.0
81.0 99.0
96.0 99.0
93.0 99.0
94.0 99.0
96.0 99.0
96.0 99.0
97.0 99.0
96.0 99.0
92.0 99.0
100.0 100.0
89.0 100.0
92.0 100.0
76.0 100.0
68.0 100.0
65.0 100.0
80.0 100.0
85.0 100.0
96.0 100.0
98.0 100.0
92.0 100.0
98.0 100.0
102.0 100.0
100.0 100.0
108.0 100.0
97.0 101.0
102.0 101.0
101.0 101.0
99.0 101.0
54.0 101.0
96.0 101.0
76.0 101.0
99.0 101.0
97.0 101.0
88.0 101.0
95.0 101.0
100.0 101.0
84.0 101.0
88.0 101.0
104.0 101.0
97.0 101.0
89.0 101.0
81.0 102.0
79.0 102.0
98.0 102.0
101.0 102.0
119.0 102.0
89.0 102.0
101.0 102.0
97.0 102.0
80.0 102.0
92.0 102.0
97.0 102.0
99.0 102.0
95.0 102.0
81.0 102.0
96.0 102.0
106.0 103.0
56.0 103.0
90.0 103.0
109.0 103.0
98.0 103.0
101.0 104.0
91.0 104.0
95.0 104.0
97.0 105.0
87.0 105.0
103.0 105.0
95.0 105.0
110.0 105.0
94.0 105.0
115.0 105.0
115.0 105.0
87.0 105.0
75.0 106.0
94.0 106.0
110.0 106.0
96.0 106.0
62.0 107.0
106.0 107.0
105.0 107.0
120.0 107.0
105.0 107.0
124.0 107.0
106.0 107.0
99.0 107.0
82.0 108.0
109.0 108.0
86.0 108.0
91.0 108.0
105.0 108.0
136.0 108.0
105.0 109.0
93.0 109.0
49.0 109.0
93.0 109.0
98.0 109.0
104.0 110.0
105.0 110.0
122.0 112.0
104.0 112.0
90.0 112.0
120.0 112.0
98.0 112.0
95.0 112.0
91.0 112.0
94.0 113.0
111.0 113.0
91.0 113.0
108.0 113.0
105.0 114.0
87.0 114.0
90.0 114.0
108.0 115.0
100.0 115.0
103.0 116.0
91.0 117.0
121.0 117.0
103.0 117.0
122.0 118.0
93.0 118.0
95.0 118.0
125.0 119.0
106.0 119.0
124.0 120.0
113.0 120.0
97.0 120.0
77.0 121.0
42.0 122.0
92.0 122.0
99.0 123.0
77.0 124.0
105.0 124.0
118.0 125.0
108.0 126.0
129.0 127.0
56.0 128.0
90.0 128.0
74.0 128.0
112.0 131.0
132.0 131.0
49.0 132.0
158.0 132.0
121.0 134.0
102.0 134.0
62.0 135.0
123.0 136.0
92.0 137.0
116.0 138.0
115.0 138.0
102.0 139.0
88.0 140.0
41.0 141.0
89.0 146.0
86.0 151.0
148.0 152.0
107.0 156.0
115.0 156.0
80.0 158.0
79.0 159.0
158.0 162.0
57.0 164.0
95.0 167.0
59.0 182.0
