125.0 24.0
95.0 42.0
122.0 57.0
177.0 57.0
159.0 62.0
207.0 62.0
150.0 64.0
127.0 66.0
151.0 69.0
200.0 71.0
172.0 72.0
95.0 72.0
193.0 74.0
170.0 76.0
195.0 76.0
167.0 78.0
168.0 78.0
91.0 79.0
153.0 81.0
194.0 81.0
170.0 82.0
165.0 84.0
158.0 87.0
103.0 87.0
182.0 87.0
160.0 89.0
149.0 93.0
172.0 95.0
175.0 98.0
189.0 99.0
200.0 101.0
146.0 101.0
172.0 101.0
92.0 101.0
171.0 102.0
109.0 103.0
191.0 103.0
144.0 107.0
175.0 107.0
156.0 108.0
177.0 109.0
117.0 110.0
172.0 111.0
174.0 112.0
168.0 112.0
170.0 112.0
164.0 112.0
193.0 112.0
138.0 113.0
144.0 114.0
137.0 114.0
134.0 114.0
178.0 115.0
199.0 116.0
152.0 116.0
187.0 116.0
176.0 116.0
147.0 117.0
123.0 118.0
200.0 118.0
172.0 118.0
139.0 119.0
193.0 119.0
128.0 119.0
83.0 122.0
169.0 123.0
116.0 124.0
184.0 124.0
103.0 125.0
142.0 125.0
118.0 126.0
196.0 126.0
131.0 126.0
179.0 127.0
167.0 127.0
180.0 128.0
183.0 129.0
114.0 130.0
139.0 133.0
183.0 134.0
157.0 134.0
180.0 134.0
156.0 134.0
169.0 135.0
170.0 135.0
168.0 135.0
171.0 136.0
180.0 136.0
151.0 137.0
150.0 137.0
153.0 137.0
184.0 138.0
101.0 138.0
146.0 139.0
173.0 139.0
164.0 139.0
158.0 139.0
170.0 139.0
188.0 140.0
140.0 143.0
145.0 144.0
164.0 144.0
162.0 145.0
150.0 145.0
163.0 145.0
126.0 146.0
187.0 146.0
144.0 146.0
131.0 148.0
155.0 148.0
162.0 149.0
170.0 151.0
165.0 151.0
141.0 151.0
158.0 151.0
178.0 153.0
170.0 154.0
153.0 155.0
141.0 155.0
194.0 156.0
152.0 156.0
153.0 156.0
149.0 157.0
162.0 157.0
155.0 158.0
178.0 158.0
163.0 159.0
161.0 159.0
197.0 160.0
182.0 163.0
177.0 163.0
164.0 166.0
145.0 166.0
151.0 167.0
159.0 168.0
172.0 170.0
164.0 171.0
120.0 171.0
173.0 172.0
152.0 172.0
194.0 173.0
89.0 175.0
181.0 176.0
182.0 177.0
188.0 182.0
140.0 183.0
226.0 187.0
193.0 188.0
191.0 197.0
199.0 197.0
200.0 201.0
211.0 204.0
184.0 204.0
204.0 206.0
179.0 210.0
139.0 212.0
