161.0 90.0
178.0 97.0
151.0 98.0
151.0 116.0
178.0 118.0
169.0 119.0
183.0 119.0
162.0 121.0
152.0 122.0
162.0 122.0
204.0 122.0
137.0 124.0
184.0 125.0
158.0 126.0
187.0 128.0
108.0 128.0
172.0 128.0
175.0 128.0
164.0 129.0
174.0 129.0
177.0 130.0
141.0 130.0
154.0 131.0
168.0 135.0
169.0 136.0
144.0 137.0
202.0 138.0
140.0 138.0
148.0 139.0
150.0 139.0
161.0 139.0
193.0 140.0
160.0 141.0
202.0 141.0
180.0 142.0
171.0 142.0
168.0 142.0
161.0 142.0
170.0 142.0
150.0 143.0
154.0 143.0
114.0 143.0
178.0 144.0
157.0 144.0
171.0 144.0
174.0 144.0
150.0 145.0
187.0 145.0
152.0 145.0
160.0 145.0
150.0 146.0
149.0 146.0
149.0 146.0
181.0 146.0
155.0 146.0
155.0 146.0
155.0 146.0
160.0 146.0
149.0 147.0
157.0 147.0
174.0 147.0
155.0 147.0
139.0 147.0
180.0 147.0
151.0 148.0
152.0 148.0
148.0 148.0
152.0 148.0
124.0 148.0
137.0 148.0
153.0 148.0
151.0 149.0
157.0 149.0
171.0 149.0
179.0 149.0
148.0 149.0
157.0 149.0
146.0 149.0
149.0 150.0
146.0 150.0
147.0 150.0
174.0 150.0
153.0 150.0
170.0 150.0
147.0 151.0
138.0 151.0
180.0 151.0
163.0 151.0
156.0 151.0
153.0 151.0
152.0 151.0
152.0 152.0
154.0 152.0
154.0 152.0
147.0 152.0
150.0 152.0
150.0 152.0
169.0 152.0
161.0 152.0
156.0 153.0
155.0 153.0
149.0 153.0
155.0 153.0
150.0 153.0
151.0 153.0
169.0 153.0
166.0 153.0
160.0 153.0
160.0 153.0
163.0 153.0
159.0 153.0
161.0 153.0
155.0 154.0
152.0 154.0
155.0 154.0
155.0 154.0
156.0 154.0
164.0 154.0
170.0 154.0
154.0 154.0
184.0 154.0
182.0 154.0
154.0 154.0
171.0 154.0
166.0 154.0
158.0 154.0
155.0 155.0
158.0 155.0
161.0 155.0
168.0 155.0
176.0 155.0
163.0 155.0
174.0 155.0
148.0 155.0
166.0 155.0
154.0 155.0
165.0 155.0
151.0 155.0
166.0 156.0
154.0 156.0
155.0 156.0
155.0 156.0
156.0 156.0
163.0 156.0
159.0 156.0
162.0 156.0
165.0 156.0
162.0 156.0
81.0 156.0
172.0 156.0
160.0 156.0
155.0 156.0
159.0 156.0
159.0 156.0
176.0 156.0
159.0 156.0
162.0 156.0
159.0 156.0
157.0 156.0
156.0 156.0
171.0 157.0
166.0 157.0
159.0 157.0
153.0 157.0
156.0 157.0
152.0 157.0
160.0 157.0
158.0 157.0
152.0 157.0
162.0 157.0
160.0 157.0
172.0 157.0
149.0 157.0
158.0 157.0
180.0 157.0
136.0 157.0
176.0 157.0
143.0 157.0
164.0 157.0
158.0 157.0
161.0 157.0
165.0 157.0
156.0 157.0
171.0 157.0
155.0 157.0
156.0 157.0
156.0 157.0
153.0 157.0
164.0 157.0
153.0 158.0
167.0 158.0
171.0 158.0
164.0 158.0
172.0 158.0
151.0 158.0
165.0 158.0
150.0 158.0
166.0 158.0
171.0 158.0
157.0 158.0
158.0 158.0
159.0 158.0
152.0 158.0
160.0 158.0
156.0 158.0
158.0 158.0
161.0 159.0
155.0 159.0
160.0 159.0
160.0 159.0
165.0 159.0
161.0 159.0
165.0 159.0
162.0 159.0
182.0 159.0
162.0 159.0
169.0 159.0
151.0 159.0
179.0 159.0
178.0 159.0
164.0 159.0
158.0 159.0
159.0 159.0
170.0 159.0
160.0 159.0
167.0 159.0
168.0 159.0
158.0 159.0
154.0 159.0
170.0 159.0
166.0 159.0
159.0 159.0
166.0 159.0
160.0 160.0
168.0 160.0
166.0 160.0
170.0 160.0
162.0 160.0
177.0 160.0
157.0 160.0
158.0 160.0
154.0 160.0
159.0 160.0
158.0 160.0
162.0 160.0
166.0 160.0
164.0 160.0
187.0 160.0
180.0 160.0
150.0 160.0
156.0 160.0
167.0 160.0
166.0 160.0
157.0 160.0
160.0 160.0
156.0 160.0
161.0 160.0
152.0 160.0
165.0 160.0
161.0 160.0
156.0 160.0
158.0 160.0
162.0 160.0
152.0 160.0
162.0 161.0
150.0 161.0
161.0 161.0
164.0 161.0
163.0 161.0
160.0 161.0
159.0 161.0
158.0 161.0
164.0 161.0
163.0 161.0
148.0 161.0
160.0 161.0
161.0 161.0
161.0 161.0
158.0 161.0
159.0 161.0
157.0 161.0
160.0 161.0
165.0 161.0
167.0 161.0
160.0 161.0
160.0 161.0
157.0 161.0
175.0 161.0
161.0 161.0
160.0 161.0
158.0 161.0
153.0 161.0
158.0 161.0
162.0 162.0
158.0 162.0
162.0 162.0
156.0 162.0
165.0 162.0
159.0 162.0
164.0 162.0
163.0 162.0
168.0 162.0
162.0 162.0
163.0 162.0
164.0 162.0
164.0 162.0
160.0 162.0
163.0 162.0
163.0 162.0
132.0 162.0
158.0 162.0
168.0 162.0
166.0 162.0
179.0 162.0
159.0 162.0
163.0 162.0
183.0 162.0
155.0 162.0
167.0 162.0
164.0 162.0
159.0 162.0
160.0 162.0
158.0 162.0
153.0 162.0
159.0 162.0
164.0 162.0
155.0 162.0
167.0 162.0
182.0 163.0
170.0 163.0
168.0 163.0
159.0 163.0
166.0 163.0
159.0 163.0
164.0 163.0
163.0 163.0
164.0 163.0
161.0 163.0
174.0 163.0
189.0 163.0
181.0 163.0
136.0 163.0
159.0 163.0
162.0 163.0
158.0 163.0
165.0 163.0
162.0 163.0
165.0 163.0
159.0 163.0
168.0 163.0
162.0 163.0
167.0 163.0
167.0 163.0
165.0 163.0
156.0 163.0
171.0 163.0
161.0 163.0
162.0 163.0
165.0 163.0
172.0 163.0
153.0 163.0
166.0 163.0
166.0 164.0
166.0 164.0
172.0 164.0
166.0 164.0
163.0 164.0
161.0 164.0
165.0 164.0
166.0 164.0
164.0 164.0
168.0 164.0
162.0 164.0
160.0 164.0
169.0 164.0
153.0 164.0
178.0 164.0
147.0 164.0
164.0 164.0
175.0 164.0
163.0 164.0
171.0 164.0
156.0 164.0
165.0 164.0
160.0 164.0
166.0 164.0
170.0 164.0
171.0 164.0
161.0 164.0
186.0 164.0
160.0 164.0
165.0 164.0
166.0 164.0
166.0 165.0
168.0 165.0
168.0 165.0
171.0 165.0
165.0 165.0
166.0 165.0
165.0 165.0
145.0 165.0
169.0 165.0
167.0 165.0
163.0 165.0
156.0 165.0
167.0 165.0
166.0 165.0
176.0 165.0
178.0 165.0
163.0 165.0
174.0 165.0
173.0 165.0
168.0 165.0
162.0 165.0
166.0 165.0
168.0 165.0
170.0 165.0
164.0 165.0
166.0 165.0
162.0 165.0
160.0 165.0
164.0 165.0
165.0 165.0
163.0 165.0
166.0 165.0
170.0 165.0
170.0 165.0
165.0 165.0
168.0 165.0
167.0 165.0
167.0 165.0
158.0 165.0
163.0 165.0
178.0 165.0
160.0 165.0
170.0 166.0
164.0 166.0
167.0 166.0
173.0 166.0
167.0 166.0
160.0 166.0
183.0 166.0
158.0 166.0
164.0 166.0
159.0 166.0
144.0 166.0
171.0 166.0
159.0 166.0
172.0 166.0
167.0 166.0
167.0 166.0
161.0 166.0
164.0 166.0
167.0 166.0
161.0 166.0
161.0 166.0
165.0 166.0
170.0 166.0
156.0 166.0
182.0 166.0
179.0 166.0
166.0 166.0
166.0 166.0
165.0 166.0
160.0 166.0
172.0 166.0
169.0 167.0
165.0 167.0
160.0 167.0
165.0 167.0
169.0 167.0
170.0 167.0
163.0 167.0
164.0 167.0
167.0 167.0
163.0 167.0
177.0 167.0
172.0 167.0
163.0 167.0
110.0 167.0
169.0 167.0
164.0 167.0
166.0 167.0
174.0 167.0
164.0 167.0
164.0 167.0
164.0 167.0
168.0 167.0
165.0 167.0
169.0 167.0
166.0 167.0
167.0 167.0
169.0 167.0
165.0 168.0
165.0 168.0
163.0 168.0
166.0 168.0
168.0 168.0
166.0 168.0
160.0 168.0
178.0 168.0
182.0 168.0
165.0 168.0
155.0 168.0
169.0 168.0
173.0 168.0
166.0 168.0
167.0 168.0
165.0 168.0
165.0 168.0
164.0 168.0
175.0 168.0
159.0 168.0
165.0 168.0
165.0 168.0
169.0 168.0
170.0 168.0
166.0 168.0
173.0 169.0
167.0 169.0
168.0 169.0
170.0 169.0
172.0 169.0
168.0 169.0
162.0 169.0
180.0 169.0
156.0 169.0
165.0 169.0
176.0 169.0
177.0 169.0
118.0 169.0
158.0 169.0
166.0 169.0
167.0 169.0
173.0 169.0
172.0 169.0
169.0 169.0
161.0 169.0
171.0 169.0
163.0 169.0
172.0 169.0
174.0 169.0
166.0 169.0
172.0 170.0
167.0 170.0
163.0 170.0
169.0 170.0
168.0 170.0
173.0 170.0
175.0 170.0
188.0 170.0
169.0 170.0
171.0 170.0
166.0 170.0
168.0 170.0
168.0 170.0
163.0 170.0
166.0 170.0
167.0 170.0
181.0 170.0
166.0 170.0
168.0 170.0
177.0 171.0
163.0 171.0
155.0 171.0
112.0 171.0
172.0 171.0
165.0 171.0
153.0 171.0
173.0 171.0
168.0 171.0
161.0 171.0
173.0 171.0
168.0 171.0
172.0 171.0
165.0 171.0
179.0 171.0
168.0 171.0
170.0 171.0
167.0 171.0
172.0 172.0
169.0 172.0
176.0 172.0
168.0 172.0
163.0 172.0
185.0 172.0
159.0 172.0
185.0 172.0
155.0 172.0
176.0 172.0
189.0 172.0
165.0 172.0
169.0 172.0
176.0 172.0
170.0 172.0
169.0 172.0
168.0 172.0
172.0 173.0
171.0 173.0
177.0 173.0
178.0 173.0
179.0 173.0
170.0 173.0
173.0 173.0
166.0 173.0
186.0 173.0
186.0 173.0
143.0 173.0
156.0 173.0
189.0 173.0
177.0 173.0
180.0 173.0
173.0 173.0
175.0 174.0
159.0 174.0
172.0 174.0
164.0 174.0
175.0 174.0
173.0 174.0
168.0 174.0
164.0 174.0
168.0 174.0
167.0 174.0
175.0 174.0
185.0 174.0
171.0 175.0
172.0 175.0
175.0 175.0
171.0 175.0
163.0 175.0
160.0 175.0
175.0 175.0
153.0 175.0
180.0 175.0
182.0 175.0
162.0 175.0
170.0 175.0
171.0 175.0
171.0 175.0
174.0 175.0
174.0 175.0
172.0 176.0
187.0 176.0
176.0 176.0
166.0 176.0
193.0 176.0
170.0 176.0
136.0 176.0
181.0 176.0
164.0 176.0
173.0 176.0
170.0 176.0
144.0 177.0
181.0 177.0
145.0 177.0
185.0 177.0
179.0 177.0
173.0 177.0
174.0 177.0
167.0 177.0
169.0 177.0
177.0 177.0
150.0 178.0
172.0 178.0
184.0 178.0
185.0 178.0
173.0 178.0
173.0 178.0
172.0 178.0
170.0 178.0
180.0 179.0
182.0 179.0
166.0 179.0
180.0 179.0
186.0 180.0
176.0 180.0
162.0 180.0
169.0 180.0
175.0 181.0
168.0 181.0
135.0 181.0
175.0 181.0
155.0 181.0
164.0 181.0
181.0 181.0
173.0 181.0
166.0 182.0
164.0 182.0
172.0 182.0
168.0 182.0
171.0 182.0
181.0 183.0
174.0 183.0
158.0 183.0
155.0 183.0
173.0 183.0
177.0 183.0
181.0 183.0
179.0 183.0
171.0 184.0
102.0 184.0
162.0 184.0
212.0 184.0
176.0 185.0
176.0 185.0
176.0 185.0
181.0 185.0
184.0 185.0
175.0 186.0
162.0 186.0
177.0 186.0
193.0 186.0
108.0 187.0
159.0 187.0
152.0 187.0
184.0 188.0
142.0 188.0
174.0 188.0
189.0 189.0
171.0 189.0
195.0 190.0
131.0 190.0
180.0 190.0
181.0 191.0
168.0 191.0
191.0 191.0
195.0 193.0
110.0 194.0
181.0 194.0
193.0 194.0
182.0 194.0
196.0 194.0
192.0 194.0
181.0 195.0
199.0 196.0
198.0 198.0
182.0 198.0
143.0 200.0
143.0 201.0
191.0 201.0
128.0 204.0
123.0 204.0
174.0 204.0
164.0 207.0
205.0 208.0
143.0 214.0
152.0 216.0
