54.0 48.0
107.0 58.0
130.0 59.0
118.0 64.0
48.0 64.0
108.0 66.0
126.0 68.0
120.0 68.0
145.0 71.0
42.0 72.0
192.0 73.0
97.0 74.0
87.0 74.0
80.0 75.0
78.0 77.0
124.0 78.0
143.0 79.0
132.0 80.0
129.0 80.0
73.0 80.0
123.0 80.0
101.0 83.0
83.0 85.0
130.0 85.0
57.0 85.0
171.0 87.0
82.0 88.0
108.0 88.0
103.0 89.0
84.0 90.0
183.0 91.0
97.0 91.0
102.0 93.0
112.0 93.0
105.0 94.0
122.0 94.0
102.0 94.0
125.0 95.0
106.0 95.0
100.0 95.0
85.0 96.0
84.0 96.0
83.0 96.0
95.0 97.0
96.0 98.0
85.0 99.0
84.0 100.0
152.0 100.0
80.0 100.0
89.0 100.0
60.0 100.0
112.0 100.0
106.0 100.0
156.0 101.0
86.0 101.0
98.0 101.0
106.0 101.0
102.0 102.0
102.0 103.0
121.0 103.0
180.0 104.0
107.0 104.0
124.0 104.0
123.0 104.0
102.0 104.0
117.0 105.0
44.0 105.0
106.0 106.0
93.0 107.0
104.0 107.0
50.0 108.0
135.0 111.0
86.0 111.0
55.0 111.0
68.0 111.0
94.0 113.0
112.0 113.0
60.0 113.0
110.0 115.0
86.0 115.0
199.0 115.0
85.0 115.0
120.0 116.0
132.0 117.0
39.0 117.0
38.0 118.0
176.0 118.0
109.0 118.0
117.0 119.0
52.0 121.0
134.0 121.0
83.0 121.0
114.0 121.0
124.0 121.0
53.0 123.0
75.0 123.0
71.0 123.0
107.0 123.0
88.0 124.0
111.0 124.0
138.0 125.0
188.0 126.0
111.0 127.0
111.0 127.0
120.0 127.0
83.0 127.0
134.0 127.0
157.0 127.0
117.0 127.0
121.0 127.0
102.0 128.0
114.0 128.0
110.0 130.0
111.0 130.0
115.0 131.0
120.0 131.0
152.0 131.0
60.0 132.0
53.0 132.0
110.0 132.0
128.0 132.0
16.0 132.0
100.0 133.0
90.0 135.0
119.0 135.0
120.0 136.0
136.0 136.0
114.0 136.0
100.0 137.0
110.0 137.0
104.0 138.0
37.0 138.0
113.0 138.0
125.0 139.0
124.0 139.0
104.0 140.0
129.0 142.0
116.0 143.0
101.0 144.0
153.0 144.0
90.0 145.0
101.0 145.0
110.0 146.0
91.0 147.0
143.0 147.0
138.0 148.0
82.0 148.0
88.0 148.0
118.0 149.0
95.0 149.0
71.0 149.0
149.0 149.0
112.0 150.0
71.0 151.0
85.0 151.0
137.0 152.0
104.0 152.0
159.0 153.0
80.0 153.0
136.0 153.0
131.0 154.0
133.0 155.0
88.0 156.0
84.0 158.0
136.0 159.0
137.0 160.0
65.0 160.0
58.0 160.0
169.0 161.0
120.0 162.0
135.0 163.0
154.0 164.0
111.0 164.0
68.0 166.0
111.0 166.0
72.0 166.0
110.0 166.0
123.0 170.0
107.0 170.0
180.0 173.0
99.0 174.0
87.0 175.0
89.0 175.0
84.0 178.0
99.0 178.0
57.0 179.0
166.0 179.0
64.0 181.0
91.0 183.0
122.0 187.0
61.0 190.0
76.0 191.0
105.0 193.0
54.0 193.0
123.0 203.0
