24.0 20.0
27.0 23.0
21.0 23.0
32.0 23.0
27.0 24.0
30.0 24.0
42.0 24.0
28.0 27.0
40.0 28.0
46.0 28.0
27.0 29.0
29.0 29.0
63.0 30.0
31.0 31.0
54.0 32.0
31.0 32.0
27.0 33.0
85.0 33.0
33.0 34.0
51.0 34.0
37.0 34.0
47.0 35.0
36.0 35.0
37.0 35.0
33.0 35.0
64.0 35.0
57.0 36.0
43.0 36.0
32.0 36.0
21.0 36.0
31.0 36.0
36.0 36.0
54.0 37.0
38.0 37.0
32.0 37.0
47.0 38.0
28.0 38.0
41.0 38.0
51.0 38.0
46.0 38.0
48.0 38.0
62.0 38.0
38.0 39.0
42.0 39.0
37.0 39.0
36.0 39.0
70.0 39.0
27.0 39.0
50.0 39.0
71.0 39.0
53.0 40.0
62.0 40.0
60.0 40.0
37.0 40.0
61.0 41.0
51.0 41.0
42.0 41.0
60.0 41.0
49.0 42.0
38.0 42.0
56.0 42.0
33.0 43.0
43.0 43.0
57.0 43.0
38.0 43.0
33.0 43.0
38.0 43.0
65.0 44.0
50.0 44.0
34.0 44.0
49.0 44.0
72.0 44.0
37.0 44.0
32.0 44.0
104.0 45.0
59.0 45.0
49.0 45.0
89.0 45.0
48.0 45.0
59.0 45.0
53.0 45.0
56.0 45.0
36.0 45.0
56.0 45.0
49.0 45.0
109.0 46.0
48.0 46.0
51.0 46.0
35.0 46.0
40.0 46.0
60.0 47.0
53.0 47.0
53.0 47.0
59.0 47.0
35.0 47.0
42.0 47.0
43.0 47.0
46.0 47.0
34.0 47.0
58.0 48.0
59.0 48.0
57.0 48.0
91.0 48.0
53.0 48.0
52.0 48.0
47.0 48.0
95.0 48.0
59.0 49.0
59.0 49.0
58.0 49.0
153.0 49.0
44.0 49.0
58.0 49.0
74.0 49.0
73.0 50.0
44.0 50.0
55.0 50.0
53.0 50.0
49.0 50.0
56.0 50.0
65.0 50.0
58.0 50.0
58.0 50.0
57.0 51.0
94.0 51.0
59.0 51.0
57.0 51.0
57.0 51.0
69.0 51.0
63.0 51.0
50.0 51.0
101.0 51.0
75.0 51.0
112.0 51.0
60.0 52.0
59.0 52.0
42.0 52.0
44.0 52.0
80.0 52.0
55.0 52.0
60.0 52.0
40.0 52.0
65.0 52.0
55.0 53.0
47.0 53.0
51.0 53.0
161.0 53.0
75.0 53.0
56.0 53.0
55.0 53.0
56.0 53.0
56.0 53.0
17.0 53.0
55.0 53.0
61.0 53.0
54.0 54.0
46.0 54.0
65.0 54.0
52.0 54.0
63.0 54.0
62.0 54.0
43.0 54.0
133.0 54.0
79.0 54.0
54.0 55.0
36.0 55.0
67.0 55.0
83.0 55.0
63.0 55.0
53.0 55.0
60.0 55.0
52.0 55.0
45.0 56.0
56.0 56.0
33.0 56.0
86.0 56.0
86.0 56.0
49.0 56.0
89.0 56.0
64.0 56.0
54.0 56.0
57.0 56.0
66.0 56.0
77.0 56.0
52.0 56.0
65.0 57.0
68.0 57.0
49.0 57.0
94.0 57.0
63.0 57.0
58.0 57.0
62.0 57.0
60.0 57.0
48.0 57.0
113.0 57.0
51.0 57.0
84.0 57.0
67.0 57.0
61.0 58.0
51.0 58.0
67.0 58.0
70.0 58.0
106.0 58.0
69.0 58.0
77.0 58.0
42.0 58.0
66.0 58.0
53.0 58.0
98.0 59.0
54.0 59.0
67.0 59.0
87.0 59.0
103.0 59.0
63.0 59.0
56.0 59.0
81.0 59.0
134.0 59.0
129.0 60.0
111.0 60.0
60.0 60.0
49.0 60.0
52.0 60.0
58.0 60.0
56.0 60.0
73.0 60.0
51.0 60.0
72.0 60.0
94.0 60.0
58.0 60.0
114.0 61.0
93.0 61.0
60.0 61.0
59.0 61.0
67.0 61.0
56.0 61.0
55.0 61.0
56.0 61.0
73.0 61.0
62.0 61.0
142.0 61.0
114.0 62.0
63.0 62.0
62.0 62.0
76.0 62.0
62.0 62.0
81.0 62.0
68.0 62.0
73.0 62.0
39.0 62.0
96.0 62.0
79.0 62.0
48.0 62.0
88.0 62.0
62.0 62.0
55.0 62.0
44.0 62.0
83.0 63.0
89.0 63.0
59.0 63.0
69.0 63.0
71.0 63.0
70.0 63.0
68.0 63.0
149.0 63.0
147.0 63.0
67.0 63.0
55.0 63.0
75.0 63.0
113.0 63.0
94.0 63.0
64.0 63.0
73.0 63.0
68.0 64.0
82.0 64.0
57.0 64.0
53.0 64.0
109.0 64.0
75.0 64.0
77.0 64.0
59.0 64.0
117.0 64.0
70.0 64.0
54.0 64.0
68.0 64.0
49.0 64.0
129.0 65.0
93.0 65.0
84.0 65.0
68.0 65.0
90.0 65.0
70.0 65.0
55.0 65.0
61.0 65.0
53.0 65.0
129.0 65.0
99.0 65.0
59.0 65.0
91.0 65.0
74.0 65.0
58.0 65.0
99.0 65.0
90.0 65.0
63.0 65.0
65.0 65.0
101.0 65.0
73.0 66.0
65.0 66.0
49.0 66.0
84.0 66.0
52.0 66.0
65.0 66.0
70.0 66.0
89.0 66.0
71.0 66.0
80.0 66.0
53.0 66.0
61.0 66.0
104.0 66.0
122.0 66.0
72.0 66.0
60.0 66.0
135.0 66.0
77.0 66.0
93.0 67.0
128.0 67.0
54.0 67.0
67.0 67.0
68.0 67.0
78.0 67.0
108.0 67.0
72.0 67.0
108.0 67.0
61.0 67.0
60.0 67.0
75.0 67.0
59.0 67.0
65.0 67.0
55.0 68.0
106.0 68.0
58.0 68.0
101.0 68.0
66.0 68.0
99.0 68.0
104.0 68.0
101.0 68.0
97.0 68.0
45.0 68.0
70.0 68.0
51.0 68.0
92.0 68.0
77.0 68.0
100.0 68.0
105.0 68.0
76.0 69.0
68.0 69.0
67.0 69.0
40.0 69.0
145.0 69.0
88.0 69.0
71.0 69.0
76.0 69.0
72.0 69.0
80.0 69.0
48.0 69.0
78.0 69.0
51.0 70.0
90.0 70.0
71.0 70.0
65.0 70.0
106.0 70.0
61.0 70.0
57.0 70.0
68.0 70.0
65.0 70.0
59.0 70.0
68.0 70.0
96.0 70.0
83.0 70.0
54.0 70.0
70.0 70.0
65.0 70.0
78.0 70.0
102.0 70.0
76.0 71.0
70.0 71.0
99.0 71.0
75.0 71.0
78.0 71.0
38.0 71.0
88.0 71.0
75.0 71.0
70.0 71.0
52.0 71.0
96.0 71.0
63.0 71.0
68.0 71.0
74.0 71.0
79.0 71.0
74.0 71.0
113.0 71.0
66.0 72.0
75.0 72.0
89.0 72.0
108.0 72.0
71.0 72.0
67.0 72.0
81.0 72.0
72.0 72.0
88.0 72.0
79.0 72.0
89.0 72.0
74.0 72.0
120.0 72.0
59.0 73.0
75.0 73.0
78.0 73.0
75.0 73.0
72.0 73.0
105.0 73.0
59.0 73.0
78.0 73.0
75.0 73.0
118.0 73.0
107.0 73.0
103.0 73.0
83.0 73.0
77.0 73.0
70.0 73.0
75.0 73.0
78.0 73.0
136.0 73.0
94.0 73.0
155.0 73.0
104.0 74.0
69.0 74.0
122.0 74.0
88.0 74.0
89.0 74.0
45.0 74.0
114.0 74.0
114.0 74.0
68.0 74.0
67.0 74.0
82.0 74.0
90.0 74.0
78.0 74.0
84.0 74.0
73.0 74.0
85.0 74.0
161.0 74.0
75.0 75.0
75.0 75.0
67.0 75.0
87.0 75.0
103.0 75.0
53.0 75.0
56.0 75.0
66.0 75.0
85.0 75.0
88.0 75.0
82.0 75.0
74.0 75.0
66.0 75.0
110.0 75.0
93.0 75.0
141.0 75.0
77.0 75.0
86.0 75.0
79.0 76.0
75.0 76.0
106.0 76.0
98.0 76.0
35.0 76.0
92.0 76.0
66.0 76.0
98.0 76.0
80.0 76.0
97.0 76.0
64.0 76.0
80.0 76.0
76.0 76.0
97.0 76.0
115.0 76.0
76.0 76.0
84.0 76.0
78.0 76.0
94.0 76.0
148.0 76.0
91.0 76.0
92.0 77.0
84.0 77.0
67.0 77.0
83.0 77.0
94.0 77.0
55.0 77.0
84.0 77.0
98.0 77.0
67.0 77.0
117.0 77.0
89.0 77.0
55.0 77.0
132.0 77.0
80.0 78.0
81.0 78.0
65.0 78.0
71.0 78.0
65.0 78.0
82.0 78.0
89.0 78.0
89.0 78.0
73.0 78.0
112.0 78.0
115.0 78.0
87.0 78.0
59.0 78.0
93.0 78.0
98.0 78.0
78.0 78.0
104.0 78.0
94.0 78.0
102.0 78.0
75.0 78.0
156.0 79.0
62.0 79.0
71.0 79.0
70.0 79.0
118.0 79.0
124.0 79.0
46.0 79.0
61.0 79.0
80.0 79.0
86.0 79.0
52.0 79.0
82.0 79.0
110.0 79.0
87.0 79.0
84.0 79.0
94.0 79.0
80.0 79.0
95.0 79.0
76.0 79.0
155.0 80.0
117.0 80.0
128.0 80.0
133.0 80.0
129.0 80.0
113.0 80.0
70.0 80.0
102.0 80.0
78.0 80.0
61.0 80.0
121.0 80.0
117.0 80.0
104.0 80.0
94.0 80.0
95.0 80.0
78.0 80.0
75.0 80.0
103.0 80.0
131.0 80.0
83.0 80.0
74.0 80.0
81.0 80.0
88.0 80.0
82.0 80.0
82.0 80.0
87.0 80.0
94.0 80.0
84.0 80.0
73.0 81.0
77.0 81.0
72.0 81.0
131.0 81.0
91.0 81.0
89.0 81.0
64.0 81.0
102.0 81.0
146.0 81.0
97.0 81.0
90.0 81.0
99.0 81.0
90.0 81.0
87.0 81.0
84.0 81.0
79.0 81.0
87.0 81.0
90.0 81.0
73.0 81.0
80.0 81.0
70.0 81.0
53.0 82.0
86.0 82.0
59.0 82.0
96.0 82.0
118.0 82.0
138.0 82.0
92.0 82.0
119.0 82.0
89.0 82.0
93.0 82.0
89.0 82.0
72.0 82.0
48.0 82.0
84.0 82.0
59.0 82.0
94.0 82.0
96.0 82.0
82.0 82.0
68.0 82.0
120.0 82.0
89.0 82.0
139.0 82.0
83.0 82.0
95.0 82.0
88.0 82.0
55.0 82.0
83.0 82.0
124.0 82.0
158.0 82.0
145.0 82.0
87.0 83.0
94.0 83.0
92.0 83.0
56.0 83.0
90.0 83.0
82.0 83.0
76.0 83.0
82.0 83.0
90.0 83.0
77.0 83.0
91.0 83.0
86.0 83.0
88.0 83.0
83.0 83.0
123.0 83.0
92.0 83.0
104.0 83.0
125.0 84.0
103.0 84.0
68.0 84.0
62.0 84.0
138.0 84.0
107.0 84.0
88.0 84.0
74.0 84.0
93.0 84.0
75.0 84.0
153.0 84.0
118.0 84.0
94.0 84.0
90.0 84.0
70.0 84.0
90.0 84.0
98.0 84.0
57.0 84.0
104.0 84.0
89.0 84.0
84.0 84.0
79.0 84.0
74.0 84.0
94.0 84.0
110.0 84.0
57.0 84.0
63.0 84.0
123.0 84.0
125.0 84.0
103.0 85.0
54.0 85.0
87.0 85.0
70.0 85.0
41.0 85.0
89.0 85.0
75.0 85.0
169.0 85.0
101.0 85.0
57.0 85.0
83.0 85.0
73.0 85.0
109.0 85.0
84.0 85.0
67.0 85.0
80.0 85.0
84.0 85.0
86.0 85.0
73.0 85.0
80.0 85.0
98.0 85.0
87.0 86.0
115.0 86.0
76.0 86.0
80.0 86.0
81.0 86.0
77.0 86.0
84.0 86.0
92.0 86.0
83.0 86.0
116.0 86.0
71.0 86.0
86.0 86.0
79.0 86.0
113.0 86.0
83.0 86.0
97.0 86.0
108.0 86.0
86.0 86.0
48.0 87.0
98.0 87.0
64.0 87.0
107.0 87.0
109.0 87.0
64.0 87.0
75.0 87.0
37.0 87.0
90.0 87.0
89.0 87.0
78.0 87.0
95.0 87.0
91.0 87.0
94.0 87.0
109.0 87.0
118.0 87.0
159.0 88.0
70.0 88.0
56.0 88.0
105.0 88.0
94.0 88.0
72.0 88.0
100.0 88.0
103.0 88.0
77.0 88.0
113.0 88.0
98.0 88.0
93.0 88.0
143.0 88.0
105.0 88.0
101.0 88.0
92.0 88.0
117.0 89.0
82.0 89.0
58.0 89.0
78.0 89.0
111.0 89.0
101.0 89.0
90.0 89.0
121.0 89.0
89.0 89.0
122.0 89.0
70.0 89.0
78.0 89.0
76.0 89.0
89.0 89.0
91.0 89.0
105.0 89.0
106.0 89.0
81.0 89.0
75.0 89.0
84.0 89.0
87.0 89.0
161.0 90.0
149.0 90.0
78.0 90.0
172.0 90.0
83.0 90.0
122.0 90.0
66.0 90.0
92.0 90.0
79.0 90.0
102.0 90.0
100.0 90.0
91.0 90.0
86.0 90.0
90.0 90.0
98.0 90.0
87.0 90.0
89.0 90.0
100.0 90.0
105.0 90.0
93.0 90.0
111.0 91.0
157.0 91.0
121.0 91.0
88.0 91.0
98.0 91.0
95.0 91.0
89.0 91.0
77.0 91.0
139.0 91.0
95.0 91.0
51.0 91.0
80.0 91.0
124.0 91.0
134.0 91.0
89.0 91.0
104.0 91.0
143.0 91.0
101.0 91.0
62.0 91.0
91.0 91.0
113.0 91.0
76.0 91.0
117.0 91.0
106.0 91.0
129.0 92.0
131.0 92.0
151.0 92.0
126.0 92.0
117.0 92.0
92.0 92.0
82.0 92.0
92.0 92.0
58.0 92.0
78.0 92.0
100.0 92.0
38.0 92.0
79.0 92.0
73.0 92.0
87.0 92.0
58.0 92.0
87.0 92.0
84.0 92.0
83.0 92.0
51.0 92.0
118.0 92.0
110.0 92.0
88.0 92.0
55.0 92.0
80.0 92.0
86.0 92.0
103.0 92.0
147.0 92.0
76.0 92.0
92.0 92.0
162.0 92.0
165.0 92.0
159.0 93.0
114.0 93.0
143.0 93.0
84.0 93.0
61.0 93.0
42.0 93.0
108.0 93.0
86.0 93.0
104.0 93.0
100.0 93.0
126.0 93.0
91.0 93.0
88.0 93.0
85.0 93.0
88.0 93.0
107.0 93.0
86.0 93.0
105.0 93.0
52.0 93.0
79.0 93.0
76.0 93.0
81.0 93.0
113.0 93.0
117.0 93.0
149.0 93.0
130.0 93.0
125.0 93.0
94.0 93.0
146.0 94.0
61.0 94.0
76.0 94.0
157.0 94.0
71.0 94.0
129.0 94.0
116.0 94.0
94.0 94.0
93.0 94.0
54.0 94.0
102.0 94.0
88.0 94.0
94.0 94.0
111.0 94.0
93.0 94.0
86.0 94.0
83.0 94.0
101.0 94.0
91.0 94.0
95.0 94.0
94.0 94.0
62.0 94.0
93.0 94.0
117.0 95.0
66.0 95.0
63.0 95.0
100.0 95.0
124.0 95.0
117.0 95.0
60.0 95.0
112.0 95.0
76.0 95.0
94.0 95.0
92.0 95.0
81.0 95.0
69.0 95.0
92.0 95.0
98.0 95.0
65.0 95.0
126.0 95.0
88.0 95.0
92.0 96.0
61.0 96.0
99.0 96.0
95.0 96.0
102.0 96.0
73.0 96.0
51.0 96.0
137.0 96.0
134.0 96.0
92.0 96.0
68.0 96.0
131.0 96.0
138.0 96.0
93.0 96.0
137.0 96.0
144.0 96.0
99.0 96.0
143.0 96.0
102.0 96.0
106.0 96.0
81.0 96.0
125.0 96.0
124.0 96.0
112.0 96.0
168.0 96.0
126.0 96.0
97.0 96.0
120.0 96.0
123.0 96.0
149.0 97.0
148.0 97.0
156.0 97.0
92.0 97.0
96.0 97.0
110.0 97.0
115.0 97.0
127.0 97.0
110.0 97.0
98.0 97.0
105.0 97.0
150.0 97.0
81.0 97.0
90.0 97.0
90.0 97.0
91.0 97.0
109.0 97.0
100.0 97.0
103.0 97.0
95.0 97.0
109.0 97.0
51.0 97.0
102.0 97.0
158.0 97.0
163.0 97.0
104.0 97.0
109.0 97.0
97.0 97.0
85.0 98.0
86.0 98.0
82.0 98.0
109.0 98.0
84.0 98.0
104.0 98.0
178.0 98.0
144.0 98.0
133.0 98.0
88.0 98.0
95.0 98.0
82.0 98.0
114.0 98.0
79.0 98.0
89.0 98.0
99.0 98.0
87.0 98.0
87.0 98.0
88.0 98.0
93.0 98.0
88.0 98.0
147.0 99.0
142.0 99.0
131.0 99.0
113.0 99.0
116.0 99.0
142.0 99.0
123.0 99.0
110.0 99.0
148.0 99.0
94.0 99.0
110.0 99.0
116.0 99.0
97.0 99.0
85.0 99.0
85.0 99.0
82.0 99.0
93.0 99.0
85.0 99.0
85.0 99.0
82.0 99.0
108.0 99.0
111.0 99.0
101.0 99.0
100.0 99.0
97.0 99.0
89.0 99.0
102.0 99.0
105.0 100.0
82.0 100.0
129.0 100.0
82.0 100.0
72.0 100.0
69.0 100.0
75.0 100.0
84.0 100.0
122.0 100.0
104.0 100.0
111.0 100.0
94.0 100.0
86.0 100.0
90.0 100.0
109.0 100.0
89.0 100.0
72.0 100.0
111.0 100.0
95.0 100.0
96.0 100.0
111.0 100.0
79.0 100.0
105.0 100.0
99.0 100.0
177.0 100.0
107.0 100.0
138.0 100.0
162.0 101.0
122.0 101.0
71.0 101.0
115.0 101.0
92.0 101.0
113.0 101.0
94.0 101.0
149.0 101.0
137.0 101.0
140.0 101.0
135.0 101.0
130.0 101.0
116.0 101.0
81.0 101.0
109.0 101.0
103.0 101.0
131.0 101.0
102.0 101.0
77.0 101.0
102.0 101.0
121.0 101.0
110.0 101.0
95.0 101.0
106.0 101.0
94.0 101.0
122.0 101.0
100.0 101.0
105.0 101.0
99.0 101.0
102.0 101.0
112.0 101.0
82.0 101.0
114.0 101.0
107.0 101.0
96.0 101.0
111.0 101.0
159.0 102.0
71.0 102.0
137.0 102.0
120.0 102.0
87.0 102.0
119.0 102.0
88.0 102.0
77.0 102.0
111.0 102.0
73.0 102.0
73.0 102.0
72.0 102.0
76.0 102.0
94.0 102.0
103.0 102.0
84.0 102.0
108.0 102.0
84.0 102.0
72.0 102.0
113.0 102.0
113.0 102.0
114.0 102.0
135.0 103.0
74.0 103.0
97.0 103.0
147.0 103.0
126.0 103.0
79.0 103.0
99.0 103.0
105.0 103.0
79.0 103.0
106.0 103.0
87.0 103.0
93.0 103.0
99.0 103.0
90.0 103.0
122.0 103.0
103.0 103.0
88.0 103.0
99.0 103.0
98.0 103.0
87.0 103.0
145.0 103.0
164.0 103.0
147.0 103.0
66.0 103.0
80.0 104.0
104.0 104.0
93.0 104.0
107.0 104.0
82.0 104.0
134.0 104.0
101.0 104.0
105.0 104.0
138.0 104.0
151.0 104.0
114.0 104.0
129.0 104.0
97.0 104.0
112.0 104.0
105.0 104.0
157.0 104.0
95.0 104.0
95.0 104.0
97.0 104.0
66.0 104.0
115.0 104.0
177.0 104.0
100.0 104.0
130.0 104.0
139.0 104.0
161.0 104.0
103.0 104.0
115.0 104.0
77.0 105.0
130.0 105.0
109.0 105.0
104.0 105.0
97.0 105.0
103.0 105.0
126.0 105.0
89.0 105.0
92.0 105.0
128.0 105.0
132.0 105.0
95.0 105.0
106.0 105.0
108.0 105.0
111.0 105.0
111.0 105.0
63.0 105.0
109.0 105.0
78.0 105.0
104.0 105.0
111.0 105.0
77.0 105.0
108.0 105.0
103.0 105.0
106.0 105.0
116.0 105.0
136.0 105.0
88.0 105.0
104.0 105.0
108.0 105.0
156.0 105.0
101.0 105.0
104.0 105.0
109.0 105.0
114.0 106.0
52.0 106.0
143.0 106.0
103.0 106.0
134.0 106.0
113.0 106.0
60.0 106.0
128.0 106.0
114.0 106.0
185.0 106.0
94.0 106.0
149.0 106.0
147.0 106.0
112.0 106.0
102.0 106.0
94.0 106.0
123.0 106.0
91.0 106.0
75.0 106.0
108.0 106.0
98.0 106.0
68.0 106.0
107.0 106.0
112.0 106.0
102.0 106.0
98.0 106.0
108.0 106.0
94.0 106.0
100.0 106.0
110.0 107.0
138.0 107.0
63.0 107.0
63.0 107.0
107.0 107.0
107.0 107.0
107.0 107.0
91.0 107.0
160.0 107.0
159.0 107.0
132.0 107.0
122.0 107.0
126.0 107.0
105.0 107.0
150.0 107.0
107.0 107.0
99.0 107.0
84.0 107.0
106.0 107.0
108.0 107.0
42.0 107.0
108.0 107.0
113.0 107.0
110.0 107.0
106.0 107.0
115.0 107.0
111.0 107.0
111.0 107.0
156.0 107.0
108.0 107.0
116.0 107.0
95.0 107.0
109.0 107.0
108.0 107.0
106.0 108.0
114.0 108.0
110.0 108.0
101.0 108.0
96.0 108.0
127.0 108.0
118.0 108.0
140.0 108.0
140.0 108.0
114.0 108.0
112.0 108.0
103.0 108.0
118.0 108.0
110.0 108.0
115.0 108.0
109.0 108.0
95.0 108.0
112.0 108.0
110.0 108.0
85.0 108.0
94.0 108.0
95.0 108.0
113.0 108.0
110.0 108.0
104.0 108.0
114.0 108.0
108.0 108.0
113.0 109.0
70.0 109.0
119.0 109.0
127.0 109.0
122.0 109.0
89.0 109.0
103.0 109.0
97.0 109.0
106.0 109.0
105.0 109.0
112.0 109.0
133.0 109.0
112.0 109.0
109.0 109.0
93.0 109.0
112.0 109.0
114.0 109.0
90.0 109.0
91.0 109.0
82.0 109.0
106.0 109.0
104.0 109.0
107.0 109.0
123.0 109.0
110.0 109.0
106.0 109.0
160.0 109.0
126.0 109.0
113.0 109.0
111.0 109.0
114.0 109.0
145.0 109.0
126.0 109.0
117.0 109.0
109.0 109.0
105.0 109.0
59.0 110.0
75.0 110.0
137.0 110.0
85.0 110.0
110.0 110.0
153.0 110.0
129.0 110.0
114.0 110.0
110.0 110.0
120.0 110.0
113.0 110.0
115.0 110.0
120.0 110.0
107.0 110.0
121.0 110.0
85.0 110.0
111.0 110.0
141.0 110.0
112.0 110.0
123.0 110.0
90.0 110.0
120.0 110.0
116.0 110.0
114.0 110.0
116.0 110.0
108.0 110.0
133.0 110.0
133.0 110.0
114.0 110.0
104.0 110.0
93.0 110.0
108.0 110.0
150.0 110.0
136.0 110.0
114.0 110.0
113.0 110.0
111.0 110.0
96.0 111.0
132.0 111.0
145.0 111.0
107.0 111.0
101.0 111.0
89.0 111.0
98.0 111.0
129.0 111.0
121.0 111.0
103.0 111.0
71.0 111.0
118.0 111.0
116.0 111.0
114.0 111.0
75.0 111.0
95.0 111.0
126.0 111.0
129.0 111.0
113.0 111.0
112.0 111.0
106.0 111.0
147.0 111.0
66.0 111.0
111.0 111.0
100.0 111.0
120.0 111.0
100.0 111.0
99.0 111.0
120.0 111.0
135.0 111.0
168.0 111.0
115.0 111.0
115.0 111.0
113.0 111.0
110.0 111.0
87.0 111.0
98.0 111.0
102.0 111.0
95.0 112.0
96.0 112.0
123.0 112.0
107.0 112.0
111.0 112.0
138.0 112.0
85.0 112.0
133.0 112.0
77.0 112.0
79.0 112.0
141.0 112.0
103.0 112.0
105.0 112.0
87.0 112.0
119.0 112.0
117.0 112.0
114.0 112.0
116.0 112.0
76.0 112.0
72.0 112.0
119.0 112.0
89.0 112.0
112.0 112.0
94.0 112.0
144.0 112.0
98.0 112.0
116.0 112.0
87.0 112.0
93.0 112.0
116.0 112.0
117.0 112.0
120.0 112.0
108.0 112.0
130.0 112.0
151.0 112.0
88.0 112.0
123.0 112.0
97.0 112.0
116.0 112.0
114.0 112.0
142.0 113.0
128.0 113.0
95.0 113.0
121.0 113.0
68.0 113.0
154.0 113.0
107.0 113.0
92.0 113.0
106.0 113.0
113.0 113.0
79.0 113.0
112.0 113.0
105.0 113.0
86.0 113.0
123.0 113.0
145.0 113.0
111.0 113.0
106.0 113.0
112.0 113.0
111.0 113.0
125.0 113.0
116.0 113.0
178.0 113.0
122.0 113.0
113.0 113.0
120.0 113.0
125.0 113.0
82.0 114.0
133.0 114.0
98.0 114.0
90.0 114.0
166.0 114.0
137.0 114.0
106.0 114.0
107.0 114.0
151.0 114.0
100.0 114.0
82.0 114.0
74.0 114.0
116.0 114.0
111.0 114.0
101.0 114.0
114.0 114.0
129.0 114.0
130.0 114.0
98.0 114.0
125.0 114.0
110.0 114.0
95.0 114.0
121.0 114.0
111.0 114.0
157.0 114.0
173.0 114.0
103.0 114.0
114.0 114.0
91.0 114.0
99.0 114.0
114.0 114.0
115.0 114.0
107.0 114.0
110.0 114.0
114.0 114.0
117.0 114.0
120.0 114.0
117.0 114.0
117.0 114.0
136.0 114.0
104.0 114.0
111.0 114.0
108.0 114.0
120.0 114.0
123.0 114.0
120.0 114.0
101.0 114.0
138.0 114.0
119.0 114.0
112.0 114.0
122.0 114.0
131.0 114.0
93.0 114.0
90.0 115.0
53.0 115.0
146.0 115.0
145.0 115.0
108.0 115.0
118.0 115.0
81.0 115.0
84.0 115.0
110.0 115.0
129.0 115.0
137.0 115.0
102.0 115.0
109.0 115.0
109.0 115.0
101.0 115.0
128.0 115.0
117.0 115.0
115.0 115.0
100.0 115.0
90.0 115.0
120.0 115.0
114.0 115.0
116.0 115.0
114.0 115.0
92.0 115.0
121.0 115.0
89.0 115.0
96.0 115.0
116.0 115.0
113.0 115.0
93.0 115.0
137.0 115.0
132.0 115.0
124.0 115.0
115.0 115.0
128.0 115.0
139.0 115.0
122.0 115.0
101.0 115.0
107.0 115.0
162.0 116.0
80.0 116.0
118.0 116.0
114.0 116.0
135.0 116.0
116.0 116.0
103.0 116.0
128.0 116.0
130.0 116.0
117.0 116.0
127.0 116.0
112.0 116.0
91.0 116.0
105.0 116.0
92.0 116.0
115.0 116.0
133.0 116.0
148.0 116.0
110.0 116.0
115.0 116.0
115.0 116.0
105.0 116.0
103.0 116.0
118.0 116.0
93.0 116.0
121.0 116.0
105.0 116.0
123.0 116.0
119.0 116.0
116.0 116.0
94.0 116.0
132.0 116.0
110.0 116.0
117.0 116.0
80.0 117.0
115.0 117.0
114.0 117.0
144.0 117.0
81.0 117.0
94.0 117.0
153.0 117.0
124.0 117.0
127.0 117.0
116.0 117.0
145.0 117.0
123.0 117.0
133.0 117.0
94.0 117.0
126.0 117.0
108.0 117.0
108.0 117.0
122.0 117.0
75.0 117.0
124.0 117.0
118.0 117.0
119.0 117.0
119.0 117.0
101.0 117.0
93.0 117.0
115.0 117.0
114.0 117.0
122.0 117.0
116.0 117.0
115.0 117.0
106.0 117.0
87.0 117.0
101.0 117.0
110.0 117.0
114.0 117.0
123.0 117.0
136.0 117.0
119.0 117.0
119.0 117.0
115.0 117.0
122.0 117.0
110.0 117.0
113.0 117.0
127.0 117.0
118.0 117.0
125.0 117.0
127.0 117.0
126.0 117.0
128.0 117.0
133.0 117.0
161.0 118.0
89.0 118.0
123.0 118.0
82.0 118.0
121.0 118.0
104.0 118.0
97.0 118.0
109.0 118.0
109.0 118.0
111.0 118.0
57.0 118.0
75.0 118.0
120.0 118.0
89.0 118.0
115.0 118.0
112.0 118.0
136.0 118.0
112.0 118.0
119.0 118.0
105.0 118.0
117.0 118.0
124.0 118.0
108.0 118.0
120.0 118.0
113.0 118.0
129.0 118.0
120.0 118.0
115.0 118.0
113.0 118.0
102.0 118.0
123.0 118.0
191.0 118.0
106.0 118.0
104.0 118.0
128.0 118.0
180.0 118.0
104.0 118.0
139.0 119.0
136.0 119.0
106.0 119.0
125.0 119.0
66.0 119.0
133.0 119.0
118.0 119.0
104.0 119.0
119.0 119.0
88.0 119.0
110.0 119.0
127.0 119.0
133.0 119.0
132.0 119.0
120.0 119.0
115.0 119.0
133.0 119.0
129.0 119.0
116.0 119.0
128.0 119.0
120.0 119.0
148.0 119.0
114.0 119.0
128.0 119.0
117.0 119.0
115.0 119.0
119.0 119.0
122.0 119.0
103.0 119.0
117.0 119.0
125.0 119.0
110.0 119.0
119.0 119.0
114.0 119.0
113.0 119.0
133.0 119.0
116.0 119.0
123.0 119.0
154.0 119.0
118.0 119.0
133.0 119.0
76.0 119.0
128.0 119.0
144.0 119.0
125.0 119.0
127.0 119.0
103.0 119.0
115.0 119.0
91.0 120.0
84.0 120.0
139.0 120.0
104.0 120.0
124.0 120.0
106.0 120.0
114.0 120.0
114.0 120.0
83.0 120.0
120.0 120.0
112.0 120.0
147.0 120.0
156.0 120.0
67.0 120.0
136.0 120.0
118.0 120.0
116.0 120.0
163.0 120.0
144.0 120.0
108.0 120.0
112.0 120.0
99.0 120.0
127.0 120.0
98.0 120.0
116.0 120.0
112.0 120.0
138.0 120.0
113.0 120.0
149.0 120.0
118.0 120.0
110.0 120.0
123.0 120.0
117.0 120.0
112.0 120.0
116.0 120.0
117.0 120.0
130.0 120.0
121.0 120.0
131.0 120.0
123.0 120.0
121.0 120.0
68.0 121.0
170.0 121.0
75.0 121.0
113.0 121.0
127.0 121.0
124.0 121.0
147.0 121.0
148.0 121.0
139.0 121.0
107.0 121.0
162.0 121.0
132.0 121.0
115.0 121.0
105.0 121.0
117.0 121.0
126.0 121.0
135.0 121.0
131.0 121.0
124.0 121.0
123.0 121.0
117.0 121.0
136.0 121.0
132.0 121.0
113.0 121.0
110.0 121.0
106.0 121.0
123.0 121.0
82.0 121.0
122.0 121.0
115.0 121.0
129.0 121.0
126.0 121.0
110.0 121.0
125.0 121.0
117.0 121.0
121.0 121.0
120.0 121.0
113.0 121.0
121.0 121.0
168.0 121.0
138.0 121.0
129.0 121.0
140.0 121.0
154.0 121.0
133.0 121.0
142.0 122.0
100.0 122.0
140.0 122.0
99.0 122.0
108.0 122.0
152.0 122.0
106.0 122.0
129.0 122.0
117.0 122.0
116.0 122.0
117.0 122.0
129.0 122.0
163.0 122.0
147.0 122.0
138.0 122.0
131.0 122.0
115.0 122.0
102.0 122.0
116.0 122.0
122.0 122.0
113.0 122.0
134.0 122.0
140.0 122.0
123.0 122.0
124.0 122.0
129.0 122.0
127.0 122.0
117.0 122.0
125.0 122.0
106.0 122.0
116.0 122.0
121.0 122.0
132.0 122.0
163.0 122.0
119.0 122.0
130.0 122.0
110.0 122.0
110.0 122.0
131.0 122.0
116.0 122.0
119.0 122.0
141.0 122.0
131.0 122.0
116.0 122.0
110.0 122.0
121.0 122.0
105.0 122.0
109.0 123.0
71.0 123.0
120.0 123.0
181.0 123.0
110.0 123.0
112.0 123.0
132.0 123.0
130.0 123.0
135.0 123.0
116.0 123.0
133.0 123.0
135.0 123.0
123.0 123.0
110.0 123.0
100.0 123.0
130.0 123.0
130.0 123.0
127.0 123.0
125.0 123.0
102.0 123.0
149.0 123.0
101.0 123.0
110.0 123.0
130.0 123.0
126.0 123.0
135.0 123.0
129.0 123.0
155.0 123.0
113.0 123.0
136.0 123.0
186.0 123.0
98.0 123.0
126.0 123.0
137.0 123.0
161.0 124.0
108.0 124.0
85.0 124.0
146.0 124.0
144.0 124.0
127.0 124.0
130.0 124.0
128.0 124.0
116.0 124.0
121.0 124.0
121.0 124.0
170.0 124.0
124.0 124.0
115.0 124.0
127.0 124.0
130.0 124.0
126.0 124.0
124.0 124.0
145.0 124.0
123.0 124.0
110.0 124.0
124.0 124.0
123.0 124.0
130.0 124.0
121.0 124.0
141.0 124.0
140.0 124.0
122.0 124.0
171.0 124.0
125.0 124.0
131.0 124.0
108.0 125.0
169.0 125.0
121.0 125.0
124.0 125.0
148.0 125.0
133.0 125.0
123.0 125.0
93.0 125.0
115.0 125.0
133.0 125.0
95.0 125.0
102.0 125.0
123.0 125.0
107.0 125.0
123.0 125.0
117.0 125.0
116.0 125.0
121.0 125.0
137.0 125.0
107.0 125.0
135.0 125.0
159.0 125.0
115.0 125.0
134.0 125.0
122.0 125.0
106.0 125.0
128.0 125.0
133.0 125.0
122.0 125.0
112.0 125.0
127.0 125.0
128.0 125.0
104.0 125.0
103.0 125.0
135.0 125.0
125.0 125.0
120.0 125.0
121.0 125.0
110.0 125.0
139.0 125.0
114.0 125.0
142.0 125.0
98.0 125.0
176.0 125.0
111.0 125.0
138.0 125.0
158.0 126.0
160.0 126.0
116.0 126.0
108.0 126.0
125.0 126.0
163.0 126.0
110.0 126.0
133.0 126.0
101.0 126.0
65.0 126.0
89.0 126.0
129.0 126.0
140.0 126.0
129.0 126.0
109.0 126.0
114.0 126.0
131.0 126.0
93.0 126.0
118.0 126.0
147.0 126.0
123.0 126.0
113.0 126.0
100.0 126.0
122.0 126.0
139.0 126.0
176.0 126.0
128.0 126.0
125.0 126.0
123.0 126.0
120.0 126.0
132.0 126.0
121.0 126.0
174.0 126.0
139.0 126.0
127.0 126.0
133.0 126.0
113.0 126.0
125.0 126.0
120.0 126.0
109.0 126.0
105.0 126.0
124.0 127.0
111.0 127.0
134.0 127.0
167.0 127.0
130.0 127.0
162.0 127.0
129.0 127.0
135.0 127.0
153.0 127.0
103.0 127.0
121.0 127.0
126.0 127.0
116.0 127.0
161.0 127.0
135.0 127.0
119.0 127.0
121.0 127.0
130.0 127.0
117.0 127.0
117.0 127.0
147.0 127.0
122.0 127.0
139.0 127.0
139.0 127.0
128.0 127.0
144.0 127.0
124.0 127.0
124.0 127.0
141.0 127.0
136.0 127.0
134.0 127.0
128.0 127.0
123.0 127.0
138.0 127.0
132.0 127.0
130.0 127.0
160.0 127.0
127.0 127.0
126.0 127.0
148.0 127.0
128.0 127.0
117.0 127.0
180.0 127.0
125.0 127.0
131.0 127.0
139.0 127.0
130.0 127.0
99.0 127.0
118.0 128.0
176.0 128.0
106.0 128.0
137.0 128.0
99.0 128.0
83.0 128.0
96.0 128.0
142.0 128.0
123.0 128.0
115.0 128.0
111.0 128.0
117.0 128.0
102.0 128.0
111.0 128.0
149.0 128.0
111.0 128.0
165.0 128.0
123.0 128.0
121.0 128.0
145.0 128.0
104.0 128.0
119.0 128.0
69.0 128.0
125.0 128.0
133.0 128.0
141.0 128.0
127.0 128.0
98.0 128.0
127.0 128.0
129.0 128.0
137.0 128.0
94.0 128.0
127.0 128.0
139.0 128.0
104.0 128.0
147.0 128.0
128.0 128.0
124.0 128.0
105.0 128.0
129.0 128.0
135.0 128.0
128.0 128.0
128.0 128.0
141.0 128.0
87.0 128.0
129.0 129.0
98.0 129.0
145.0 129.0
125.0 129.0
98.0 129.0
131.0 129.0
111.0 129.0
136.0 129.0
108.0 129.0
113.0 129.0
135.0 129.0
96.0 129.0
155.0 129.0
131.0 129.0
129.0 129.0
96.0 129.0
130.0 129.0
129.0 129.0
132.0 129.0
124.0 129.0
137.0 129.0
125.0 129.0
155.0 129.0
110.0 129.0
137.0 129.0
136.0 129.0
143.0 129.0
130.0 129.0
124.0 129.0
136.0 129.0
129.0 129.0
116.0 129.0
108.0 129.0
128.0 129.0
110.0 129.0
104.0 129.0
128.0 129.0
148.0 129.0
130.0 129.0
57.0 130.0
167.0 130.0
145.0 130.0
132.0 130.0
146.0 130.0
154.0 130.0
139.0 130.0
130.0 130.0
124.0 130.0
165.0 130.0
151.0 130.0
153.0 130.0
116.0 130.0
103.0 130.0
131.0 130.0
156.0 130.0
134.0 130.0
120.0 130.0
147.0 130.0
134.0 130.0
154.0 130.0
125.0 130.0
121.0 130.0
165.0 130.0
134.0 130.0
128.0 130.0
134.0 130.0
124.0 130.0
129.0 130.0
132.0 130.0
114.0 130.0
141.0 130.0
125.0 130.0
124.0 130.0
102.0 130.0
184.0 130.0
144.0 130.0
127.0 130.0
146.0 130.0
149.0 131.0
131.0 131.0
165.0 131.0
152.0 131.0
123.0 131.0
76.0 131.0
96.0 131.0
122.0 131.0
116.0 131.0
139.0 131.0
150.0 131.0
136.0 131.0
134.0 131.0
134.0 131.0
107.0 131.0
100.0 131.0
78.0 131.0
127.0 131.0
91.0 131.0
140.0 131.0
95.0 131.0
108.0 131.0
124.0 131.0
115.0 131.0
151.0 131.0
133.0 131.0
126.0 131.0
127.0 131.0
134.0 131.0
118.0 131.0
180.0 131.0
142.0 131.0
153.0 131.0
138.0 131.0
141.0 131.0
151.0 131.0
136.0 131.0
157.0 132.0
121.0 132.0
147.0 132.0
134.0 132.0
152.0 132.0
64.0 132.0
97.0 132.0
114.0 132.0
95.0 132.0
143.0 132.0
125.0 132.0
134.0 132.0
133.0 132.0
178.0 132.0
117.0 132.0
105.0 132.0
155.0 132.0
147.0 132.0
153.0 132.0
128.0 132.0
130.0 132.0
154.0 132.0
137.0 132.0
173.0 132.0
139.0 132.0
134.0 132.0
120.0 132.0
142.0 132.0
135.0 132.0
172.0 132.0
156.0 132.0
130.0 132.0
121.0 132.0
117.0 132.0
123.0 132.0
148.0 132.0
195.0 132.0
119.0 132.0
131.0 132.0
167.0 133.0
143.0 133.0
137.0 133.0
125.0 133.0
140.0 133.0
146.0 133.0
100.0 133.0
95.0 133.0
143.0 133.0
144.0 133.0
148.0 133.0
144.0 133.0
115.0 133.0
139.0 133.0
134.0 133.0
131.0 133.0
137.0 133.0
136.0 133.0
138.0 133.0
121.0 133.0
117.0 133.0
131.0 133.0
97.0 133.0
126.0 133.0
138.0 133.0
136.0 133.0
122.0 133.0
114.0 133.0
128.0 133.0
133.0 133.0
125.0 133.0
139.0 133.0
136.0 133.0
130.0 133.0
138.0 133.0
138.0 133.0
146.0 133.0
150.0 133.0
138.0 133.0
136.0 134.0
134.0 134.0
123.0 134.0
138.0 134.0
111.0 134.0
141.0 134.0
86.0 134.0
153.0 134.0
109.0 134.0
126.0 134.0
115.0 134.0
129.0 134.0
152.0 134.0
125.0 134.0
153.0 134.0
130.0 134.0
138.0 134.0
143.0 134.0
91.0 134.0
121.0 134.0
128.0 134.0
117.0 134.0
120.0 134.0
130.0 134.0
124.0 134.0
135.0 134.0
137.0 134.0
125.0 134.0
133.0 134.0
134.0 134.0
100.0 134.0
118.0 134.0
127.0 134.0
154.0 134.0
125.0 134.0
125.0 134.0
134.0 134.0
143.0 134.0
150.0 134.0
147.0 134.0
130.0 134.0
133.0 134.0
134.0 134.0
137.0 134.0
133.0 134.0
148.0 134.0
117.0 134.0
104.0 135.0
89.0 135.0
138.0 135.0
124.0 135.0
156.0 135.0
155.0 135.0
171.0 135.0
125.0 135.0
141.0 135.0
152.0 135.0
137.0 135.0
153.0 135.0
183.0 135.0
108.0 135.0
126.0 135.0
128.0 135.0
126.0 135.0
141.0 135.0
98.0 135.0
140.0 135.0
140.0 135.0
162.0 135.0
115.0 135.0
103.0 135.0
141.0 135.0
135.0 135.0
146.0 135.0
164.0 135.0
120.0 135.0
84.0 135.0
119.0 135.0
134.0 135.0
150.0 135.0
125.0 135.0
128.0 135.0
154.0 135.0
141.0 135.0
92.0 135.0
145.0 135.0
156.0 136.0
152.0 136.0
99.0 136.0
67.0 136.0
114.0 136.0
110.0 136.0
106.0 136.0
139.0 136.0
105.0 136.0
140.0 136.0
88.0 136.0
144.0 136.0
123.0 136.0
139.0 136.0
114.0 136.0
125.0 136.0
135.0 136.0
174.0 136.0
124.0 136.0
142.0 136.0
131.0 136.0
174.0 136.0
152.0 136.0
122.0 136.0
158.0 136.0
134.0 136.0
141.0 136.0
150.0 136.0
132.0 136.0
142.0 136.0
141.0 136.0
128.0 136.0
132.0 136.0
138.0 136.0
145.0 136.0
150.0 136.0
156.0 136.0
136.0 136.0
153.0 136.0
134.0 136.0
124.0 137.0
86.0 137.0
99.0 137.0
96.0 137.0
78.0 137.0
103.0 137.0
134.0 137.0
125.0 137.0
124.0 137.0
136.0 137.0
137.0 137.0
75.0 137.0
112.0 137.0
152.0 137.0
140.0 137.0
86.0 137.0
123.0 137.0
135.0 137.0
126.0 137.0
130.0 137.0
134.0 137.0
138.0 137.0
111.0 137.0
151.0 137.0
122.0 137.0
131.0 137.0
131.0 137.0
111.0 137.0
149.0 137.0
138.0 137.0
132.0 137.0
129.0 137.0
129.0 137.0
139.0 137.0
188.0 137.0
170.0 137.0
178.0 137.0
125.0 137.0
83.0 137.0
166.0 137.0
115.0 137.0
148.0 137.0
166.0 138.0
124.0 138.0
143.0 138.0
144.0 138.0
115.0 138.0
145.0 138.0
139.0 138.0
154.0 138.0
150.0 138.0
113.0 138.0
131.0 138.0
188.0 138.0
162.0 138.0
166.0 138.0
168.0 138.0
125.0 138.0
129.0 138.0
131.0 138.0
163.0 138.0
81.0 138.0
132.0 138.0
146.0 138.0
119.0 138.0
141.0 138.0
135.0 138.0
123.0 138.0
170.0 138.0
159.0 138.0
164.0 138.0
130.0 138.0
126.0 138.0
135.0 138.0
155.0 138.0
117.0 138.0
148.0 138.0
149.0 139.0
112.0 139.0
141.0 139.0
121.0 139.0
108.0 139.0
135.0 139.0
128.0 139.0
146.0 139.0
115.0 139.0
112.0 139.0
157.0 139.0
138.0 139.0
148.0 139.0
133.0 139.0
141.0 139.0
139.0 139.0
138.0 139.0
145.0 139.0
142.0 139.0
147.0 139.0
132.0 139.0
140.0 139.0
141.0 139.0
139.0 139.0
151.0 139.0
141.0 139.0
136.0 139.0
139.0 139.0
130.0 139.0
150.0 139.0
110.0 139.0
130.0 139.0
148.0 139.0
153.0 139.0
120.0 139.0
120.0 139.0
149.0 139.0
110.0 139.0
158.0 139.0
146.0 139.0
146.0 139.0
141.0 139.0
111.0 139.0
160.0 140.0
171.0 140.0
131.0 140.0
184.0 140.0
83.0 140.0
154.0 140.0
126.0 140.0
118.0 140.0
141.0 140.0
118.0 140.0
137.0 140.0
144.0 140.0
186.0 140.0
134.0 140.0
100.0 140.0
146.0 140.0
151.0 140.0
130.0 140.0
137.0 140.0
148.0 140.0
144.0 140.0
162.0 140.0
141.0 140.0
127.0 140.0
132.0 140.0
147.0 140.0
146.0 140.0
122.0 140.0
131.0 140.0
168.0 140.0
138.0 140.0
148.0 140.0
155.0 140.0
108.0 140.0
145.0 140.0
139.0 141.0
92.0 141.0
176.0 141.0
88.0 141.0
157.0 141.0
156.0 141.0
109.0 141.0
94.0 141.0
159.0 141.0
161.0 141.0
110.0 141.0
156.0 141.0
133.0 141.0
129.0 141.0
139.0 141.0
84.0 141.0
142.0 141.0
144.0 141.0
155.0 141.0
141.0 141.0
137.0 141.0
142.0 141.0
128.0 141.0
143.0 141.0
128.0 141.0
133.0 141.0
127.0 141.0
138.0 141.0
142.0 141.0
72.0 142.0
109.0 142.0
104.0 142.0
166.0 142.0
102.0 142.0
131.0 142.0
98.0 142.0
146.0 142.0
134.0 142.0
136.0 142.0
127.0 142.0
102.0 142.0
150.0 142.0
134.0 142.0
132.0 142.0
130.0 142.0
143.0 142.0
143.0 142.0
133.0 142.0
146.0 142.0
136.0 142.0
173.0 142.0
142.0 142.0
160.0 142.0
139.0 142.0
145.0 142.0
181.0 142.0
151.0 142.0
142.0 142.0
145.0 142.0
142.0 142.0
123.0 142.0
153.0 142.0
126.0 142.0
136.0 142.0
161.0 142.0
159.0 142.0
150.0 142.0
146.0 142.0
176.0 142.0
126.0 142.0
146.0 142.0
62.0 143.0
154.0 143.0
156.0 143.0
120.0 143.0
96.0 143.0
133.0 143.0
157.0 143.0
124.0 143.0
118.0 143.0
137.0 143.0
142.0 143.0
178.0 143.0
144.0 143.0
153.0 143.0
119.0 143.0
142.0 143.0
154.0 143.0
145.0 143.0
146.0 143.0
111.0 143.0
154.0 143.0
153.0 143.0
120.0 143.0
103.0 143.0
144.0 143.0
130.0 143.0
107.0 144.0
136.0 144.0
167.0 144.0
116.0 144.0
110.0 144.0
127.0 144.0
144.0 144.0
155.0 144.0
140.0 144.0
133.0 144.0
100.0 144.0
126.0 144.0
131.0 144.0
139.0 144.0
131.0 144.0
114.0 144.0
142.0 144.0
108.0 144.0
119.0 144.0
140.0 144.0
114.0 144.0
155.0 144.0
134.0 144.0
140.0 144.0
119.0 144.0
106.0 144.0
156.0 144.0
153.0 144.0
134.0 144.0
149.0 144.0
143.0 144.0
169.0 145.0
141.0 145.0
112.0 145.0
153.0 145.0
124.0 145.0
120.0 145.0
162.0 145.0
80.0 145.0
150.0 145.0
130.0 145.0
140.0 145.0
127.0 145.0
136.0 145.0
157.0 145.0
95.0 145.0
130.0 145.0
166.0 145.0
160.0 145.0
137.0 145.0
183.0 145.0
140.0 145.0
173.0 145.0
126.0 145.0
127.0 145.0
144.0 145.0
149.0 145.0
142.0 145.0
134.0 145.0
123.0 145.0
123.0 145.0
160.0 145.0
156.0 145.0
134.0 145.0
182.0 146.0
129.0 146.0
151.0 146.0
137.0 146.0
130.0 146.0
143.0 146.0
105.0 146.0
141.0 146.0
143.0 146.0
163.0 146.0
144.0 146.0
142.0 146.0
129.0 146.0
110.0 146.0
135.0 146.0
170.0 146.0
141.0 146.0
139.0 146.0
136.0 146.0
147.0 146.0
161.0 146.0
144.0 146.0
132.0 146.0
145.0 146.0
146.0 146.0
138.0 146.0
153.0 146.0
142.0 146.0
154.0 147.0
175.0 147.0
117.0 147.0
161.0 147.0
105.0 147.0
130.0 147.0
158.0 147.0
117.0 147.0
104.0 147.0
139.0 147.0
149.0 147.0
127.0 147.0
115.0 147.0
122.0 147.0
136.0 147.0
160.0 147.0
145.0 147.0
130.0 147.0
177.0 147.0
132.0 147.0
150.0 147.0
140.0 147.0
152.0 147.0
146.0 147.0
154.0 147.0
138.0 147.0
172.0 147.0
135.0 147.0
125.0 147.0
179.0 147.0
144.0 147.0
145.0 147.0
150.0 147.0
149.0 147.0
84.0 148.0
137.0 148.0
131.0 148.0
140.0 148.0
157.0 148.0
144.0 148.0
125.0 148.0
139.0 148.0
123.0 148.0
122.0 148.0
143.0 148.0
137.0 148.0
130.0 148.0
134.0 148.0
139.0 148.0
150.0 148.0
135.0 148.0
127.0 148.0
146.0 148.0
170.0 148.0
143.0 148.0
142.0 148.0
134.0 148.0
160.0 148.0
139.0 148.0
167.0 148.0
156.0 148.0
143.0 148.0
175.0 148.0
130.0 148.0
153.0 148.0
178.0 148.0
138.0 148.0
129.0 148.0
118.0 148.0
147.0 148.0
153.0 148.0
95.0 148.0
104.0 149.0
126.0 149.0
88.0 149.0
154.0 149.0
156.0 149.0
156.0 149.0
156.0 149.0
143.0 149.0
159.0 149.0
164.0 149.0
169.0 149.0
153.0 149.0
176.0 149.0
159.0 149.0
151.0 149.0
140.0 149.0
149.0 149.0
159.0 149.0
179.0 149.0
98.0 149.0
154.0 149.0
148.0 149.0
127.0 149.0
144.0 149.0
154.0 149.0
155.0 149.0
166.0 150.0
160.0 150.0
175.0 150.0
160.0 150.0
128.0 150.0
102.0 150.0
130.0 150.0
149.0 150.0
143.0 150.0
197.0 150.0
122.0 150.0
141.0 150.0
143.0 150.0
139.0 150.0
135.0 150.0
163.0 150.0
153.0 150.0
185.0 150.0
144.0 150.0
169.0 150.0
148.0 150.0
158.0 150.0
156.0 150.0
163.0 150.0
148.0 150.0
145.0 150.0
146.0 150.0
147.0 150.0
91.0 150.0
170.0 150.0
183.0 150.0
121.0 150.0
158.0 150.0
152.0 150.0
154.0 150.0
124.0 150.0
148.0 150.0
143.0 150.0
143.0 150.0
141.0 150.0
124.0 151.0
128.0 151.0
158.0 151.0
135.0 151.0
132.0 151.0
114.0 151.0
137.0 151.0
158.0 151.0
112.0 151.0
125.0 151.0
177.0 151.0
153.0 151.0
90.0 151.0
180.0 151.0
162.0 151.0
150.0 151.0
155.0 151.0
157.0 151.0
142.0 151.0
161.0 151.0
118.0 151.0
153.0 151.0
168.0 151.0
151.0 151.0
112.0 151.0
109.0 152.0
145.0 152.0
139.0 152.0
149.0 152.0
115.0 152.0
133.0 152.0
173.0 152.0
134.0 152.0
111.0 152.0
146.0 152.0
96.0 152.0
123.0 152.0
124.0 152.0
153.0 152.0
148.0 152.0
163.0 152.0
141.0 152.0
152.0 152.0
146.0 152.0
162.0 152.0
130.0 152.0
151.0 152.0
180.0 152.0
111.0 152.0
183.0 152.0
160.0 152.0
75.0 152.0
147.0 152.0
158.0 152.0
162.0 152.0
157.0 152.0
184.0 152.0
184.0 152.0
112.0 153.0
159.0 153.0
160.0 153.0
82.0 153.0
116.0 153.0
116.0 153.0
153.0 153.0
123.0 153.0
132.0 153.0
151.0 153.0
178.0 153.0
137.0 153.0
157.0 153.0
164.0 153.0
171.0 153.0
139.0 153.0
155.0 153.0
130.0 153.0
137.0 153.0
157.0 153.0
138.0 153.0
152.0 153.0
194.0 153.0
146.0 153.0
157.0 153.0
149.0 153.0
153.0 153.0
146.0 153.0
153.0 154.0
161.0 154.0
176.0 154.0
150.0 154.0
115.0 154.0
149.0 154.0
164.0 154.0
105.0 154.0
144.0 154.0
150.0 154.0
169.0 154.0
148.0 154.0
153.0 154.0
157.0 154.0
145.0 154.0
150.0 154.0
163.0 154.0
127.0 154.0
131.0 154.0
158.0 154.0
181.0 154.0
158.0 154.0
106.0 154.0
174.0 154.0
129.0 154.0
187.0 154.0
142.0 154.0
83.0 154.0
148.0 154.0
146.0 154.0
143.0 154.0
186.0 155.0
140.0 155.0
139.0 155.0
140.0 155.0
150.0 155.0
177.0 155.0
175.0 155.0
154.0 155.0
150.0 155.0
159.0 155.0
152.0 155.0
140.0 155.0
179.0 155.0
176.0 155.0
164.0 155.0
177.0 155.0
183.0 155.0
147.0 155.0
157.0 155.0
160.0 155.0
111.0 156.0
127.0 156.0
124.0 156.0
146.0 156.0
147.0 156.0
152.0 156.0
125.0 156.0
148.0 156.0
174.0 156.0
155.0 156.0
143.0 156.0
151.0 156.0
146.0 156.0
137.0 156.0
160.0 156.0
162.0 156.0
163.0 156.0
124.0 156.0
141.0 156.0
184.0 156.0
119.0 156.0
165.0 156.0
139.0 156.0
157.0 156.0
158.0 156.0
161.0 156.0
152.0 156.0
119.0 156.0
137.0 156.0
155.0 156.0
106.0 156.0
158.0 156.0
169.0 156.0
154.0 156.0
160.0 156.0
95.0 156.0
157.0 156.0
143.0 156.0
190.0 156.0
148.0 156.0
158.0 157.0
191.0 157.0
147.0 157.0
128.0 157.0
167.0 157.0
146.0 157.0
145.0 157.0
164.0 157.0
180.0 157.0
127.0 157.0
160.0 157.0
177.0 157.0
138.0 157.0
175.0 157.0
139.0 157.0
173.0 157.0
160.0 157.0
164.0 157.0
161.0 157.0
153.0 157.0
143.0 157.0
140.0 157.0
174.0 158.0
162.0 158.0
135.0 158.0
161.0 158.0
170.0 158.0
145.0 158.0
176.0 158.0
123.0 158.0
152.0 158.0
165.0 158.0
149.0 158.0
157.0 158.0
156.0 158.0
159.0 158.0
154.0 158.0
150.0 158.0
166.0 158.0
169.0 158.0
124.0 158.0
152.0 158.0
173.0 158.0
150.0 158.0
180.0 158.0
96.0 158.0
169.0 158.0
179.0 158.0
154.0 159.0
198.0 159.0
146.0 159.0
167.0 159.0
157.0 159.0
170.0 159.0
156.0 159.0
151.0 159.0
138.0 159.0
165.0 159.0
169.0 159.0
182.0 159.0
123.0 159.0
144.0 159.0
161.0 159.0
140.0 159.0
163.0 159.0
173.0 159.0
164.0 159.0
154.0 159.0
109.0 159.0
167.0 159.0
184.0 159.0
156.0 159.0
117.0 159.0
148.0 159.0
152.0 159.0
115.0 159.0
154.0 159.0
154.0 159.0
145.0 159.0
149.0 159.0
142.0 159.0
157.0 159.0
179.0 159.0
132.0 159.0
162.0 159.0
133.0 159.0
188.0 159.0
117.0 160.0
129.0 160.0
160.0 160.0
157.0 160.0
172.0 160.0
152.0 160.0
157.0 160.0
130.0 160.0
130.0 160.0
177.0 160.0
186.0 160.0
137.0 160.0
170.0 160.0
124.0 160.0
171.0 160.0
138.0 160.0
144.0 160.0
161.0 160.0
175.0 160.0
124.0 160.0
163.0 160.0
141.0 160.0
170.0 160.0
146.0 160.0
149.0 160.0
136.0 161.0
167.0 161.0
176.0 161.0
144.0 161.0
180.0 161.0
137.0 161.0
167.0 161.0
175.0 161.0
161.0 161.0
187.0 161.0
164.0 161.0
136.0 161.0
158.0 161.0
162.0 161.0
156.0 161.0
158.0 161.0
160.0 161.0
156.0 161.0
155.0 161.0
157.0 161.0
154.0 161.0
101.0 161.0
128.0 161.0
174.0 161.0
155.0 161.0
132.0 162.0
152.0 162.0
174.0 162.0
122.0 162.0
149.0 162.0
146.0 162.0
159.0 162.0
166.0 162.0
137.0 162.0
152.0 162.0
160.0 162.0
169.0 162.0
156.0 162.0
108.0 162.0
114.0 162.0
170.0 162.0
184.0 162.0
168.0 162.0
154.0 162.0
171.0 162.0
160.0 163.0
143.0 163.0
147.0 163.0
115.0 163.0
160.0 163.0
120.0 163.0
170.0 163.0
126.0 163.0
134.0 163.0
157.0 163.0
176.0 163.0
110.0 163.0
150.0 163.0
140.0 163.0
176.0 163.0
119.0 163.0
163.0 163.0
156.0 163.0
162.0 163.0
181.0 163.0
157.0 163.0
175.0 163.0
168.0 163.0
149.0 163.0
198.0 163.0
152.0 163.0
166.0 163.0
173.0 163.0
168.0 163.0
159.0 163.0
164.0 163.0
153.0 164.0
160.0 164.0
120.0 164.0
166.0 164.0
149.0 164.0
179.0 164.0
139.0 164.0
169.0 164.0
146.0 164.0
164.0 164.0
184.0 164.0
163.0 164.0
163.0 164.0
156.0 164.0
161.0 164.0
154.0 164.0
148.0 164.0
176.0 164.0
133.0 164.0
195.0 164.0
173.0 164.0
132.0 164.0
172.0 164.0
173.0 164.0
144.0 165.0
172.0 165.0
153.0 165.0
121.0 165.0
165.0 165.0
109.0 165.0
161.0 165.0
172.0 165.0
173.0 165.0
166.0 165.0
112.0 165.0
164.0 165.0
154.0 165.0
168.0 165.0
165.0 165.0
164.0 165.0
128.0 165.0
164.0 165.0
108.0 165.0
163.0 165.0
157.0 165.0
164.0 165.0
181.0 165.0
150.0 165.0
195.0 165.0
162.0 165.0
141.0 165.0
159.0 165.0
141.0 165.0
142.0 165.0
167.0 165.0
169.0 165.0
179.0 165.0
78.0 166.0
108.0 166.0
175.0 166.0
138.0 166.0
129.0 166.0
155.0 166.0
122.0 166.0
169.0 166.0
161.0 166.0
113.0 166.0
160.0 166.0
173.0 166.0
111.0 166.0
162.0 166.0
169.0 166.0
170.0 166.0
122.0 166.0
178.0 166.0
163.0 166.0
160.0 166.0
154.0 166.0
145.0 166.0
188.0 166.0
176.0 166.0
155.0 166.0
170.0 166.0
170.0 166.0
143.0 167.0
98.0 167.0
156.0 167.0
179.0 167.0
156.0 167.0
128.0 167.0
181.0 167.0
126.0 167.0
177.0 167.0
150.0 167.0
165.0 167.0
173.0 167.0
144.0 167.0
133.0 167.0
180.0 167.0
162.0 167.0
135.0 167.0
162.0 167.0
154.0 167.0
166.0 167.0
157.0 167.0
120.0 167.0
161.0 167.0
110.0 168.0
146.0 168.0
187.0 168.0
159.0 168.0
179.0 168.0
167.0 168.0
106.0 168.0
171.0 168.0
158.0 168.0
169.0 168.0
164.0 168.0
129.0 168.0
164.0 168.0
131.0 168.0
159.0 168.0
187.0 168.0
161.0 169.0
140.0 169.0
141.0 169.0
186.0 169.0
163.0 169.0
157.0 169.0
138.0 169.0
200.0 169.0
162.0 169.0
199.0 169.0
165.0 169.0
129.0 169.0
108.0 169.0
164.0 169.0
178.0 169.0
149.0 169.0
173.0 169.0
186.0 170.0
120.0 170.0
126.0 170.0
143.0 170.0
157.0 170.0
146.0 170.0
165.0 170.0
178.0 170.0
178.0 170.0
167.0 170.0
193.0 170.0
178.0 170.0
187.0 170.0
173.0 170.0
159.0 170.0
151.0 170.0
173.0 170.0
140.0 170.0
164.0 170.0
96.0 170.0
146.0 170.0
142.0 170.0
110.0 170.0
176.0 170.0
139.0 171.0
159.0 171.0
167.0 171.0
99.0 171.0
167.0 171.0
169.0 171.0
175.0 171.0
175.0 171.0
162.0 171.0
175.0 171.0
187.0 171.0
132.0 171.0
169.0 171.0
129.0 171.0
177.0 171.0
172.0 171.0
158.0 171.0
199.0 171.0
168.0 171.0
167.0 171.0
171.0 171.0
170.0 171.0
174.0 171.0
175.0 171.0
143.0 171.0
107.0 172.0
172.0 172.0
144.0 172.0
179.0 172.0
182.0 172.0
178.0 172.0
183.0 172.0
185.0 172.0
169.0 172.0
156.0 172.0
186.0 172.0
158.0 172.0
130.0 172.0
151.0 172.0
188.0 172.0
189.0 172.0
187.0 172.0
184.0 173.0
174.0 173.0
166.0 173.0
184.0 173.0
162.0 173.0
184.0 173.0
185.0 173.0
188.0 173.0
140.0 173.0
156.0 173.0
159.0 173.0
182.0 173.0
179.0 173.0
181.0 173.0
169.0 173.0
193.0 173.0
174.0 173.0
156.0 173.0
142.0 173.0
174.0 173.0
188.0 173.0
163.0 173.0
191.0 173.0
157.0 174.0
181.0 174.0
178.0 174.0
184.0 174.0
159.0 174.0
169.0 174.0
182.0 174.0
155.0 174.0
195.0 174.0
186.0 174.0
188.0 174.0
161.0 174.0
193.0 174.0
141.0 174.0
180.0 174.0
122.0 174.0
94.0 174.0
165.0 174.0
173.0 174.0
138.0 174.0
175.0 175.0
162.0 175.0
153.0 175.0
173.0 175.0
174.0 175.0
166.0 175.0
180.0 175.0
185.0 175.0
182.0 175.0
180.0 175.0
171.0 175.0
118.0 175.0
133.0 175.0
172.0 175.0
150.0 175.0
186.0 175.0
179.0 175.0
170.0 175.0
172.0 175.0
170.0 176.0
179.0 176.0
178.0 176.0
182.0 176.0
177.0 176.0
184.0 176.0
171.0 176.0
167.0 176.0
184.0 176.0
197.0 176.0
190.0 176.0
175.0 176.0
120.0 176.0
194.0 176.0
167.0 176.0
173.0 176.0
173.0 176.0
190.0 176.0
175.0 176.0
183.0 176.0
114.0 176.0
181.0 176.0
161.0 177.0
179.0 177.0
163.0 177.0
170.0 177.0
149.0 177.0
186.0 177.0
169.0 177.0
183.0 177.0
146.0 177.0
141.0 177.0
184.0 177.0
169.0 177.0
178.0 177.0
175.0 177.0
177.0 177.0
173.0 177.0
166.0 177.0
179.0 177.0
198.0 177.0
127.0 177.0
202.0 177.0
182.0 177.0
140.0 178.0
136.0 178.0
138.0 178.0
131.0 178.0
185.0 178.0
189.0 178.0
175.0 178.0
186.0 178.0
177.0 178.0
147.0 178.0
178.0 178.0
188.0 178.0
158.0 178.0
186.0 178.0
154.0 178.0
175.0 178.0
183.0 178.0
186.0 178.0
187.0 178.0
176.0 178.0
141.0 178.0
112.0 178.0
164.0 178.0
199.0 178.0
182.0 178.0
176.0 178.0
147.0 179.0
175.0 179.0
172.0 179.0
170.0 179.0
175.0 179.0
182.0 179.0
163.0 179.0
180.0 179.0
172.0 179.0
173.0 179.0
184.0 179.0
188.0 179.0
168.0 179.0
173.0 179.0
166.0 179.0
172.0 179.0
187.0 179.0
166.0 179.0
173.0 180.0
182.0 180.0
177.0 180.0
177.0 180.0
185.0 180.0
165.0 180.0
162.0 180.0
190.0 180.0
182.0 180.0
185.0 180.0
187.0 180.0
166.0 180.0
187.0 180.0
196.0 180.0
149.0 180.0
188.0 180.0
177.0 180.0
186.0 180.0
167.0 180.0
185.0 180.0
179.0 180.0
167.0 180.0
139.0 180.0
134.0 180.0
149.0 180.0
156.0 180.0
178.0 180.0
173.0 180.0
179.0 180.0
177.0 181.0
182.0 181.0
182.0 181.0
178.0 181.0
189.0 181.0
186.0 181.0
194.0 181.0
179.0 181.0
166.0 181.0
182.0 181.0
191.0 181.0
171.0 181.0
181.0 181.0
162.0 181.0
176.0 181.0
184.0 181.0
150.0 181.0
173.0 181.0
174.0 181.0
176.0 181.0
179.0 181.0
185.0 181.0
160.0 181.0
174.0 181.0
189.0 181.0
189.0 181.0
162.0 181.0
183.0 181.0
186.0 181.0
153.0 181.0
179.0 181.0
180.0 182.0
170.0 182.0
163.0 182.0
189.0 182.0
187.0 182.0
184.0 182.0
178.0 182.0
183.0 182.0
189.0 182.0
183.0 182.0
186.0 182.0
178.0 182.0
177.0 182.0
178.0 182.0
142.0 182.0
175.0 182.0
144.0 182.0
151.0 182.0
167.0 182.0
170.0 182.0
169.0 182.0
182.0 182.0
165.0 183.0
94.0 183.0
171.0 183.0
181.0 183.0
189.0 183.0
188.0 183.0
185.0 183.0
174.0 183.0
180.0 183.0
179.0 183.0
183.0 183.0
188.0 183.0
180.0 183.0
182.0 183.0
194.0 183.0
185.0 183.0
199.0 183.0
179.0 183.0
173.0 183.0
188.0 183.0
164.0 183.0
196.0 183.0
179.0 183.0
109.0 183.0
164.0 183.0
188.0 183.0
178.0 183.0
169.0 183.0
100.0 184.0
140.0 184.0
200.0 184.0
183.0 184.0
181.0 184.0
196.0 184.0
184.0 184.0
185.0 184.0
169.0 184.0
185.0 184.0
183.0 184.0
189.0 184.0
199.0 184.0
194.0 184.0
172.0 184.0
189.0 184.0
180.0 184.0
172.0 184.0
182.0 184.0
187.0 184.0
164.0 184.0
170.0 184.0
184.0 184.0
155.0 185.0
139.0 185.0
189.0 185.0
185.0 185.0
182.0 185.0
193.0 185.0
167.0 185.0
182.0 185.0
188.0 185.0
182.0 185.0
183.0 185.0
197.0 185.0
189.0 185.0
189.0 185.0
174.0 185.0
169.0 185.0
178.0 185.0
203.0 185.0
184.0 185.0
174.0 185.0
172.0 185.0
151.0 185.0
177.0 185.0
172.0 185.0
133.0 185.0
185.0 185.0
149.0 185.0
183.0 185.0
177.0 185.0
187.0 186.0
189.0 186.0
186.0 186.0
188.0 186.0
189.0 186.0
189.0 186.0
190.0 186.0
178.0 186.0
187.0 186.0
187.0 186.0
193.0 186.0
173.0 186.0
185.0 186.0
189.0 186.0
183.0 186.0
189.0 186.0
183.0 186.0
191.0 186.0
189.0 186.0
172.0 186.0
194.0 186.0
193.0 186.0
193.0 186.0
187.0 186.0
190.0 186.0
136.0 186.0
176.0 186.0
172.0 186.0
127.0 186.0
153.0 186.0
170.0 186.0
156.0 186.0
114.0 187.0
192.0 187.0
181.0 187.0
186.0 187.0
196.0 187.0
181.0 187.0
195.0 187.0
199.0 187.0
190.0 187.0
186.0 187.0
205.0 187.0
191.0 187.0
189.0 187.0
167.0 187.0
192.0 187.0
180.0 187.0
183.0 187.0
154.0 187.0
200.0 187.0
188.0 188.0
194.0 188.0
177.0 188.0
189.0 188.0
187.0 188.0
189.0 188.0
184.0 188.0
174.0 188.0
194.0 188.0
190.0 188.0
183.0 188.0
187.0 188.0
188.0 188.0
190.0 188.0
180.0 188.0
172.0 188.0
193.0 188.0
193.0 188.0
194.0 188.0
185.0 188.0
184.0 188.0
194.0 188.0
183.0 188.0
186.0 188.0
194.0 188.0
180.0 189.0
191.0 189.0
190.0 189.0
187.0 189.0
186.0 189.0
190.0 189.0
192.0 189.0
188.0 189.0
187.0 189.0
201.0 189.0
189.0 189.0
186.0 189.0
194.0 189.0
181.0 189.0
192.0 189.0
189.0 189.0
191.0 189.0
162.0 189.0
184.0 189.0
145.0 189.0
174.0 189.0
149.0 189.0
115.0 189.0
188.0 189.0
157.0 190.0
188.0 190.0
192.0 190.0
186.0 190.0
165.0 190.0
190.0 190.0
193.0 190.0
189.0 190.0
189.0 190.0
188.0 190.0
185.0 190.0
191.0 190.0
190.0 190.0
207.0 190.0
190.0 190.0
197.0 190.0
175.0 190.0
186.0 190.0
197.0 190.0
192.0 190.0
113.0 190.0
136.0 190.0
142.0 190.0
140.0 190.0
182.0 190.0
194.0 191.0
188.0 191.0
190.0 191.0
195.0 191.0
183.0 191.0
182.0 191.0
178.0 191.0
188.0 191.0
191.0 191.0
188.0 191.0
191.0 191.0
190.0 191.0
194.0 191.0
191.0 191.0
189.0 191.0
190.0 191.0
192.0 191.0
195.0 191.0
200.0 191.0
173.0 191.0
149.0 191.0
185.0 191.0
192.0 191.0
197.0 192.0
191.0 192.0
193.0 192.0
186.0 192.0
194.0 192.0
188.0 192.0
188.0 192.0
186.0 192.0
189.0 192.0
193.0 192.0
182.0 192.0
193.0 192.0
185.0 192.0
184.0 192.0
182.0 192.0
183.0 192.0
188.0 192.0
192.0 192.0
174.0 192.0
189.0 192.0
189.0 192.0
197.0 193.0
189.0 193.0
200.0 193.0
206.0 193.0
191.0 193.0
192.0 193.0
185.0 193.0
178.0 193.0
175.0 193.0
189.0 193.0
200.0 193.0
195.0 193.0
178.0 193.0
195.0 193.0
187.0 193.0
200.0 193.0
201.0 193.0
196.0 193.0
188.0 193.0
180.0 193.0
202.0 193.0
163.0 193.0
187.0 193.0
186.0 193.0
129.0 193.0
182.0 193.0
198.0 194.0
199.0 194.0
204.0 194.0
194.0 194.0
185.0 194.0
206.0 194.0
202.0 194.0
193.0 194.0
206.0 194.0
203.0 194.0
190.0 194.0
196.0 194.0
170.0 194.0
194.0 194.0
181.0 194.0
191.0 194.0
187.0 194.0
185.0 195.0
192.0 195.0
190.0 195.0
194.0 195.0
194.0 195.0
195.0 195.0
193.0 195.0
192.0 195.0
196.0 195.0
190.0 195.0
189.0 195.0
195.0 195.0
155.0 195.0
198.0 196.0
193.0 196.0
195.0 196.0
184.0 196.0
206.0 196.0
195.0 196.0
196.0 196.0
189.0 196.0
190.0 196.0
201.0 196.0
185.0 196.0
196.0 196.0
172.0 196.0
205.0 196.0
182.0 196.0
189.0 197.0
195.0 197.0
191.0 197.0
189.0 197.0
188.0 197.0
188.0 197.0
189.0 197.0
199.0 197.0
199.0 197.0
197.0 197.0
191.0 197.0
189.0 197.0
198.0 197.0
185.0 197.0
180.0 197.0
196.0 197.0
198.0 198.0
196.0 198.0
200.0 198.0
192.0 198.0
204.0 198.0
191.0 198.0
202.0 198.0
182.0 198.0
204.0 199.0
193.0 199.0
199.0 199.0
200.0 199.0
159.0 200.0
192.0 200.0
197.0 200.0
185.0 200.0
197.0 200.0
195.0 200.0
173.0 200.0
202.0 201.0
203.0 201.0
200.0 201.0
193.0 201.0
207.0 201.0
194.0 202.0
199.0 202.0
195.0 202.0
195.0 202.0
203.0 202.0
205.0 202.0
158.0 202.0
196.0 203.0
183.0 203.0
196.0 203.0
201.0 203.0
203.0 203.0
197.0 203.0
199.0 203.0
204.0 203.0
207.0 204.0
202.0 204.0
199.0 204.0
201.0 204.0
196.0 204.0
194.0 204.0
202.0 205.0
190.0 205.0
206.0 205.0
200.0 205.0
194.0 205.0
208.0 205.0
208.0 205.0
193.0 205.0
203.0 206.0
206.0 206.0
205.0 206.0
204.0 206.0
202.0 206.0
209.0 206.0
200.0 206.0
196.0 206.0
204.0 207.0
201.0 207.0
192.0 207.0
206.0 208.0
202.0 208.0
