1.0 90.49518925657267
2.0 101.16922928018043
3.0 99.40512731912733
4.0 97.16701764091087
5.0 95.7889160050725
6.0 94.00730453159377
7.0 92.94641195057635
8.0 92.18019494710074
9.0 91.48777575940771
10.0 90.90300917038431
11.0 90.53722174265482
12.0 90.14896429295563
13.0 89.70552920724549
14.0 89.65779192639054
15.0 89.33834866357073
16.0 88.92914517132348
17.0 89.06033253738802
18.0 88.84972668580473
19.0 88.75611964250656
20.0 88.62277061910612
21.0 88.50622700636679
22.0 88.47052258596447
23.0 88.36982795060388
24.0 88.31443198822865
25.0 88.30420061923991
26.0 88.25077750906064
27.0 88.1765723193737
28.0 88.17272962124808
29.0 88.17475364593658
30.0 88.09844188978778
31.0 88.12686670409303
32.0 88.08458052095608
33.0 88.0789076143723
34.0 88.07361857822072
35.0 88.07216643277448
36.0 88.05283719123152
37.0 88.03636322510243
38.0 88.03936938918336
39.0 88.04302317086247
40.0 88.03282881537443
41.0 88.02232905717877
42.0 88.02072443902269
43.0 88.02726876023087
44.0 88.02415647485232
45.0 88.02004987633909
46.0 88.01715505950409
47.0 88.0180728908147
48.0 88.01764867701355
49.0 88.01617649284033
50.0 88.014431529274
