100.0 100.0
114.0 118.0
131.0 123.0
130.0 128.0
133.0 128.0
136.0 129.0
131.0 129.0
130.0 129.0
140.0 129.0
131.0 130.0
130.0 130.0
134.0 130.0
127.0 130.0
137.0 131.0
137.0 131.0
137.0 131.0
130.0 131.0
134.0 131.0
133.0 132.0
137.0 132.0
131.0 132.0
138.0 132.0
134.0 132.0
133.0 132.0
132.0 133.0
133.0 133.0
136.0 133.0
136.0 133.0
136.0 133.0
135.0 133.0
132.0 133.0
138.0 133.0
133.0 133.0
132.0 134.0
138.0 134.0
132.0 134.0
134.0 134.0
136.0 134.0
134.0 134.0
139.0 134.0
130.0 134.0
133.0 134.0
140.0 134.0
131.0 134.0
135.0 134.0
138.0 134.0
134.0 134.0
134.0 134.0
136.0 135.0
131.0 135.0
134.0 135.0
135.0 135.0
138.0 135.0
138.0 135.0
136.0 135.0
135.0 135.0
127.0 136.0
140.0 136.0
132.0 136.0
134.0 136.0
136.0 136.0
136.0 136.0
138.0 136.0
138.0 137.0
139.0 137.0
129.0 137.0
134.0 137.0
133.0 137.0
135.0 137.0
136.0 137.0
136.0 137.0
136.0 138.0
132.0 138.0
143.0 138.0
142.0 138.0
141.0 138.0
143.0 138.0
137.0 138.0
137.0 139.0
136.0 139.0
136.0 139.0
130.0 139.0
139.0 139.0
140.0 139.0
143.0 139.0
140.0 139.0
140.0 139.0
134.0 140.0
138.0 140.0
141.0 140.0
140.0 140.0
143.0 140.0
139.0 140.0
135.0 141.0
139.0 141.0
145.0 142.0
138.0 142.0
135.0 143.0
136.0 144.0
139.0 144.0
148.0 146.0
