67.0 73.0
120.0 116.0
134.0 121.0
128.0 124.0
138.0 126.0
141.0 129.0
147.0 131.0
131.0 133.0
141.0 135.0
140.0 136.0
153.0 137.0
143.0 137.0
127.0 137.0
135.0 137.0
138.0 137.0
142.0 138.0
140.0 138.0
144.0 138.0
139.0 138.0
143.0 138.0
150.0 138.0
141.0 139.0
145.0 139.0
138.0 139.0
141.0 139.0
137.0 139.0
143.0 139.0
141.0 139.0
145.0 139.0
150.0 139.0
147.0 140.0
143.0 140.0
139.0 140.0
144.0 140.0
140.0 140.0
140.0 140.0
146.0 140.0
144.0 140.0
142.0 140.0
142.0 140.0
141.0 140.0
138.0 140.0
141.0 141.0
141.0 141.0
147.0 141.0
142.0 141.0
144.0 141.0
141.0 141.0
138.0 141.0
145.0 141.0
143.0 141.0
139.0 141.0
144.0 142.0
140.0 142.0
147.0 142.0
146.0 142.0
133.0 142.0
145.0 142.0
140.0 142.0
141.0 142.0
148.0 142.0
142.0 142.0
144.0 142.0
141.0 142.0
147.0 142.0
143.0 142.0
145.0 142.0
143.0 143.0
148.0 143.0
145.0 143.0
150.0 143.0
145.0 143.0
143.0 143.0
142.0 143.0
137.0 143.0
151.0 143.0
144.0 143.0
141.0 143.0
144.0 143.0
146.0 143.0
147.0 144.0
143.0 144.0
144.0 144.0
144.0 144.0
144.0 144.0
141.0 144.0
144.0 144.0
139.0 144.0
144.0 144.0
141.0 144.0
142.0 144.0
143.0 144.0
146.0 144.0
147.0 145.0
141.0 145.0
145.0 145.0
146.0 145.0
142.0 145.0
138.0 145.0
141.0 145.0
146.0 145.0
144.0 145.0
141.0 145.0
145.0 145.0
144.0 145.0
146.0 145.0
142.0 145.0
147.0 146.0
141.0 146.0
139.0 146.0
147.0 146.0
142.0 146.0
148.0 146.0
144.0 146.0
148.0 146.0
144.0 146.0
138.0 146.0
149.0 147.0
137.0 147.0
141.0 147.0
144.0 147.0
141.0 147.0
144.0 147.0
148.0 147.0
145.0 147.0
144.0 147.0
141.0 147.0
141.0 147.0
142.0 148.0
150.0 148.0
159.0 148.0
140.0 148.0
142.0 148.0
138.0 148.0
147.0 148.0
149.0 149.0
153.0 149.0
148.0 149.0
143.0 149.0
147.0 149.0
145.0 149.0
151.0 150.0
139.0 150.0
148.0 150.0
143.0 150.0
147.0 150.0
148.0 150.0
146.0 150.0
150.0 151.0
149.0 151.0
148.0 151.0
151.0 152.0
152.0 152.0
149.0 153.0
155.0 154.0
149.0 155.0
152.0 155.0
154.0 158.0
159.0 159.0
160.0 159.0
