74.0 67.0
79.0 73.0
124.0 98.0
91.0 104.0
114.0 105.0
114.0 110.0
116.0 111.0
112.0 112.0
118.0 113.0
138.0 114.0
107.0 114.0
123.0 114.0
112.0 116.0
127.0 117.0
124.0 117.0
115.0 117.0
122.0 117.0
125.0 118.0
120.0 118.0
121.0 118.0
127.0 118.0
124.0 120.0
128.0 120.0
122.0 120.0
124.0 120.0
123.0 120.0
127.0 120.0
129.0 120.0
123.0 120.0
128.0 121.0
124.0 121.0
119.0 121.0
127.0 121.0
124.0 121.0
125.0 121.0
132.0 122.0
123.0 122.0
120.0 122.0
123.0 122.0
122.0 122.0
123.0 123.0
122.0 123.0
128.0 123.0
131.0 123.0
131.0 123.0
126.0 123.0
127.0 123.0
127.0 124.0
126.0 124.0
124.0 124.0
128.0 124.0
121.0 124.0
133.0 124.0
123.0 124.0
129.0 125.0
131.0 125.0
125.0 125.0
128.0 125.0
120.0 125.0
127.0 125.0
128.0 126.0
127.0 126.0
127.0 126.0
125.0 126.0
127.0 126.0
124.0 126.0
126.0 126.0
131.0 126.0
121.0 126.0
124.0 126.0
128.0 126.0
128.0 127.0
129.0 127.0
128.0 127.0
128.0 127.0
143.0 127.0
128.0 127.0
130.0 127.0
127.0 127.0
134.0 127.0
123.0 127.0
130.0 127.0
132.0 128.0
125.0 128.0
129.0 128.0
128.0 128.0
131.0 128.0
132.0 128.0
137.0 128.0
131.0 129.0
129.0 129.0
130.0 129.0
128.0 129.0
128.0 129.0
130.0 129.0
129.0 129.0
125.0 130.0
128.0 130.0
124.0 130.0
132.0 130.0
130.0 130.0
134.0 130.0
126.0 130.0
126.0 130.0
134.0 130.0
110.0 130.0
133.0 130.0
126.0 130.0
129.0 131.0
128.0 131.0
141.0 131.0
133.0 131.0
127.0 132.0
125.0 132.0
126.0 132.0
132.0 134.0
131.0 136.0
132.0 138.0
134.0 139.0
137.0 140.0
127.0 147.0
141.0 151.0
162.0 151.0
