76.0 83.0
101.0 99.0
113.0 101.0
100.0 102.0
108.0 102.0
111.0 103.0
107.0 104.0
108.0 104.0
110.0 104.0
104.0 104.0
113.0 105.0
105.0 105.0
105.0 105.0
107.0 105.0
108.0 105.0
116.0 106.0
109.0 106.0
105.0 106.0
108.0 106.0
106.0 106.0
107.0 106.0
106.0 106.0
111.0 106.0
103.0 106.0
108.0 106.0
114.0 107.0
112.0 107.0
109.0 107.0
104.0 107.0
113.0 107.0
113.0 107.0
109.0 108.0
111.0 108.0
112.0 108.0
113.0 108.0
107.0 109.0
109.0 109.0
110.0 109.0
115.0 109.0
108.0 109.0
108.0 109.0
103.0 109.0
108.0 109.0
110.0 109.0
109.0 109.0
109.0 109.0
108.0 109.0
113.0 109.0
104.0 110.0
110.0 110.0
110.0 110.0
109.0 110.0
106.0 110.0
110.0 110.0
105.0 110.0
116.0 111.0
116.0 111.0
107.0 111.0
113.0 111.0
105.0 111.0
104.0 111.0
104.0 111.0
111.0 112.0
111.0 112.0
113.0 112.0
117.0 112.0
112.0 112.0
111.0 113.0
112.0 113.0
117.0 113.0
113.0 113.0
114.0 114.0
116.0 114.0
113.0 115.0
115.0 115.0
115.0 115.0
113.0 115.0
110.0 115.0
115.0 116.0
107.0 116.0
122.0 116.0
114.0 117.0
117.0 117.0
114.0 118.0
117.0 119.0
117.0 119.0
116.0 120.0
118.0 122.0
123.0 129.0
174.0 186.0
192.0 193.0
