106.0 97.0
163.0 159.0
164.0 165.0
173.0 166.0
175.0 168.0
171.0 168.0
169.0 168.0
172.0 169.0
172.0 169.0
180.0 170.0
175.0 170.0
175.0 170.0
180.0 170.0
171.0 170.0
170.0 170.0
171.0 170.0
175.0 171.0
171.0 171.0
171.0 172.0
168.0 172.0
174.0 172.0
180.0 173.0
175.0 173.0
170.0 174.0
171.0 174.0
173.0 175.0
175.0 175.0
167.0 176.0
175.0 176.0
183.0 176.0
176.0 177.0
176.0 178.0
174.0 180.0
178.0 181.0
178.0 181.0
172.0 182.0
188.0 182.0
190.0 189.0
188.0 191.0
