80.0 59.0
87.0 74.0
129.0 83.0
90.0 88.0
98.0 89.0
96.0 91.0
102.0 91.0
98.0 91.0
100.0 93.0
104.0 93.0
106.0 94.0
100.0 94.0
93.0 95.0
102.0 95.0
111.0 97.0
106.0 99.0
98.0 99.0
119.0 100.0
107.0 101.0
106.0 102.0
111.0 102.0
107.0 102.0
108.0 104.0
110.0 104.0
149.0 106.0
113.0 107.0
114.0 108.0
116.0 109.0
109.0 109.0
111.0 109.0
115.0 109.0
113.0 110.0
125.0 110.0
121.0 110.0
115.0 111.0
114.0 111.0
112.0 111.0
127.0 111.0
110.0 112.0
114.0 112.0
110.0 112.0
109.0 112.0
104.0 112.0
117.0 113.0
114.0 113.0
110.0 113.0
113.0 113.0
119.0 113.0
115.0 113.0
117.0 114.0
110.0 114.0
116.0 114.0
113.0 115.0
127.0 115.0
114.0 116.0
108.0 116.0
115.0 117.0
116.0 117.0
118.0 119.0
118.0 119.0
143.0 120.0
121.0 122.0
113.0 123.0
126.0 127.0
128.0 132.0
142.0 133.0
135.0 134.0
139.0 134.0
117.0 138.0
164.0 138.0
145.0 141.0
153.0 162.0
