124.0 97.0
171.0 151.0
164.0 158.0
164.0 159.0
166.0 161.0
164.0 161.0
168.0 162.0
169.0 163.0
166.0 164.0
168.0 165.0
169.0 165.0
169.0 165.0
171.0 165.0
172.0 166.0
170.0 166.0
168.0 166.0
164.0 167.0
169.0 167.0
168.0 167.0
164.0 167.0
171.0 168.0
172.0 168.0
169.0 168.0
165.0 168.0
168.0 168.0
169.0 169.0
169.0 169.0
174.0 169.0
169.0 169.0
168.0 169.0
170.0 170.0
169.0 170.0
171.0 170.0
171.0 170.0
170.0 170.0
172.0 170.0
168.0 170.0
171.0 171.0
168.0 171.0
175.0 172.0
170.0 172.0
175.0 172.0
173.0 172.0
172.0 173.0
169.0 174.0
170.0 174.0
171.0 175.0
176.0 179.0
174.0 181.0
182.0 184.0
