65.0 94.0
124.0 97.0
108.0 104.0
115.0 111.0
128.0 111.0
125.0 112.0
129.0 115.0
113.0 117.0
114.0 118.0
126.0 119.0
103.0 120.0
123.0 121.0
119.0 122.0
130.0 124.0
121.0 125.0
125.0 126.0
133.0 126.0
126.0 127.0
140.0 128.0
132.0 128.0
134.0 128.0
133.0 128.0
132.0 129.0
122.0 129.0
140.0 129.0
129.0 129.0
133.0 129.0
134.0 130.0
140.0 130.0
132.0 130.0
136.0 130.0
137.0 131.0
132.0 131.0
130.0 131.0
140.0 131.0
129.0 131.0
121.0 131.0
133.0 132.0
133.0 132.0
132.0 133.0
136.0 133.0
138.0 133.0
133.0 133.0
134.0 133.0
133.0 133.0
138.0 134.0
136.0 134.0
133.0 134.0
129.0 134.0
141.0 134.0
131.0 134.0
138.0 134.0
138.0 134.0
82.0 134.0
134.0 134.0
138.0 134.0
138.0 135.0
141.0 135.0
131.0 136.0
134.0 136.0
136.0 136.0
125.0 136.0
136.0 136.0
138.0 136.0
137.0 136.0
139.0 137.0
133.0 137.0
135.0 137.0
142.0 137.0
136.0 138.0
141.0 138.0
143.0 138.0
144.0 138.0
142.0 138.0
126.0 138.0
136.0 138.0
141.0 138.0
143.0 138.0
133.0 138.0
143.0 138.0
137.0 138.0
138.0 138.0
140.0 138.0
136.0 139.0
130.0 139.0
139.0 139.0
140.0 139.0
138.0 139.0
144.0 139.0
143.0 139.0
141.0 139.0
140.0 139.0
138.0 140.0
143.0 140.0
130.0 140.0
139.0 140.0
139.0 140.0
141.0 141.0
138.0 141.0
137.0 141.0
135.0 141.0
142.0 141.0
139.0 141.0
143.0 142.0
137.0 142.0
139.0 143.0
139.0 143.0
143.0 143.0
136.0 144.0
141.0 144.0
136.0 144.0
146.0 145.0
136.0 145.0
145.0 146.0
148.0 146.0
137.0 150.0
151.0 151.0
139.0 160.0
160.0 172.0
