60.0 50.0
56.0 52.0
59.0 56.0
76.0 56.0
56.0 56.0
53.0 58.0
66.0 60.0
59.0 60.0
56.0 60.0
54.0 61.0
68.0 61.0
67.0 61.0
68.0 62.0
67.0 62.0
63.0 62.0
49.0 62.0
63.0 63.0
62.0 64.0
51.0 64.0
86.0 64.0
59.0 64.0
71.0 65.0
61.0 65.0
64.0 66.0
67.0 66.0
69.0 67.0
72.0 67.0
66.0 67.0
79.0 68.0
65.0 68.0
69.0 68.0
67.0 69.0
78.0 69.0
72.0 70.0
71.0 70.0
86.0 71.0
69.0 72.0
76.0 73.0
75.0 74.0
75.0 75.0
59.0 75.0
74.0 76.0
75.0 76.0
73.0 76.0
84.0 77.0
75.0 78.0
76.0 78.0
77.0 78.0
72.0 79.0
118.0 81.0
81.0 81.0
71.0 82.0
82.0 84.0
84.0 84.0
72.0 84.0
95.0 85.0
62.0 85.0
87.0 85.0
69.0 85.0
93.0 88.0
86.0 89.0
84.0 90.0
58.0 90.0
79.0 94.0
91.0 99.0
