60.081644894972094 59.05358627565464
58.17561967805484 59.857235063417455
60.28874978497395 60.838575813177876
68.12237277078802 65.81705082632918
58.78843280658471 66.07683240825142
65.96674063306162 69.44265051977301
65.26263777378809 69.96459200937717
71.08824772887597 71.26321128251907
66.60149861936918 71.26373998933227
69.39096154655282 73.77405104915297
74.54393652769893 74.5121565806485
80.6238397780561 76.77768257514283
79.7718973715411 79.39601144373023
78.29450521766712 85.134427985413
96.80775495988486 86.09597442539763
87.88998373444738 87.38852565996521
94.8456568465653 95.20360234542704
92.15922970476224 95.76858658201071
104.32767993300924 101.23503311951191
93.24840325917404 101.82321216892444
106.12713094801903 107.00137219145664
108.24321426799379 108.64816289108582
108.73688488502242 109.32695147805386
100.12634176388237 110.133131612724
115.0009123093199 110.17357833347323
110.82453992821823 112.89976714695511
116.69419137411975 117.60337844250282
126.68468593543497 118.74879166868364
121.6195059147111 122.21713712921056
125.07834837033155 122.60506948599749
125.95650185300575 124.24926173435648
132.58407136650317 132.72845020957104
136.81589205276185 133.50634985370846
134.39704167782335 134.29041015903752
140.28552617153426 137.32051688589348
145.62260210051153 143.10935125564782
143.75753921743205 143.53099768983424
148.7014596863794 145.23583905945998
144.3619793463525 146.8548324304286
148.52646991725175 147.93917129657268
152.87344992498308 152.25094576732073
153.33238352635055 153.87164105801557
147.6595346489504 155.3768937579862
158.88231690218174 155.89737532939316
156.60796325525502 156.32073210404369
149.68065485187597 156.4066116963009
158.81537964704785 161.21526063820355
161.6797915780751 161.2685012643875
144.5589059542043 163.4066954974543
164.0617919047372 164.02013540096115
169.1159745013666 167.82412147862811
173.16643999108913 171.56566030923835
182.42784286181092 178.25276508823066
178.81529403087637 178.62849311462344
181.82386540123363 180.73689332062338
185.09386346047364 182.54641416106548
189.88906460214622 188.35554475773003
193.11671729273536 192.24418600081495
192.2152189165118 195.53356048638295
202.6107813458876 199.68584637873857
200.0257126853878 199.77346629488406
202.65914004413068 201.5968926774265
207.13696717860054 205.6485903365932
209.318007525339 208.46470152377094
