53.0 59.0
170.0 142.0
152.0 146.0
151.0 151.0
158.0 153.0
157.0 154.0
160.0 154.0
158.0 155.0
158.0 155.0
155.0 155.0
156.0 155.0
158.0 155.0
156.0 155.0
155.0 156.0
155.0 156.0
159.0 156.0
162.0 156.0
157.0 156.0
161.0 156.0
159.0 156.0
158.0 156.0
157.0 157.0
159.0 157.0
160.0 157.0
158.0 157.0
158.0 157.0
153.0 157.0
162.0 157.0
158.0 157.0
154.0 158.0
158.0 158.0
157.0 158.0
159.0 158.0
156.0 158.0
162.0 158.0
157.0 158.0
158.0 158.0
152.0 158.0
162.0 159.0
160.0 159.0
160.0 159.0
161.0 159.0
160.0 159.0
159.0 160.0
158.0 160.0
157.0 160.0
160.0 160.0
160.0 160.0
158.0 160.0
160.0 161.0
159.0 161.0
161.0 161.0
157.0 161.0
158.0 161.0
162.0 161.0
159.0 161.0
158.0 161.0
156.0 162.0
159.0 162.0
164.0 162.0
160.0 162.0
163.0 162.0
163.0 163.0
158.0 163.0
159.0 164.0
162.0 165.0
160.0 165.0
165.0 165.0
