44.0 44.0
51.0 47.0
49.0 50.0
49.0 51.0
70.0 51.0
67.0 52.0
57.0 53.0
55.0 53.0
52.0 53.0
65.0 54.0
45.0 54.0
62.0 55.0
56.0 55.0
55.0 55.0
58.0 56.0
59.0 56.0
53.0 56.0
57.0 57.0
57.0 57.0
50.0 57.0
57.0 57.0
59.0 57.0
58.0 58.0
60.0 58.0
57.0 58.0
52.0 58.0
60.0 58.0
55.0 58.0
59.0 59.0
62.0 59.0
75.0 60.0
62.0 60.0
70.0 60.0
55.0 60.0
59.0 60.0
62.0 60.0
59.0 60.0
62.0 61.0
61.0 61.0
61.0 61.0
55.0 62.0
59.0 62.0
65.0 62.0
70.0 62.0
62.0 62.0
68.0 63.0
67.0 63.0
63.0 64.0
54.0 64.0
58.0 64.0
65.0 64.0
58.0 64.0
68.0 64.0
61.0 64.0
61.0 65.0
56.0 65.0
55.0 65.0
60.0 65.0
59.0 65.0
41.0 66.0
67.0 67.0
63.0 68.0
70.0 69.0
69.0 69.0
74.0 70.0
71.0 71.0
79.0 71.0
70.0 75.0
52.0 76.0
79.0 80.0
100.0 101.0
