50.0 52.0
55.0 53.0
50.0 55.0
59.0 56.0
61.0 56.0
62.0 56.0
62.0 56.0
55.0 56.0
64.0 57.0
56.0 57.0
56.0 57.0
62.0 58.0
60.0 58.0
75.0 58.0
62.0 59.0
64.0 59.0
65.0 59.0
63.0 59.0
57.0 59.0
64.0 59.0
60.0 59.0
56.0 60.0
68.0 60.0
55.0 60.0
61.0 60.0
58.0 60.0
57.0 60.0
64.0 61.0
62.0 61.0
64.0 61.0
57.0 61.0
65.0 61.0
51.0 61.0
69.0 61.0
63.0 62.0
61.0 62.0
65.0 62.0
61.0 62.0
64.0 62.0
68.0 63.0
59.0 63.0
61.0 63.0
64.0 63.0
65.0 63.0
65.0 63.0
66.0 64.0
61.0 64.0
79.0 64.0
67.0 64.0
62.0 64.0
64.0 65.0
71.0 66.0
65.0 66.0
67.0 66.0
72.0 66.0
80.0 66.0
62.0 66.0
67.0 66.0
72.0 66.0
65.0 67.0
65.0 67.0
65.0 68.0
62.0 68.0
63.0 68.0
66.0 68.0
63.0 68.0
62.0 68.0
85.0 68.0
71.0 69.0
84.0 69.0
69.0 69.0
52.0 69.0
58.0 69.0
65.0 70.0
64.0 70.0
61.0 70.0
70.0 71.0
61.0 71.0
69.0 72.0
64.0 73.0
65.0 73.0
60.0 73.0
65.0 74.0
63.0 76.0
78.0 77.0
68.0 77.0
70.0 77.0
70.0 77.0
82.0 78.0
72.0 80.0
61.0 80.0
79.0 82.0
69.0 83.0
88.0 84.0
71.0 86.0
90.0 92.0
99.0 95.0
80.0 96.0
74.0 100.0
83.0 102.0
72.0 109.0
74.0 111.0
89.0 117.0
94.0 119.0
95.0 129.0
95.0 175.0
