100.0 101.0
146.0 132.0
152.0 136.0
155.0 138.0
150.0 143.0
150.0 143.0
147.0 144.0
152.0 144.0
150.0 145.0
148.0 145.0
149.0 145.0
154.0 146.0
150.0 146.0
146.0 146.0
141.0 147.0
153.0 147.0
149.0 147.0
145.0 147.0
154.0 147.0
155.0 148.0
150.0 148.0
144.0 148.0
151.0 148.0
151.0 148.0
148.0 148.0
146.0 148.0
150.0 148.0
153.0 149.0
143.0 149.0
148.0 149.0
152.0 149.0
150.0 149.0
145.0 149.0
154.0 149.0
149.0 149.0
151.0 150.0
145.0 150.0
149.0 150.0
148.0 150.0
150.0 150.0
153.0 150.0
155.0 150.0
151.0 150.0
149.0 150.0
147.0 150.0
148.0 151.0
147.0 151.0
150.0 151.0
147.0 151.0
150.0 151.0
146.0 151.0
153.0 152.0
149.0 152.0
150.0 153.0
153.0 153.0
151.0 153.0
150.0 153.0
156.0 153.0
148.0 154.0
149.0 154.0
150.0 154.0
150.0 154.0
147.0 154.0
152.0 154.0
153.0 155.0
151.0 155.0
153.0 157.0
153.0 157.0
150.0 160.0
149.0 179.0
