129.0 83.0
98.0 86.0
90.0 88.0
98.0 89.0
104.0 93.0
100.0 94.0
102.0 95.0
98.0 99.0
108.0 99.0
107.0 101.0
107.0 102.0
104.0 103.0
111.0 103.0
112.0 104.0
109.0 109.0
111.0 109.0
115.0 109.0
113.0 110.0
112.0 110.0
121.0 110.0
115.0 111.0
114.0 111.0
112.0 111.0
110.0 112.0
109.0 112.0
113.0 112.0
117.0 113.0
117.0 113.0
110.0 113.0
113.0 113.0
119.0 113.0
115.0 113.0
117.0 114.0
110.0 114.0
116.0 114.0
119.0 115.0
113.0 115.0
127.0 115.0
117.0 116.0
114.0 116.0
116.0 116.0
109.0 116.0
108.0 116.0
116.0 116.0
115.0 117.0
107.0 117.0
116.0 117.0
118.0 119.0
118.0 119.0
113.0 123.0
120.0 125.0
121.0 127.0
135.0 134.0
117.0 138.0
