106.0 96.0
75.0 105.0
137.0 125.0
142.0 130.0
143.0 130.0
142.0 132.0
135.0 137.0
149.0 138.0
148.0 139.0
146.0 143.0
152.0 144.0
147.0 144.0
147.0 145.0
146.0 146.0
149.0 147.0
150.0 147.0
141.0 147.0
153.0 147.0
157.0 147.0
146.0 147.0
150.0 148.0
149.0 148.0
152.0 149.0
147.0 149.0
152.0 149.0
146.0 149.0
154.0 149.0
149.0 149.0
150.0 149.0
149.0 149.0
151.0 149.0
152.0 149.0
155.0 150.0
148.0 150.0
154.0 150.0
154.0 150.0
147.0 150.0
153.0 150.0
149.0 151.0
156.0 151.0
149.0 151.0
150.0 151.0
152.0 151.0
151.0 151.0
150.0 151.0
153.0 151.0
150.0 151.0
155.0 151.0
151.0 151.0
149.0 152.0
150.0 152.0
154.0 152.0
154.0 153.0
154.0 153.0
160.0 153.0
154.0 153.0
154.0 153.0
151.0 153.0
147.0 154.0
157.0 154.0
153.0 154.0
153.0 154.0
155.0 154.0
152.0 154.0
153.0 154.0
154.0 155.0
155.0 155.0
150.0 155.0
154.0 155.0
155.0 155.0
151.0 156.0
151.0 156.0
156.0 156.0
160.0 157.0
154.0 157.0
154.0 157.0
150.0 157.0
