52.0 53.0
94.0 62.0
55.0 64.0
82.0 65.0
98.0 77.0
90.0 88.0
99.0 89.0
97.0 89.0
82.0 90.0
97.0 93.0
91.0 95.0
106.0 97.0
136.0 98.0
122.0 99.0
136.0 100.0
76.0 101.0
103.0 102.0
90.0 105.0
123.0 107.0
124.0 112.0
105.0 112.0
112.0 115.0
120.0 116.0
121.0 119.0
135.0 127.0
128.0 127.0
124.0 129.0
134.0 131.0
119.0 131.0
134.0 132.0
123.0 134.0
123.0 134.0
117.0 136.0
128.0 136.0
146.0 139.0
128.0 140.0
119.0 141.0
140.0 142.0
159.0 142.0
104.0 143.0
123.0 151.0
144.0 155.0
151.0 174.0
164.0 175.0
182.0 200.0
