101.0 100.0
172.0 150.0
166.0 155.0
167.0 157.0
169.0 162.0
170.0 166.0
181.0 169.0
162.0 169.0
176.0 169.0
173.0 170.0
186.0 170.0
184.0 172.0
173.0 172.0
177.0 173.0
186.0 173.0
172.0 174.0
175.0 174.0
178.0 174.0
174.0 175.0
179.0 175.0
178.0 175.0
181.0 176.0
183.0 176.0
174.0 177.0
182.0 177.0
183.0 177.0
173.0 178.0
179.0 178.0
183.0 178.0
180.0 178.0
179.0 179.0
175.0 179.0
186.0 180.0
185.0 180.0
180.0 180.0
191.0 181.0
193.0 181.0
180.0 181.0
183.0 181.0
181.0 182.0
187.0 182.0
190.0 183.0
187.0 183.0
187.0 183.0
180.0 183.0
180.0 184.0
181.0 184.0
179.0 185.0
180.0 185.0
192.0 185.0
188.0 185.0
188.0 185.0
185.0 186.0
180.0 186.0
185.0 186.0
188.0 186.0
186.0 186.0
167.0 187.0
187.0 187.0
189.0 187.0
180.0 187.0
187.0 188.0
181.0 188.0
188.0 189.0
186.0 189.0
189.0 190.0
179.0 191.0
177.0 191.0
187.0 191.0
193.0 191.0
192.0 191.0
189.0 193.0
192.0 195.0
200.0 195.0
186.0 195.0
190.0 196.0
202.0 199.0
200.0 200.0
195.0 216.0
