106.0 83.0
100.0 99.0
117.0 106.0
103.0 107.0
123.0 107.0
119.0 107.0
114.0 110.0
115.0 111.0
119.0 111.0
143.0 111.0
111.0 112.0
115.0 113.0
118.0 113.0
99.0 116.0
117.0 116.0
123.0 118.0
124.0 121.0
123.0 122.0
131.0 123.0
126.0 123.0
105.0 123.0
123.0 124.0
129.0 125.0
127.0 126.0
127.0 126.0
137.0 127.0
130.0 127.0
129.0 128.0
123.0 128.0
129.0 129.0
128.0 130.0
110.0 130.0
126.0 130.0
128.0 131.0
138.0 132.0
135.0 133.0
127.0 133.0
148.0 144.0
189.0 191.0
