77.0 56.0
53.0 59.0
69.0 68.0
64.0 68.0
69.0 69.0
80.0 77.0
80.0 78.0
87.0 82.0
103.0 83.0
88.0 83.0
82.0 84.0
95.0 88.0
98.0 88.0
83.0 89.0
88.0 89.0
91.0 89.0
88.0 89.0
91.0 90.0
90.0 90.0
98.0 92.0
92.0 93.0
94.0 93.0
100.0 94.0
87.0 94.0
97.0 95.0
96.0 97.0
124.0 97.0
82.0 97.0
94.0 98.0
103.0 98.0
99.0 98.0
99.0 100.0
101.0 101.0
103.0 102.0
104.0 102.0
85.0 103.0
99.0 103.0
104.0 104.0
100.0 104.0
105.0 106.0
103.0 107.0
86.0 109.0
87.0 109.0
78.0 112.0
134.0 147.0
161.0 151.0
