96.0 91.0
108.0 96.0
118.0 97.0
115.0 100.0
120.0 101.0
114.0 110.0
113.0 113.0
161.0 114.0
124.0 122.0
133.0 126.0
129.0 126.0
139.0 128.0
132.0 129.0
126.0 129.0
142.0 132.0
138.0 132.0
135.0 135.0
142.0 135.0
143.0 136.0
147.0 136.0
133.0 137.0
147.0 137.0
137.0 137.0
137.0 138.0
141.0 138.0
144.0 139.0
142.0 139.0
139.0 139.0
137.0 139.0
146.0 139.0
145.0 139.0
137.0 139.0
141.0 139.0
141.0 139.0
143.0 140.0
143.0 141.0
138.0 141.0
137.0 141.0
142.0 141.0
133.0 141.0
139.0 141.0
141.0 142.0
141.0 142.0
146.0 143.0
145.0 143.0
139.0 143.0
147.0 143.0
141.0 143.0
143.0 143.0
147.0 143.0
149.0 145.0
148.0 145.0
144.0 145.0
144.0 145.0
154.0 146.0
144.0 146.0
148.0 148.0
148.0 150.0
148.0 153.0
155.0 154.0
150.0 154.0
