55.025463215422285 58.326521184615984
57.89946520578055 58.78833608964174
57.69848194405071 59.819423180959284
59.987961672935505 60.92239135581642
60.71206174539744 61.241934426413415
59.35582078800977 61.40481172260351
61.320395547247365 61.47672244149041
62.409700173958136 62.66093519543506
63.28756159540258 63.97926381612449
66.24453376145767 65.29176629370052
66.97530421562678 65.4235996161821
68.19622782769677 65.69002353483157
80.32533809546949 68.07653188742664
68.23245059403426 69.31761713062868
67.30042111218891 70.04184375709335
67.95329848518838 70.64088065683232
73.22288369472723 72.3907834436017
69.04136644960195 72.44089211772737
75.0478881440697 73.1193520177832
66.99115062422604 73.78938987433395
72.09108002304345 74.6974208576678
72.43998076328803 75.7173076308142
81.23538737702317 77.29863998439339
78.45747061625778 77.48395058242828
68.64511860189191 77.80520417544379
76.8591926659536 84.14979270013163
75.911292755988 84.33278209554986
88.23567698118686 86.67998246126822
69.7560656737498 87.01652682218462
89.01912118900245 88.16671223314215
91.14255808457196 88.90239389675689
101.43977207236574 89.88290781511165
79.57811240839897 90.99811388476279
100.27568460865386 94.95954431906331
94.58064890534536 95.69626725355592
97.20737339179314 96.37035364851002
91.07172027841442 96.970595256195
98.9806347312348 97.77808854256347
90.5310029853557 98.39392076424913
107.99585928009823 103.15659546145568
109.20316401910473 103.46996311150298
103.92567933436092 104.05679173931188
104.49604147183646 104.60595561847784
111.15460963465435 106.83994994142891
100.10797171432971 108.20840887761698
111.7795302946802 110.54247859621822
107.15974307433368 110.62367546242658
113.19189180460646 111.76821788944703
112.01409799445055 111.78623667546432
110.71830716072495 112.42227499510423
111.53800821196123 112.65592327320151
95.39410759972537 112.70373107057839
124.54126072693037 117.0661672756638
120.57839396051723 118.67887235140599
127.97345741435439 120.23240912988798
124.16083994897869 122.36024292593687
124.6071626386378 123.03994147460371
125.14203028356316 123.0555077278396
125.63259737227665 126.00554965918123
128.23938832730815 127.2092473005897
128.61929569096662 127.67897098857357
132.359004745269 128.0898679241411
131.27469296545735 130.69951253497467
124.87045824300965 130.97244594857108
129.2139508428979 131.85094304849588
135.19422055207752 134.92470910081835
139.65038961879 135.8862821695137
134.86507853611383 136.29852652467622
139.78403400676018 136.82364326749368
132.27276618766695 138.1356426646548
139.4869272630501 138.45272866311169
140.93994093901605 139.64489016510197
143.84820254863484 141.06682708631678
144.13927763628493 142.60317408982093
142.93782525512097 143.2815261879468
139.58221127104179 143.71022709161153
140.41773709827063 143.89833345482455
145.98559069907134 145.97963013059422
146.4772611049362 146.05641296124105
150.20290198488513 148.89102330031758
149.39295921685 149.0248270002952
152.2918705188455 149.7964906056894
154.03783868974173 153.86895526390157
150.21935368050117 154.5681638174568
155.10285600335646 154.91995863517593
160.24442503673174 155.00487176160337
158.67745336328005 158.06274670528046
146.70490007769723 159.68793960483853
157.91465285378052 159.6998765108639
160.01089907943717 159.97350673345193
158.55367163271345 160.47400441594738
159.95392824593713 160.6597124417663
162.1371375966213 160.8006666465426
163.71752767803957 162.17638328664762
163.01362281188432 162.73641629253194
159.07968281272156 163.45520885233674
141.4850370433442 163.560290135133
164.80349281269042 165.53789462297715
168.91788415258583 167.24439677733756
169.71090903479262 168.15689074948278
168.28493366993385 168.83632829257786
169.85919329255412 169.42759504921088
172.7150586750848 171.2480189095163
173.369495519663 171.58109263209488
158.07330837067542 171.63537992189484
174.37861197447748 173.43230818108404
181.88003895387888 174.3566431007511
180.348482235548 179.60937607662297
182.15325816825617 181.5365998193397
185.05275825198285 181.99304567153652
183.7931237689052 182.4103862578825
185.72394445200155 183.90421960346129
185.96818628284564 184.21360143409683
185.95905972926712 188.90662561702277
195.18796708034057 192.65646201949437
193.7910167367432 192.7500505175322
197.73186813059854 195.03219582699984
196.43600490215186 195.97129136414375
196.97626082221782 197.64864249854483
200.33051205283363 199.92613081698565
200.33079081415374 199.97860808511265
197.31297947733648 200.72116078349188
201.99848971078973 201.3814923698802
203.37593363022793 201.86193842992924
205.02479068961878 204.34821108855118
206.96242848737361 206.4955073205472
209.34969343661214 206.84821348226487
211.44554967523422 210.04717270087093
