54.0 48.0
55.0 48.0
52.0 50.0
51.0 50.0
51.0 51.0
57.0 51.0
53.0 51.0
52.0 51.0
57.0 52.0
55.0 52.0
53.0 52.0
47.0 52.0
53.0 53.0
60.0 53.0
65.0 53.0
59.0 53.0
58.0 53.0
51.0 53.0
54.0 54.0
54.0 54.0
54.0 54.0
58.0 54.0
52.0 54.0
58.0 54.0
57.0 54.0
60.0 54.0
58.0 54.0
55.0 55.0
56.0 55.0
54.0 55.0
54.0 55.0
57.0 55.0
62.0 55.0
55.0 55.0
52.0 55.0
60.0 56.0
64.0 56.0
57.0 56.0
51.0 56.0
55.0 56.0
51.0 56.0
65.0 56.0
58.0 57.0
58.0 57.0
63.0 57.0
61.0 57.0
61.0 57.0
57.0 57.0
57.0 57.0
57.0 57.0
52.0 57.0
56.0 58.0
48.0 58.0
61.0 58.0
58.0 58.0
62.0 58.0
61.0 58.0
56.0 58.0
59.0 58.0
54.0 59.0
70.0 59.0
58.0 59.0
55.0 59.0
52.0 59.0
58.0 59.0
56.0 59.0
48.0 59.0
50.0 59.0
58.0 59.0
55.0 59.0
58.0 59.0
54.0 59.0
55.0 59.0
59.0 59.0
61.0 60.0
63.0 60.0
61.0 61.0
48.0 61.0
66.0 61.0
54.0 61.0
64.0 61.0
62.0 61.0
57.0 61.0
55.0 61.0
61.0 62.0
57.0 62.0
58.0 62.0
62.0 62.0
63.0 62.0
63.0 62.0
68.0 62.0
59.0 63.0
59.0 63.0
65.0 63.0
57.0 63.0
53.0 63.0
67.0 63.0
67.0 64.0
67.0 64.0
65.0 64.0
59.0 64.0
51.0 65.0
61.0 65.0
69.0 65.0
62.0 66.0
59.0 68.0
54.0 68.0
66.0 69.0
57.0 70.0
63.0 71.0
67.0 72.0
64.0 73.0
60.0 73.0
60.0 74.0
61.0 75.0
67.0 78.0
60.0 82.0
72.0 89.0
58.0 98.0
100.0 102.0
