91.0 90.0
84.0 91.0
114.0 105.0
111.0 107.0
107.0 114.0
112.0 116.0
122.0 117.0
113.0 120.0
121.0 121.0
124.0 121.0
125.0 121.0
132.0 122.0
128.0 123.0
131.0 123.0
127.0 123.0
133.0 124.0
125.0 125.0
128.0 126.0
127.0 126.0
127.0 126.0
126.0 126.0
124.0 126.0
128.0 127.0
128.0 127.0
125.0 127.0
130.0 127.0
127.0 127.0
134.0 127.0
132.0 128.0
125.0 128.0
128.0 128.0
120.0 128.0
131.0 129.0
129.0 129.0
130.0 129.0
128.0 129.0
128.0 129.0
130.0 129.0
131.0 129.0
128.0 130.0
124.0 130.0
132.0 130.0
134.0 130.0
126.0 130.0
97.0 130.0
129.0 131.0
111.0 131.0
127.0 132.0
136.0 133.0
131.0 133.0
132.0 134.0
131.0 136.0
134.0 139.0
137.0 141.0
127.0 147.0
