1.0 209.47228238274258
2.0 200.0721600654264
3.0 184.57509339379737
4.0 167.38279845081553
5.0 152.32579780952716
6.0 137.51417143535159
7.0 124.65053301407143
8.0 113.69111800544317
9.0 104.8132574172139
10.0 97.97956241465911
11.0 92.63588824189418
12.0 88.9805845641843
13.0 85.95683847796997
14.0 83.52210144699445
15.0 81.10114508606928
16.0 78.82939392797755
17.0 77.0702759249925
18.0 75.6575934156613
19.0 74.8740893152432
20.0 74.1260115967057
21.0 73.34283404683025
22.0 72.45725582384686
23.0 71.81970542159601
24.0 71.31603885383022
25.0 70.94901449021867
26.0 70.65857837401305
27.0 70.41733744519321
28.0 70.2045521725688
29.0 70.06153212197636
30.0 69.92999553704459
31.0 69.83525604556911
32.0 69.76779216324229
33.0 69.71984053111217
34.0 69.6775813539336
35.0 69.6425523584152
36.0 69.60514739765888
37.0 69.58027646097851
38.0 69.56052315244841
39.0 69.54613005948741
40.0 69.53145269552509
41.0 69.52001291925656
42.0 69.5105911924713
43.0 69.50254627814584
44.0 69.49539547286572
45.0 69.48952866971469
46.0 69.48488923705388
47.0 69.48024456540459
48.0 69.47636457672837
49.0 69.47341394034086
50.0 69.47097741715221
