1.0 90.10308844896447
2.0 91.46081706435558
3.0 89.22574458670975
4.0 87.72986930518806
5.0 87.762994295437
6.0 86.36873183940192
7.0 85.58063314952503
8.0 84.72068858005998
9.0 84.02573941052492
10.0 83.61233969232424
11.0 83.10291536274826
12.0 82.90518466708846
13.0 82.34766708279876
14.0 82.47020021369906
15.0 82.1536351114826
16.0 82.06348026971186
17.0 81.5948540798
18.0 81.60389777419888
19.0 81.48002540185429
20.0 81.46110220003808
21.0 81.41129384868357
22.0 81.40137478084122
23.0 81.35169281431023
24.0 81.2551528138604
25.0 81.19668087775199
26.0 81.16808912886947
27.0 81.18744914501852
28.0 81.14263442591694
29.0 81.1141472726077
30.0 81.08218710900825
31.0 81.0683860475331
32.0 81.06325923077257
33.0 81.04886617634953
34.0 81.04688323956898
35.0 81.06446775350948
36.0 81.05698537406289
37.0 81.04104867205737
38.0 81.03084100982612
39.0 81.02271711567032
40.0 81.02829988974301
41.0 81.03474775377366
42.0 81.0329651597407
43.0 81.02954150886659
44.0 81.03171299493474
45.0 81.02994904408507
46.0 81.02806886379267
47.0 81.02580234996215
48.0 81.03302151322504
49.0 81.03139082301489
50.0 81.03127796072191
