68.0 57.0
115.0 76.0
105.0 93.0
125.0 96.0
108.0 99.0
138.0 100.0
116.0 101.0
111.0 101.0
120.0 102.0
108.0 102.0
114.0 102.0
103.0 103.0
129.0 104.0
100.0 104.0
108.0 105.0
111.0 105.0
102.0 106.0
100.0 106.0
107.0 107.0
107.0 107.0
106.0 107.0
109.0 107.0
114.0 108.0
118.0 108.0
110.0 108.0
115.0 108.0
109.0 108.0
110.0 108.0
104.0 108.0
105.0 109.0
112.0 109.0
109.0 109.0
112.0 109.0
106.0 109.0
106.0 109.0
126.0 109.0
117.0 109.0
107.0 110.0
111.0 110.0
114.0 110.0
116.0 110.0
108.0 110.0
111.0 110.0
126.0 111.0
111.0 111.0
115.0 111.0
115.0 111.0
110.0 111.0
87.0 111.0
102.0 111.0
105.0 112.0
112.0 112.0
116.0 112.0
112.0 113.0
123.0 113.0
113.0 113.0
111.0 114.0
98.0 114.0
110.0 114.0
111.0 114.0
115.0 114.0
114.0 114.0
117.0 114.0
111.0 114.0
108.0 114.0
102.0 115.0
114.0 115.0
114.0 115.0
113.0 115.0
137.0 115.0
117.0 116.0
119.0 116.0
110.0 116.0
124.0 117.0
118.0 117.0
115.0 117.0
114.0 117.0
116.0 117.0
110.0 117.0
119.0 117.0
115.0 117.0
110.0 117.0
125.0 117.0
115.0 118.0
115.0 118.0
128.0 118.0
120.0 119.0
113.0 119.0
116.0 119.0
118.0 120.0
112.0 120.0
112.0 120.0
121.0 120.0
113.0 121.0
110.0 121.0
120.0 121.0
113.0 121.0
116.0 122.0
115.0 122.0
117.0 122.0
106.0 122.0
116.0 122.0
119.0 122.0
110.0 122.0
120.0 123.0
116.0 123.0
121.0 125.0
116.0 125.0
110.0 125.0
114.0 125.0
114.0 126.0
122.0 126.0
125.0 126.0
121.0 127.0
121.0 127.0
119.0 128.0
141.0 128.0
111.0 129.0
103.0 130.0
128.0 132.0
120.0 132.0
123.0 138.0
115.0 139.0
104.0 142.0
62.0 143.0
105.0 147.0
