156.0 79.0
180.0 127.0
183.0 152.0
174.0 154.0
173.0 158.0
184.0 159.0
176.0 163.0
173.0 164.0
166.0 165.0
162.0 169.0
168.0 171.0
174.0 173.0
182.0 174.0
166.0 175.0
179.0 175.0
167.0 176.0
175.0 176.0
198.0 177.0
147.0 178.0
172.0 179.0
134.0 180.0
160.0 181.0
175.0 182.0
174.0 183.0
169.0 184.0
182.0 184.0
164.0 184.0
174.0 185.0
174.0 185.0
172.0 185.0
133.0 185.0
192.0 187.0
180.0 188.0
184.0 188.0
157.0 190.0
185.0 191.0
183.0 192.0
189.0 192.0
188.0 193.0
187.0 193.0
172.0 196.0
158.0 202.0
192.0 207.0
