98.0 59.0
101.0 68.0
68.0 74.0
156.0 79.0
97.0 86.0
129.0 92.0
76.0 92.0
117.0 95.0
75.0 100.0
131.0 101.0
88.0 105.0
137.0 110.0
98.0 111.0
144.0 117.0
133.0 117.0
126.0 117.0
101.0 117.0
110.0 119.0
104.0 120.0
120.0 120.0
136.0 120.0
118.0 120.0
126.0 121.0
119.0 122.0
121.0 124.0
174.0 126.0
111.0 128.0
132.0 129.0
124.0 129.0
116.0 131.0
100.0 131.0
131.0 133.0
143.0 134.0
152.0 136.0
134.0 137.0
125.0 137.0
134.0 137.0
115.0 138.0
126.0 140.0
110.0 141.0
166.0 142.0
131.0 142.0
120.0 145.0
80.0 145.0
182.0 146.0
137.0 146.0
131.0 148.0
144.0 148.0
102.0 150.0
147.0 150.0
149.0 154.0
141.0 156.0
172.0 160.0
115.0 163.0
120.0 163.0
149.0 164.0
78.0 166.0
98.0 167.0
157.0 167.0
96.0 170.0
140.0 173.0
94.0 174.0
