67.0 61.0
149.0 97.0
130.0 112.0
123.0 112.0
142.0 113.0
98.0 114.0
114.0 114.0
118.0 115.0
139.0 115.0
126.0 117.0
161.0 118.0
111.0 118.0
119.0 119.0
154.0 119.0
116.0 120.0
118.0 120.0
132.0 121.0
136.0 121.0
138.0 121.0
133.0 121.0
142.0 122.0
117.0 122.0
138.0 122.0
125.0 122.0
132.0 122.0
130.0 122.0
127.0 123.0
126.0 123.0
127.0 124.0
130.0 124.0
145.0 124.0
123.0 124.0
141.0 124.0
127.0 125.0
131.0 126.0
128.0 126.0
125.0 126.0
120.0 126.0
119.0 127.0
147.0 127.0
139.0 127.0
134.0 127.0
128.0 127.0
123.0 127.0
138.0 127.0
127.0 127.0
126.0 127.0
128.0 127.0
139.0 127.0
106.0 128.0
127.0 128.0
129.0 128.0
139.0 128.0
128.0 128.0
129.0 128.0
135.0 128.0
128.0 128.0
125.0 129.0
137.0 129.0
136.0 129.0
130.0 129.0
136.0 129.0
128.0 129.0
148.0 129.0
153.0 130.0
128.0 130.0
129.0 130.0
124.0 130.0
150.0 131.0
100.0 131.0
151.0 131.0
133.0 131.0
127.0 131.0
134.0 131.0
142.0 131.0
153.0 131.0
136.0 131.0
143.0 132.0
130.0 132.0
137.0 132.0
139.0 132.0
134.0 132.0
135.0 132.0
130.0 132.0
143.0 133.0
134.0 133.0
137.0 133.0
131.0 133.0
138.0 133.0
133.0 133.0
136.0 133.0
150.0 133.0
125.0 134.0
138.0 134.0
128.0 134.0
120.0 134.0
135.0 134.0
133.0 134.0
118.0 134.0
125.0 134.0
125.0 134.0
143.0 134.0
147.0 134.0
137.0 134.0
133.0 134.0
141.0 135.0
128.0 135.0
145.0 135.0
125.0 136.0
132.0 136.0
142.0 136.0
141.0 136.0
128.0 136.0
138.0 136.0
134.0 136.0
125.0 137.0
126.0 137.0
138.0 137.0
131.0 137.0
138.0 137.0
132.0 137.0
125.0 137.0
131.0 138.0
141.0 138.0
135.0 138.0
138.0 139.0
148.0 139.0
132.0 139.0
139.0 139.0
136.0 139.0
130.0 139.0
153.0 139.0
149.0 139.0
118.0 140.0
144.0 140.0
162.0 140.0
132.0 140.0
131.0 140.0
138.0 140.0
139.0 141.0
88.0 141.0
133.0 141.0
141.0 141.0
137.0 141.0
128.0 141.0
133.0 141.0
127.0 141.0
138.0 141.0
134.0 142.0
143.0 142.0
133.0 142.0
136.0 142.0
139.0 142.0
145.0 142.0
153.0 142.0
136.0 142.0
146.0 142.0
142.0 143.0
153.0 143.0
111.0 143.0
120.0 143.0
144.0 143.0
144.0 144.0
133.0 144.0
131.0 144.0
140.0 144.0
134.0 144.0
149.0 144.0
136.0 145.0
140.0 145.0
127.0 145.0
142.0 145.0
134.0 145.0
123.0 145.0
134.0 145.0
142.0 146.0
129.0 146.0
144.0 146.0
145.0 146.0
153.0 146.0
145.0 147.0
132.0 147.0
150.0 147.0
149.0 147.0
134.0 148.0
127.0 148.0
139.0 148.0
130.0 148.0
144.0 149.0
139.0 150.0
135.0 150.0
124.0 150.0
141.0 150.0
157.0 151.0
142.0 151.0
157.0 153.0
148.0 154.0
153.0 154.0
127.0 154.0
131.0 154.0
129.0 154.0
140.0 155.0
147.0 155.0
117.0 159.0
124.0 160.0
137.0 161.0
152.0 162.0
149.0 162.0
140.0 163.0
149.0 164.0
127.0 177.0
142.0 182.0
94.0 183.0
114.0 187.0
