128.0 67.0
113.0 71.0
126.0 93.0
138.0 96.0
110.0 97.0
135.0 101.0
113.0 102.0
128.0 106.0
110.0 107.0
107.0 107.0
126.0 107.0
106.0 108.0
126.0 109.0
133.0 110.0
132.0 111.0
135.0 111.0
141.0 112.0
119.0 112.0
128.0 113.0
157.0 114.0
101.0 114.0
138.0 114.0
124.0 115.0
128.0 115.0
127.0 117.0
148.0 119.0
144.0 119.0
163.0 120.0
112.0 120.0
138.0 120.0
121.0 120.0
115.0 121.0
123.0 121.0
110.0 121.0
140.0 121.0
127.0 122.0
110.0 122.0
128.0 125.0
103.0 125.0
136.0 127.0
130.0 127.0
99.0 128.0
143.0 129.0
110.0 129.0
104.0 129.0
124.0 130.0
102.0 130.0
144.0 130.0
136.0 131.0
140.0 131.0
115.0 131.0
151.0 131.0
157.0 132.0
131.0 132.0
146.0 133.0
114.0 133.0
130.0 134.0
134.0 134.0
134.0 134.0
130.0 134.0
140.0 135.0
131.0 136.0
150.0 136.0
153.0 136.0
140.0 137.0
129.0 137.0
129.0 138.0
139.0 139.0
145.0 139.0
110.0 139.0
141.0 140.0
160.0 142.0
126.0 142.0
103.0 143.0
107.0 144.0
104.0 147.0
122.0 147.0
122.0 150.0
168.0 151.0
112.0 151.0
111.0 152.0
137.0 153.0
146.0 156.0
119.0 156.0
138.0 157.0
123.0 158.0
142.0 159.0
