147.0 63.0
85.0 74.0
128.0 80.0
92.0 86.0
143.0 88.0
79.0 92.0
162.0 92.0
62.0 94.0
131.0 96.0
144.0 96.0
82.0 98.0
104.0 98.0
144.0 98.0
101.0 99.0
109.0 101.0
134.0 104.0
160.0 107.0
127.0 108.0
103.0 109.0
123.0 109.0
116.0 111.0
75.0 111.0
110.0 115.0
115.0 116.0
89.0 118.0
76.0 119.0
113.0 121.0
117.0 121.0
147.0 122.0
108.0 124.0
139.0 125.0
129.0 126.0
135.0 127.0
139.0 128.0
108.0 129.0
139.0 130.0
121.0 132.0
128.0 132.0
122.0 133.0
153.0 134.0
120.0 135.0
114.0 136.0
124.0 137.0
135.0 139.0
112.0 139.0
130.0 143.0
125.0 148.0
130.0 150.0
149.0 150.0
114.0 151.0
180.0 151.0
157.0 153.0
153.0 154.0
140.0 155.0
158.0 157.0
133.0 167.0
120.0 170.0
