30.438304632557582 26.919732925320126
33.41933495817798 32.23481040839242
49.817090644054616 34.30015645293689
60.242263975917055 38.228132106415224
44.952325534585086 39.7263262763902
42.920465705100504 40.166431998766306
32.851129983135664 41.36242981449232
30.901120102304244 41.78897212508481
47.61606890669402 43.01204851410421
36.15176540991431 44.705710282557035
52.52669475250725 45.09140768058257
51.95082624440003 45.25810276569882
40.02045459685106 46.031818261768294
40.126264539755354 46.19641150628612
35.02333002372419 47.13998014234497
47.24689967018755 47.549914148584634
55.211582354073926 47.70252900813609
74.0219496563836 48.99912201374466
47.2533822201552 49.907880490563144
58.735036517821634 50.388725052616834
45.18342638247173 50.39615374976724
41.86053214545728 50.876113965822
42.00746488857159 52.0356712528205
69.41767305686865 52.37622991030178
76.7011419458441 54.84319430567174
57.586577824414235 56.01758181901338
62.15578658663049 56.116665874665536
45.610245110032665 56.157140974285646
106.04191712436305 58.022755010368535
62.4625389402107 58.02338656327396
53.91743011668569 60.206361536805225
58.185670883818496 60.63476261721263
56.051157912536006 60.897478519994216
114.0 61.0
58.57269295783473 61.39372365336428
69.1838520407317 61.65236308438218
89.06271984501096 62.98460630692013
57.44260825313816 63.26122018029513
106.77560296923642 63.407396074597706
146.7310987052809 64.07677133943768
71.18058381367095 64.311316786023
69.28853267608854 65.08175344244708
57.97641741602194 66.14289869896773
77.25023588811204 66.21655059165998
73.40982475732964 66.32416739086476
67.5978612451572 67.07630289007393
80.02865348038591 67.17485668483934
73.42242016842307 67.37087873672534
91.49575621648857 67.85216560154377
85.02421279040007 68.6986715652533
75.8057983958641 68.98004077835098
103.38379863525951 69.38608613810345
62.31989640291287 69.66932599211302
55.011546042515555 69.91108600427484
58.90752495714983 69.91712504790026
82.01427516951573 70.55487747391392
107.35070888396463 70.83762202874257
69.33609039269723 71.74608559066812
68.39200980403943 71.90824631677808
119.82960298384049 72.0607623243507
82.75471097972479 72.47550296610665
66.48866688519314 72.63376705925396
113.33395069233748 72.65054639886112
68.03087860300016 72.86324373524428
66.44885666243796 73.50184998539484
77.72429542511442 73.91543085683068
95.06666404382145 74.00008139542906
100.0554608629516 74.7926908520751
96.8592570440188 75.53792754948084
89.25425959051415 76.37521820273305
75.54888659268764 76.490054619616
75.92938837827452 76.6601269407941
71.50742595715907 77.14088437587354
119.74795601169764 77.4251163753516
105.05680697019785 77.5077654577139
82.44295656371911 77.59977977687117
80.79540691049127 77.64845238929753
89.95770700452226 78.9341996999316
59.3842574797911 78.97500753557215
156.0 79.0
64.02890747077389 79.40773397479272
84.18644563870048 79.49871478908732
91.79757132916953 79.74971960949287
89.41968221890934 80.1882150465281
95.09897548683554 80.5376798275187
97.42914336729554 80.58506988717566
131.0 81.0
78.80682509695038 81.1981746926377
140.59578753818596 81.52386083436312
76.94197952631352 81.896743907275
83.62009127464904 82.74985081701422
83.2100872344009 83.37244933188092
73.31656077107428 83.9168943569804
96.2475666384417 84.73445785080843
97.45858725834161 85.43560955110583
91.87204803999859 85.9268676321297
83.72654732940738 86.22919745770503
79.61272143152834 86.42994643258854
140.99132859460337 86.4954395130035
131.63161697940575 86.55150229628919
115.46778951998459 86.85395639004221
82.20206500705254 86.87894753113189
89.94281990234154 87.18007030144416
100.95969036031977 87.26390919118691
87.40117599719453 87.46769321869732
78.88953704592866 87.57517941815061
117.79298808468637 88.00015062495591
55.85476137799606 88.1568925526462
121.53191723500237 88.23721504005299
86.33277631320479 88.39563531038054
51.55142288360459 88.5452565254711
116.04516454499621 88.90110847943062
78.57627455453422 89.38297707646396
143.69099855955935 89.70171941839604
172.0 90.0
150.47049311099423 90.589932645994
143.26410236135632 90.98746280360866
76.08044620231155 91.59484459045379
131.0 92.0
85.74674835972029 92.19938764721829
89.78068218495 93.17606066123479
78.79503478665632 94.04645154729913
91.96800291714871 94.16726039683093
109.63203375824045 94.38262119265713
127.37815964595349 94.49955093580617
105.81298406896254 94.53960692835318
142.32297927638126 95.14379568761005
98.7478776962631 95.16813223055308
94.61928782159515 95.42071311258866
124.21150306321094 95.97332974794085
83.75674084923664 96.13769170448535
99.75572595899762 96.26201914385877
120.52120115520636 96.47735774816522
79.55450046029293 96.55165658907964
112.54163535203857 96.6073335468497
132.7930723203152 97.05021788619206
112.03079454497693 97.26274822771518
93.98630358957121 97.74879337948992
99.24087609305063 97.89271085212181
108.99461307912438 97.99923043987494
89.24771292864952 98.40677282723175
100.94299211954946 98.44535785192559
125.99506819405133 98.58579495966673
145.89396478514757 98.67498621351193
171.58911070787096 98.68924656410695
156.1597869811501 98.80914882166546
133.25729415402643 99.36688284689508
85.83374385073726 99.46883177786859
93.23895337159662 99.50666743806752
144.28512693392847 99.578445463956
139.66117006956944 100.0038491401198
106.83138759238922 100.11099163984771
84.24685420532194 100.19907597203378
101.54486855082202 100.5185632813467
75.08595785379137 100.53615192043888
133.38472236887094 100.83131859404513
114.50646769586604 101.05055971566397
70.79618293066115 101.08235695166618
120.70154058833278 101.10760533989463
98.83991414086353 101.9978683714111
99.50090844344948 102.38661258904717
136.2445623817598 102.47885618221504
107.50202014839057 102.88164797156725
120.1215491505257 103.84909552969314
79.36511485262733 104.15524802980526
138.48651913780162 104.34398946098186
77.44322680948764 104.35057459258392
119.56851788430365 104.47647999872146
120.18360599968842 104.87253074831673
133.37071800736348 105.07204524774167
121.16473768371948 105.15520581230504
128.63559148016247 105.66089736823476
126.22359230064741 106.31929802946078
115.93811845756545 106.33063098891253
70.23120330856166 106.61991330539506
101.58761871432048 106.67353789731962
116.95945795027491 106.68925517294686
148.37793180081107 106.75797393667948
107.28387805764044 106.98143953634502
160.03559382734775 107.0
108.98417330822785 107.3820251380181
101.01528718763272 107.67453043170327
80.6915984625125 108.06309059734758
106.69609752986831 108.46213639134433
95.80470973344993 108.508105018075
101.97879523234413 108.59923892949121
124.05039001255773 109.31005458041551
97.16758493918067 109.35743528192468
125.29620152786939 109.52488299066208
119.40961923564834 109.82067565416502
143.61285554214908 110.00953223818637
137.25997856985975 110.38996785478962
100.12795248323982 110.39993496996811
114.52662201706816 110.45008969023782
130.4742796422961 111.5255661674944
100.70152242683096 111.86861493892665
84.23436164960931 111.99326780389069
112.10253438816206 112.14466934568728
107.36813151988802 112.40117865954632
155.52681356894644 112.57610836930526
74.34655753106577 112.70134321154062
102.695042297263 113.27184501225463
125.5108624364611 113.61583426435033
111.0207017608558 113.78729468862667
112.5809902610345 114.11771824700075
108.08227076915884 114.19823291153432
114.19441741750238 114.31384626860273
85.6849274599465 114.81303933209684
137.33107031556722 114.8532178463058
123.5308084331598 115.93255287905579
92.20672519538431 115.93354461293691
161.27362354546534 116.01853200433474
124.40937168719846 116.70039178627573
147.53011684972847 116.82749250550242
93.7208413307995 117.06731201150832
88.21203179941624 117.10975701598464
111.69608549241643 117.21247797430348
121.29235031070564 118.03895756972229
121.1968824582058 118.13295549939147
135.48990489949344 118.21682928729973
108.9883209515713 118.42613018894006
109.48366376881896 118.58293213000083
161.9274184217851 118.62805744103585
120.79052710537988 118.82541127060745
114.68408816059308 119.01609258378443
94.3985878875261 119.0902935279154
120.00706421875016 119.2450758771417
133.20783293227421 119.27289181869742
137.8515127150845 119.54926739335184
78.43723783968524 119.74406924245358
88.70103158462345 119.78566118742852
97.37695003860587 119.99601454092101
91.0 120.0
137.33071833057443 120.1819650124635
134.36261156595842 120.80207821533226
119.68339515309444 122.19219634829001
89.45656318033642 122.1969247754356
104.47957785878461 122.21813892484252
114.127950731216 122.33321449408331
100.68438470983097 122.63740952252938
103.51000381715806 123.06486824590546
137.20133328597598 123.20413950567924
112.75032011372996 123.47588589447915
133.96946744155844 124.07610168332046
107.74521475148845 124.37144016717554
125.56052142341323 124.49380067612216
137.21436602766227 124.74183072541072
145.23611156233818 124.83163226303975
134.87351631270826 124.95937735636883
193.01006479391543 125.11895931939233
90.28630421218617 125.12714240588747
124.80802957906769 125.53564212321884
174.18092862477005 125.55988377683154
132.4278914336386 125.65428232720659
135.493226846453 125.74195758175624
119.33474492232281 125.75648706434771
116.01284368934408 125.97217200642119
160.0 126.0
160.0 126.0
117.40973420842495 127.07574146528992
130.26969133132374 127.60882230640522
158.46111700578248 128.3224005896051
142.69723333457702 128.3902591991002
127.26543264156811 128.5098435370399
175.33677105095396 128.66322894904604
103.50501989643526 128.69804967254927
115.28874646558425 128.76180135457062
172.26194079615757 128.82181304514435
104.58700384575988 129.26152808253798
116.44206362187946 129.85430267937195
114.17474772499759 129.95085828941072
106.75522984557462 130.39593055446517
74.18077406652404 130.4587566498603
120.01624822661064 130.4635354444429
123.90999557474473 130.63926490880976
128.93563751138433 130.67631664906534
128.183103099664 130.95104000798688
103.63336556635332 131.08476010028977
139.11833416143145 131.19467483693273
118.92234336412669 131.25912097574314
125.11484088772339 131.39504895977998
96.47269728941555 131.51502420438774
170.53754199042712 131.7034522286762
148.20157237299009 131.70744442142532
131.93166656885603 131.79872070174
137.88489766154058 131.9100993571151
100.05606621372083 132.08571688654348
136.55046013673135 132.3082147864993
152.40793015047439 132.6615164498143
134.5081281017789 133.05222991943685
130.9999562469669 133.3853952517903
136.51168787012926 133.614152842794
131.94741333727467 134.00991612344583
132.63419517370286 134.07746392297182
119.39483654272635 134.20694622648278
134.2525018371642 134.34477480950233
113.15408376247356 134.66659160231072
178.62597957993825 134.7610123000169
142.58117825067993 135.49452472580464
150.87471798926975 135.58574282919815
105.24906248298345 135.82038196965217
167.20837681562233 135.8469941690794
156.03801870017867 135.98617501811688
87.18044330260605 136.18850739512789
176.57377566791726 136.63074555460028
114.18395298752704 136.8484273900168
136.68525019326543 136.92111587187077
93.16921627072513 136.94509214307118
128.5933532622243 137.0615676228164
144.83826906293146 137.22458437231882
146.93632586768547 137.66536179483825
164.57911025143903 137.6755432510747
134.63232711785992 137.88267295865964
163.9792932759334 137.93130657686106
123.69577403341822 138.30422596658195
149.66095472642215 138.31289218044773
162.58123349488037 138.40153996253824
155.89999958519795 138.46135883966463
102.00271775659654 138.60971820276697
121.18177987580968 138.6283572998312
141.56382833523688 138.88817651537187
160.88671117736033 138.9972887314576
92.8177138370834 139.09748889426834
151.26083942070875 139.24069292761772
130.7410125864595 139.44900490699686
133.71517418918887 140.2525157086057
147.84613573088617 140.3394615420349
135.83297299243426 140.3399124472883
153.6385938317305 140.61914662505137
141.91347883294125 140.76168102719953
117.70590920503963 140.77242204159882
114.48859892027328 141.69023973475547
150.0683541855681 142.32912271283146
125.92452496011308 142.43082121764354
123.30023869033191 142.68698595579104
153.66835510650634 142.88117993026862
111.67975579121318 142.96922784764786
126.84246340148421 143.0014047018232
114.87372433479268 143.22928727769775
131.2038736720532 143.34894111413817
107.20894722918256 143.35146164452695
105.51950544260987 143.65370311592366
164.476044848271 144.20544518317826
163.8525704052811 144.21573901035697
141.04384374483266 144.61937271040048
159.40933563123065 144.62491328999792
104.5374975687955 144.93427655676604
139.8339055053368 145.00621493397418
114.90496814307764 145.17580037147147
163.4029632156896 145.3148831255238
157.11282976109143 146.38262114472218
144.77727955114548 146.47823803480134
155.40871753369177 146.4918651098839
124.32966631865398 146.89490433558896
172.0 147.0
134.26617975960053 147.31357232893086
110.50079360377086 147.37348770385825
145.13368456071487 147.60465487874345
128.67630761562427 147.84847360600693
174.99389238186833 147.9449167918112
139.8687735356594 148.10805164672715
116.89484944883661 148.24924223399873
153.9683490356747 148.57926617134916
128.75041091173645 148.81189440342013
148.5654971104461 148.87856102617818
110.71775709771742 149.2372122415756
159.01067352274805 149.36159926931253
137.19507718724574 149.37954045454433
148.77476214974268 149.88554017590317
162.45822272914072 150.20277186688293
117.52118220371496 150.4996815717558
167.21716571184152 150.7747411667125
131.9405196617835 150.88190636936162
115.8891527544734 150.9826573783699
124.30733092659385 151.05395542907664
162.51970148196511 151.20686399516347
179.5010447544792 151.27141770069738
125.50320473842453 151.49458662306796
139.71874324151898 151.6859395147329
147.76023923749938 152.01496706808032
160.88869654565153 152.15537452990148
131.74927422679596 152.28040691924656
172.2176308017092 152.38094027501586
160.7604121532289 152.520832785109
153.16114602928548 152.7081155737854
169.91993039619683 152.78123847924374
152.2420737689821 152.9492052772164
137.28884395526703 153.04987114042606
166.10786996646894 153.9029438835037
85.16592283836205 154.00729732712398
129.16310791511313 154.24214708008262
112.7315008438113 154.41100924096136
173.94528547693668 154.84339970121786
132.82557485766324 155.27160612254016
176.51655592866462 155.4827914102471
148.81942691151087 156.16248800671715
148.69476806022158 156.1717653082362
136.69243873197667 157.74389696514748
165.4196330591472 157.94005118095316
162.83991017265407 158.22065787903222
122.75727071283174 158.42617120093098
134.69941867017445 158.67174217289045
155.0169510044878 158.70435390169982
143.45409782954295 158.76706433612497
141.48480081165488 159.18013670282926
134.35801730364807 159.26827421386102
151.16532085938394 159.6650906810036
136.7436790237852 159.96101399818795
130.0 160.0
164.42953424018503 160.41350269372816
179.48648436672812 160.50513838025805
126.80329681783685 160.71613905211063
160.89348836024638 160.82402457190173
155.28208304018455 161.5430602381015
156.05460818920054 161.99240376878456
113.9956140748515 162.10306924099035
158.1936371795024 162.42516261054652
144.73149695806558 162.68088932925608
127.96492568137128 162.6939299392783
178.3081727923033 162.76861811453858
164.25083365222565 162.8796262339473
134.5467625732517 163.38564404703007
156.9344095448731 163.9667035271644
162.4286411523738 164.26794670009653
175.9623395928448 164.49098095322117
129.6352560955296 165.3165697118595
136.34713739455236 165.46843435607897
171.04576963711074 165.59720352109386
182.9489062210816 165.83203154905394
158.35057186049147 166.71790843570423
170.72871745462015 166.88663007913806
144.84489698226673 166.9751993954131
177.5071862597801 167.56734507044783
174.84887687075903 168.0230153106201
153.4847628425487 168.06535412590998
179.76265706780165 168.1235976626786
180.4293347039373 168.35683212072962
119.12856483998333 168.6794457797379
169.3319903199939 168.76236343272134
156.53360916222266 168.79529664607853
134.42326048371908 168.83951337994935
89.1507492164736 169.36577339502097
177.17287679819339 169.4245730556564
174.6166550825951 170.12034270600074
151.92134106376704 170.34316131637976
162.3330101325474 170.58086768626706
185.38063919758707 170.75129304503588
159.63116860991238 171.38452012659104
176.65853344445523 171.57650964542842
192.15350407797288 171.7734253835339
186.0 172.0
160.8039931878871 172.85018004102957
168.05003354714077 173.33237463529522
159.68275594629512 173.38892663906103
162.6808260881031 173.78552053272753
177.33170776643814 174.13824459057895
167.96341543659491 174.33337934287275
159.5049200273989 175.26228755259174
177.10081211493414 176.1725484167548
181.86676671031324 176.19901868371056
136.67574216081056 176.61855077680661
139.4932973630549 177.1366808724365
151.82177563685568 177.58123152822446
202.8149705410383 177.7946394233896
173.56471580873924 178.35936310802632
175.4417553084436 178.83904421793102
188.9667511626105 180.22548615008486
184.52814812367276 180.81125924946912
166.77487012762802 180.8990369058411
177.51666143405347 181.15242751348381
176.57385429337174 181.2355498068904
194.0618368482923 181.4954824598044
182.58922763779384 182.04714190876544
146.019938618977 182.3872400235353
184.95623383616962 182.54248364479596
201.17279126433672 182.66193381138825
139.8475522566576 183.48571518084597
170.26159868092776 183.52004168848083
181.40249964169797 183.5882002107322
112.69314568673211 184.1971871469044
161.55777928623027 184.266128497961
174.04002595182064 184.6561264454203
170.54246945347896 184.6685826441114
187.4387721643131 184.92558670008174
183.08722214128488 184.958240348719
177.60550728138693 185.23184089970133
188.74412343628964 186.388862492403
192.24724078344875 187.09799294068517
200.66383567028916 187.26553426811574
188.53440084318734 187.70266922330904
184.38457421595368 188.28843066196532
188.45507654911057 188.39969546643133
192.32777144880913 190.29411661273537
185.0 191.0
190.647700563677 191.11615368008188
186.61398135613257 191.21285874808214
167.63030101907506 192.0294565640821
185.49039788508634 192.4040443817038
162.98404308236692 193.0394723751975
193.98015723607793 193.49096686776855
200.16142400374014 193.50042412709755
195.35942642301254 193.52894360930532
187.75149424051307 193.57339581352966
191.07574814641637 193.8560686657473
190.89410786555825 193.9234298093417
203.1740353193329 196.13247800949435
199.81180309155965 196.44685736070812
194.9210290086582 197.50910174578138
203.37226363765924 197.6884183983976
203.47325087215353 201.89453076866195
201.89798801460321 203.82888915723558
201.28468833714405 204.37815200966185
