103.0 73.0
133.0 98.0
114.0 98.0
147.0 99.0
137.0 101.0
105.0 104.0
108.0 105.0
108.0 107.0
110.0 109.0
115.0 110.0
121.0 110.0
123.0 110.0
100.0 111.0
168.0 111.0
117.0 112.0
114.0 114.0
120.0 115.0
123.0 116.0
122.0 117.0
124.0 117.0
101.0 117.0
113.0 117.0
127.0 117.0
133.0 117.0
117.0 119.0
136.0 120.0
130.0 120.0
123.0 121.0
106.0 121.0
121.0 121.0
117.0 122.0
130.0 123.0
108.0 129.0
107.0 131.0
124.0 131.0
141.0 131.0
142.0 132.0
117.0 132.0
128.0 133.0
89.0 135.0
139.0 136.0
152.0 136.0
111.0 137.0
136.0 144.0
169.0 145.0
120.0 145.0
130.0 146.0
143.0 146.0
144.0 146.0
138.0 147.0
125.0 147.0
111.0 152.0
112.0 153.0
130.0 153.0
106.0 154.0
137.0 156.0
129.0 168.0
