60.0 52.0
98.0 59.0
89.0 66.0
77.0 68.0
88.0 75.0
87.0 79.0
94.0 79.0
80.0 79.0
94.0 80.0
78.0 80.0
82.0 80.0
79.0 81.0
80.0 81.0
72.0 82.0
82.0 82.0
84.0 84.0
94.0 84.0
89.0 85.0
73.0 85.0
109.0 87.0
58.0 89.0
91.0 89.0
86.0 90.0
89.0 91.0
113.0 91.0
87.0 92.0
110.0 92.0
88.0 93.0
83.0 94.0
69.0 95.0
93.0 99.0
85.0 99.0
89.0 100.0
96.0 100.0
103.0 101.0
100.0 101.0
77.0 102.0
72.0 102.0
76.0 102.0
87.0 103.0
80.0 104.0
52.0 106.0
103.0 106.0
91.0 107.0
82.0 109.0
85.0 110.0
72.0 112.0
108.0 112.0
86.0 113.0
91.0 114.0
120.0 114.0
113.0 122.0
78.0 131.0
102.0 142.0
