59.0 45.0
138.0 96.0
130.0 101.0
137.0 102.0
126.0 109.0
132.0 111.0
128.0 113.0
146.0 115.0
128.0 115.0
148.0 119.0
138.0 120.0
140.0 121.0
138.0 125.0
139.0 127.0
144.0 130.0
140.0 131.0
180.0 131.0
151.0 131.0
157.0 132.0
134.0 132.0
172.0 132.0
146.0 133.0
150.0 134.0
140.0 135.0
166.0 138.0
150.0 138.0
162.0 138.0
110.0 139.0
155.0 141.0
160.0 142.0
126.0 142.0
145.0 143.0
103.0 143.0
107.0 144.0
157.0 145.0
170.0 146.0
158.0 147.0
127.0 147.0
144.0 147.0
150.0 148.0
151.0 149.0
155.0 149.0
121.0 150.0
152.0 150.0
118.0 151.0
168.0 151.0
111.0 152.0
146.0 152.0
147.0 152.0
150.0 154.0
142.0 154.0
186.0 155.0
146.0 156.0
152.0 156.0
119.0 156.0
165.0 156.0
167.0 157.0
164.0 157.0
138.0 157.0
173.0 157.0
162.0 158.0
123.0 158.0
142.0 159.0
175.0 160.0
124.0 160.0
163.0 160.0
167.0 161.0
180.0 161.0
167.0 161.0
155.0 161.0
147.0 163.0
134.0 163.0
172.0 165.0
166.0 165.0
160.0 166.0
180.0 167.0
186.0 169.0
178.0 170.0
173.0 170.0
164.0 170.0
167.0 171.0
175.0 171.0
174.0 173.0
175.0 175.0
190.0 176.0
169.0 177.0
138.0 178.0
177.0 178.0
170.0 182.0
171.0 183.0
182.0 185.0
