9.000794 8.6658379
8.8491642 8.9285846
8.9938189 9.0164594
9.4161795 9.078414
9.8044285 9.5132661
9.5067138 9.6854741
8.6046098 9.9433558
8.5893683 9.994204
9.6677424 10.009637
10.031976 10.072091
9.3078828 10.153959
8.9932407 10.217824
9.3507403 10.339229
8.727906 10.504529
8.0165426 10.843572
9.4536867 10.852398
9.9483835 10.881642
9.1453822 10.884567
7.798487 11.128334
10.013822 11.146367
9.4143356 11.16528
10.330255 11.252178
8.3821401 11.430549
9.2334752 11.445495
9.5355582 11.529334
9.8986453 11.838361
