133.0 80.0
121.0 80.0
114.0 101.0
138.0 104.0
156.0 105.0
107.0 106.0
156.0 107.0
133.0 109.0
110.0 110.0
106.0 111.0
96.0 112.0
119.0 112.0
117.0 112.0
82.0 114.0
82.0 114.0
107.0 114.0
120.0 114.0
105.0 116.0
128.0 117.0
129.0 119.0
133.0 119.0
149.0 120.0
125.0 121.0
108.0 122.0
132.0 123.0
110.0 123.0
125.0 123.0
110.0 124.0
125.0 124.0
107.0 125.0
104.0 125.0
114.0 125.0
101.0 126.0
139.0 126.0
113.0 126.0
124.0 127.0
167.0 127.0
135.0 127.0
83.0 128.0
111.0 128.0
123.0 128.0
131.0 129.0
131.0 129.0
110.0 129.0
130.0 130.0
143.0 133.0
121.0 133.0
129.0 134.0
106.0 136.0
156.0 136.0
137.0 137.0
111.0 137.0
131.0 137.0
115.0 137.0
139.0 138.0
113.0 138.0
81.0 138.0
141.0 139.0
84.0 141.0
134.0 142.0
118.0 143.0
127.0 144.0
126.0 145.0
136.0 146.0
153.0 151.0
83.0 154.0
128.0 157.0
109.0 159.0
120.0 164.0
161.0 165.0
113.0 166.0
161.0 174.0
