145.0 69.0
95.0 91.0
92.0 92.0
91.0 93.0
102.0 94.0
71.0 101.0
115.0 101.0
140.0 101.0
106.0 103.0
97.0 104.0
112.0 104.0
77.0 105.0
82.0 109.0
118.0 111.0
113.0 111.0
66.0 111.0
103.0 112.0
89.0 112.0
92.0 115.0
115.0 117.0
124.0 117.0
89.0 118.0
66.0 119.0
91.0 120.0
124.0 120.0
106.0 120.0
75.0 121.0
124.0 121.0
106.0 122.0
105.0 122.0
135.0 123.0
93.0 125.0
123.0 125.0
106.0 125.0
98.0 125.0
104.0 128.0
149.0 131.0
108.0 135.0
119.0 135.0
83.0 137.0
115.0 139.0
104.0 142.0
132.0 142.0
119.0 143.0
125.0 151.0
90.0 151.0
136.0 161.0
