106.0 114.0
152.0 132.0
157.0 148.0
184.0 152.0
150.0 154.0
169.0 156.0
169.0 158.0
151.0 159.0
184.0 159.0
132.0 159.0
146.0 160.0
161.0 161.0
187.0 161.0
154.0 162.0
157.0 163.0
168.0 163.0
164.0 163.0
146.0 164.0
145.0 166.0
170.0 166.0
150.0 167.0
159.0 168.0
162.0 169.0
167.0 170.0
168.0 171.0
166.0 175.0
167.0 176.0
184.0 176.0
158.0 178.0
154.0 178.0
166.0 181.0
183.0 182.0
186.0 182.0
175.0 182.0
174.0 183.0
173.0 183.0
172.0 184.0
184.0 185.0
174.0 185.0
151.0 185.0
172.0 186.0
154.0 187.0
162.0 189.0
145.0 189.0
165.0 190.0
185.0 191.0
184.0 192.0
189.0 192.0
185.0 197.0
158.0 202.0
