110.0 99.0
89.0 111.0
71.0 111.0
129.0 114.0
122.0 114.0
121.0 118.0
109.0 118.0
91.0 120.0
139.0 120.0
110.0 120.0
121.0 120.0
127.0 121.0
120.0 121.0
110.0 123.0
148.0 125.0
115.0 125.0
116.0 126.0
109.0 126.0
133.0 126.0
111.0 129.0
145.0 130.0
103.0 130.0
139.0 131.0
123.0 132.0
121.0 133.0
109.0 134.0
141.0 135.0
114.0 136.0
110.0 136.0
123.0 138.0
147.0 139.0
148.0 140.0
129.0 141.0
109.0 142.0
151.0 142.0
120.0 143.0
114.0 144.0
108.0 144.0
112.0 145.0
115.0 147.0
136.0 147.0
117.0 160.0
130.0 160.0
122.0 162.0
