41.88382497761865 39.349062394554764
31.98625874343721 39.56471256187939
37.33335231579478 46.160704322609
53.58617916922199 48.091463982753645
49.812065091174475 48.78015955274979
57.833799694869064 56.07682538311908
56.06993496073856 56.39648087888475
70.96396381431703 60.03973031983085
62.602375405143285 60.56164957030434
69.43300309367811 61.13604031118761
61.931428255951346 62.99068730756609
58.54983824571301 64.68807094320793
66.48782687098796 66.51202217353817
92.1675745570065 67.48410377593217
67.71832889413794 68.70455949308521
117.06090311814704 69.36341780019245
80.15765831634249 76.92238163400376
70.79163057187843 77.38544779895633
69.30519802005394 77.90853791963916
84.55089757158169 80.09840185096998
76.23201532998175 81.41207573839839
85.78879131153134 82.42036713927712
93.51886576887053 82.49805920052022
106.1840067429833 82.51218393365278
106.01239541338667 82.93039694059325
81.19599725362835 86.2815940153982
154.3754785786914 86.55308951404916
128.78317551486677 86.74513698763707
80.21943870610363 87.21304728997842
82.9774565242949 88.1538243077818
60.84804741847405 88.99017847626926
125.07372597853315 92.19708614215969
106.6806665057821 92.91729927021248
124.87706857150476 93.9581794499055
95.99688703618041 94.08705289617573
86.60481841537496 94.28135283470614
84.82072419768605 94.59943118693914
89.14414522523121 96.7390131886978
117.45959943906328 98.91292581526479
82.59572617676494 99.50181229108532
105.43399344827175 101.32594594059493
99.36847477101469 101.4084222658916
105.68431916647741 101.50346817956994
108.00715865467191 102.62171889842368
120.07740591554153 103.15894673611427
91.69507303443619 105.16870049897564
109.87999181579553 105.36500077510381
95.10978167740595 107.63075749318385
89.11554072230673 107.79985559850225
106.12752192262428 108.10133546054522
108.65702800299881 112.21500728166953
104.17572013536079 112.60966049398654
112.28684144006967 113.28533595462812
115.17485989838731 115.04845727045468
132.26549544265612 116.83641675138823
141.1987500932544 117.27768724672374
111.19860862319628 117.28689906132801
107.34488066766517 118.45885609765487
137.00555429491473 118.73597179908626
105.85246974567548 119.26086653833177
107.93634349643935 119.98321901683057
101.98086084673221 120.19217088807024
151.55358624954022 120.35176786360232
129.48909650860193 121.14637338402513
107.48233649504576 123.70873423035414
103.39549375816821 124.81970849038468
119.07973054495388 124.88298616565166
124.70105851975613 125.6033964969329
162.86826955863455 125.82549407969914
131.19631050195116 126.21095717970486
124.38650645223005 126.57800990968737
114.37986296669725 126.87721588594484
123.45094494268838 127.57101177725676
130.21154558113562 128.12954955286645
139.96530560634412 128.67918495441896
125.20685465759247 129.04260489015329
150.8800275004482 129.70299620937638
116.46713734260771 130.98037584211386
125.9820145920097 131.11417323761384
120.22085715945073 131.71851581593694
135.2366873583503 132.59413256987034
135.3917444103024 133.02035923070198
84.83258687884522 133.098720569187
102.13467408374471 133.34488744323502
140.57335482605566 133.65845406436242
133.22402302171722 133.99603132990563
134.99165507574045 134.25397745888455
137.08218564064813 138.85323484173347
148.8487733563074 139.4275828088336
154.0746157797228 139.6528804716266
141.59289372360598 140.52353597041926
154.74108628233816 141.98427696200054
138.66504852831915 142.82388176503153
138.23917366192688 144.9770328025896
129.97375782687885 145.42399103631104
145.6569281566616 146.1665045335095
169.42119426769608 146.47348171852767
161.2283145759317 147.52168488089504
139.6768025252158 148.65948010996394
167.48654404930937 148.8139987439543
110.89209293996778 149.1081386018191
112.21713395328844 150.0291103465772
161.40095407045482 150.90744345655852
150.5698252726493 151.54758023659284
174.07054147508504 151.5631704962475
134.8924558226797 151.67325945364283
115.35037458022185 153.18415869320583
154.44894403821974 154.40275408709505
154.90871035445724 154.8252949084077
136.00823270345293 155.175186616759
155.52990233237355 155.66917449937733
145.21389008119925 157.7997191698552
172.4810938195148 160.29361739805762
125.98379842583535 161.979315090782
145.22764569457027 162.07426699048122
173.86433309216773 162.26892038912996
171.9575056214604 163.98905330281033
159.77781570539662 165.14607384665868
169.10883095166238 165.27720773791563
171.29859582073334 167.3795189869245
174.9291845124198 171.27896141789225
165.69258488429443 173.0329510365524
180.58551937998718 180.60503413892155
181.75743213270093 183.3539946297815
179.61239523472346 184.0158732816631
186.5405427481259 186.23912689979647
162.75310884065775 193.71133425783668
197.37248736018833 195.03064682614016
