103.0 102.0
133.0 110.0
157.0 114.0
138.0 114.0
170.0 121.0
154.0 121.0
143.0 129.0
124.0 130.0
130.0 134.0
150.0 134.0
130.0 134.0
148.0 134.0
140.0 135.0
135.0 136.0
131.0 136.0
150.0 136.0
129.0 138.0
163.0 138.0
145.0 139.0
142.0 139.0
146.0 139.0
137.0 140.0
146.0 140.0
148.0 140.0
141.0 140.0
142.0 141.0
142.0 141.0
160.0 142.0
150.0 142.0
145.0 143.0
150.0 145.0
157.0 145.0
149.0 145.0
141.0 146.0
132.0 146.0
144.0 147.0
150.0 147.0
150.0 148.0
143.0 148.0
153.0 148.0
147.0 148.0
149.0 149.0
152.0 150.0
162.0 151.0
146.0 152.0
147.0 152.0
148.0 154.0
146.0 154.0
154.0 155.0
154.0 156.0
146.0 157.0
164.0 157.0
142.0 159.0
137.0 160.0
180.0 161.0
157.0 161.0
154.0 161.0
152.0 162.0
133.0 164.0
