1.0 68.66192738103062
2.0 69.38165698198884
3.0 67.86749594846123
4.0 66.07846205490155
5.0 65.20617619160052
6.0 64.70928848911308
7.0 63.42126851110891
8.0 63.208194214298395
9.0 62.55615718161298
10.0 62.007032503807096
11.0 61.505301707092
12.0 61.04343033883522
13.0 60.89931913433129
14.0 60.668248768547514
15.0 60.44423811225682
16.0 60.2047849868524
17.0 60.07232193479917
18.0 59.97621589988259
19.0 59.86592652513744
20.0 59.76935890955477
21.0 59.699460480007126
22.0 59.63291594754334
23.0 59.578202728370485
24.0 59.52496365556554
25.0 59.46850090900414
26.0 59.43251771405038
27.0 59.40684626868124
28.0 59.39355290002228
29.0 59.369211817010054
30.0 59.34987366432121
31.0 59.33151544758708
32.0 59.316585751586096
33.0 59.3089097262726
34.0 59.29740218152406
35.0 59.28771593743043
36.0 59.28198837295445
37.0 59.276829070342544
38.0 59.27196037439555
39.0 59.268078387174796
40.0 59.26539426602845
41.0 59.26316869833384
42.0 59.26064678448977
43.0 59.25855017684739
44.0 59.25695867444317
45.0 59.255460358513645
46.0 59.254179208166455
47.0 59.25320270025886
48.0 59.25256070239804
49.0 59.251716819262626
50.0 59.25104944708017
