1.0 2.6369342397658717
2.0 2.361421731491695
3.0 2.341235150912893
4.0 2.203363897583975
5.0 2.1708942990962967
6.0 2.1268275470303655
7.0 2.1157509176637763
8.0 2.0798181790125136
9.0 2.086384329084381
10.0 2.083036822703365
11.0 2.0531524563392805
12.0 2.0768655076546008
13.0 2.0486735485409158
14.0 2.0439920959593514
15.0 2.031508427436505
16.0 2.0152113342100884
17.0 2.003063299205812
18.0 2.0015292249203624
19.0 1.9975106817864063
20.0 1.9965626993740706
21.0 1.992929758581461
22.0 1.9933856705580273
23.0 1.9901849894949624
24.0 1.9904595307538964
25.0 1.9860493026012582
26.0 1.984374405650878
27.0 1.983822907375443
28.0 1.9833324060010509
29.0 1.9821304492015892
30.0 1.9810377458576964
31.0 1.9809792247752487
32.0 1.9805998905327156
33.0 1.980289024044668
34.0 1.9798714866193419
35.0 1.9797763739024838
36.0 1.979403531221603
37.0 1.9791770311209953
38.0 1.9787941788138719
39.0 1.9787570574765772
40.0 1.9786626772322675
41.0 1.9787182864089292
42.0 1.978645197516932
43.0 1.9785947848935084
44.0 1.9784962764322016
45.0 1.97835630617273
46.0 1.9782793733373727
47.0 1.9782534430600938
48.0 1.9782190352024325
49.0 1.9781883780763572
50.0 1.978223058869561
