1.0 2.753800402212488
2.0 2.619143283613894
3.0 2.477385164243579
4.0 2.432990524787283
5.0 2.424456820635477
6.0 2.417835750565399
7.0 2.431111858646882
8.0 2.355358388030314
9.0 2.351262186655729
10.0 2.344218352516641
11.0 2.301927618164911
12.0 2.3377366407409346
13.0 2.3005179600097776
14.0 2.282415044879566
15.0 2.29545784139568
16.0 2.2570491854909456
17.0 2.261325919872522
18.0 2.2620534708905926
19.0 2.2638263621609425
20.0 2.254114013899967
21.0 2.2591260243729483
22.0 2.2517467828302142
23.0 2.2505136673506017
24.0 2.248233059669204
25.0 2.2464176171476873
26.0 2.2437545803716654
27.0 2.2432344564400526
28.0 2.241341487973777
29.0 2.242096560230862
30.0 2.2408065451343266
31.0 2.2400398337277134
32.0 2.2393829640294527
33.0 2.2383692217785383
34.0 2.237843557297624
35.0 2.2374303032736726
36.0 2.2373685134600483
37.0 2.2368901570994004
38.0 2.237027790954087
39.0 2.2371745342093647
40.0 2.237033139597375
41.0 2.236744155101262
42.0 2.236829790629739
43.0 2.236485500149312
44.0 2.2366221825919417
45.0 2.2366150063735777
46.0 2.2365870471613745
47.0 2.2365659932698407
48.0 2.2365270171162477
49.0 2.236451974341843
50.0 2.236515356886355
