90.0 84.0
147.0 92.0
165.0 92.0
126.0 93.0
112.0 95.0
137.0 96.0
104.0 100.0
177.0 104.0
114.0 106.0
114.0 106.0
126.0 107.0
106.0 108.0
141.0 112.0
157.0 114.0
138.0 114.0
127.0 117.0
118.0 119.0
127.0 119.0
170.0 121.0
123.0 121.0
127.0 122.0
110.0 122.0
112.0 123.0
155.0 123.0
127.0 124.0
103.0 125.0
148.0 127.0
142.0 128.0
102.0 128.0
143.0 129.0
110.0 129.0
132.0 130.0
124.0 130.0
151.0 130.0
115.0 131.0
144.0 133.0
136.0 133.0
126.0 133.0
126.0 134.0
130.0 134.0
130.0 134.0
131.0 136.0
141.0 136.0
153.0 136.0
129.0 137.0
129.0 138.0
132.0 138.0
164.0 138.0
146.0 139.0
140.0 139.0
148.0 140.0
127.0 140.0
122.0 140.0
155.0 140.0
142.0 141.0
127.0 142.0
133.0 143.0
140.0 145.0
141.0 146.0
104.0 147.0
139.0 147.0
140.0 147.0
122.0 150.0
148.0 150.0
112.0 151.0
123.0 152.0
148.0 152.0
137.0 153.0
143.0 156.0
141.0 160.0
129.0 169.0
118.0 175.0
