173.0 114.0
176.0 126.0
165.0 128.0
149.0 131.0
178.0 132.0
171.0 135.0
183.0 135.0
148.0 137.0
188.0 138.0
166.0 138.0
186.0 140.0
142.0 143.0
154.0 143.0
153.0 144.0
177.0 147.0
169.0 149.0
159.0 149.0
159.0 149.0
153.0 150.0
158.0 150.0
156.0 150.0
164.0 153.0
171.0 153.0
164.0 154.0
158.0 154.0
163.0 156.0
157.0 156.0
190.0 156.0
180.0 157.0
177.0 157.0
176.0 158.0
180.0 158.0
179.0 158.0
169.0 159.0
182.0 159.0
162.0 159.0
170.0 160.0
164.0 161.0
174.0 161.0
155.0 161.0
174.0 162.0
169.0 162.0
114.0 162.0
170.0 162.0
176.0 163.0
175.0 163.0
166.0 163.0
173.0 163.0
176.0 164.0
195.0 164.0
172.0 164.0
165.0 165.0
150.0 165.0
195.0 165.0
169.0 165.0
179.0 165.0
162.0 166.0
188.0 166.0
170.0 166.0
181.0 167.0
177.0 167.0
165.0 167.0
179.0 168.0
159.0 168.0
187.0 168.0
163.0 169.0
199.0 169.0
165.0 169.0
178.0 169.0
173.0 169.0
187.0 170.0
173.0 170.0
176.0 170.0
167.0 171.0
169.0 171.0
162.0 171.0
175.0 171.0
177.0 171.0
144.0 172.0
179.0 172.0
182.0 172.0
151.0 172.0
188.0 172.0
189.0 172.0
187.0 172.0
174.0 173.0
166.0 173.0
184.0 173.0
156.0 173.0
159.0 173.0
182.0 173.0
179.0 173.0
163.0 173.0
191.0 173.0
181.0 174.0
178.0 174.0
184.0 174.0
169.0 174.0
186.0 174.0
185.0 175.0
182.0 175.0
180.0 175.0
171.0 175.0
170.0 175.0
172.0 175.0
178.0 176.0
182.0 176.0
177.0 176.0
171.0 176.0
173.0 176.0
181.0 176.0
186.0 177.0
177.0 177.0
182.0 177.0
175.0 178.0
186.0 178.0
183.0 178.0
176.0 178.0
182.0 178.0
175.0 179.0
163.0 179.0
180.0 179.0
172.0 179.0
166.0 179.0
177.0 180.0
187.0 180.0
177.0 180.0
167.0 180.0
179.0 180.0
167.0 180.0
156.0 180.0
178.0 180.0
173.0 180.0
179.0 181.0
176.0 181.0
176.0 181.0
189.0 181.0
162.0 181.0
183.0 181.0
153.0 181.0
179.0 181.0
178.0 182.0
182.0 182.0
179.0 183.0
179.0 183.0
178.0 183.0
169.0 183.0
170.0 184.0
167.0 185.0
189.0 185.0
172.0 185.0
185.0 185.0
183.0 185.0
177.0 185.0
178.0 186.0
185.0 186.0
176.0 186.0
170.0 186.0
181.0 187.0
190.0 187.0
177.0 188.0
193.0 188.0
185.0 188.0
183.0 188.0
174.0 189.0
115.0 189.0
185.0 190.0
194.0 191.0
183.0 192.0
186.0 193.0
182.0 193.0
155.0 195.0
182.0 196.0
173.0 200.0
