142.0 61.0
96.0 70.0
128.0 80.0
131.0 81.0
117.0 89.0
82.0 98.0
142.0 99.0
149.0 101.0
109.0 101.0
135.0 103.0
136.0 105.0
113.0 106.0
160.0 107.0
150.0 107.0
87.0 112.0
133.0 114.0
166.0 114.0
101.0 114.0
145.0 115.0
81.0 115.0
135.0 116.0
130.0 116.0
115.0 116.0
132.0 116.0
115.0 117.0
119.0 117.0
122.0 117.0
125.0 119.0
76.0 119.0
124.0 120.0
113.0 121.0
68.0 121.0
148.0 121.0
124.0 121.0
147.0 122.0
110.0 122.0
110.0 123.0
108.0 124.0
146.0 124.0
131.0 124.0
133.0 125.0
133.0 125.0
95.0 125.0
112.0 125.0
147.0 126.0
162.0 127.0
126.0 127.0
111.0 128.0
139.0 130.0
122.0 131.0
121.0 132.0
125.0 133.0
100.0 134.0
135.0 135.0
146.0 135.0
150.0 135.0
114.0 136.0
144.0 136.0
130.0 137.0
115.0 139.0
159.0 141.0
139.0 141.0
119.0 143.0
116.0 144.0
110.0 144.0
127.0 145.0
151.0 146.0
117.0 147.0
125.0 148.0
135.0 148.0
134.0 148.0
104.0 149.0
114.0 151.0
125.0 151.0
180.0 151.0
133.0 152.0
112.0 153.0
153.0 154.0
148.0 156.0
170.0 159.0
171.0 160.0
136.0 161.0
122.0 166.0
133.0 167.0
135.0 167.0
107.0 172.0
