52.0 71.0
163.0 122.0
137.0 133.0
139.0 136.0
153.0 142.0
156.0 144.0
147.0 146.0
139.0 148.0
139.0 148.0
144.0 149.0
154.0 149.0
135.0 150.0
143.0 150.0
157.0 152.0
150.0 154.0
153.0 154.0
143.0 154.0
140.0 155.0
152.0 155.0
147.0 157.0
140.0 157.0
165.0 159.0
145.0 159.0
133.0 159.0
124.0 160.0
152.0 162.0
149.0 162.0
126.0 163.0
150.0 163.0
140.0 163.0
153.0 164.0
146.0 164.0
154.0 164.0
155.0 166.0
146.0 170.0
149.0 177.0
158.0 178.0
142.0 182.0
154.0 187.0
