49.94343705043254 53.69285154570844
55.3115152620143 57.95147270368638
72.04484466326183 64.3089283046247
74.84551026635678 77.115051932274
79.13646942505349 82.39850404133908
78.75051588512703 83.81862279525934
87.35549145402327 89.14526584382115
103.54456513232155 92.15301499933314
105.6872550880826 93.72900754937561
102.02098706497928 104.65301065317645
99.48605218262378 107.09308465560284
113.2667729025605 112.78611371277609
107.29359461978592 113.11802926212073
113.92307561106963 114.28411090914315
129.42608547723225 117.82768842114665
113.04640376243218 122.93882371570764
127.31136961560381 126.19110899947326
126.50532648226744 126.75965826326821
134.03048309141485 130.09931089765365
124.37061357611546 133.10980984249352
155.66768497600228 135.52851046380508
140.33585713631098 139.49578680383337
136.99878205449974 139.88922556481123
145.6063355102104 140.69809094638563
156.27637599278023 150.96846134700147
153.7242829466754 154.2434739851952
143.51483478059552 154.64296807898842
159.99516903844474 164.4422588477583
173.45147668765514 170.28187376658153
178.45123845284536 179.6947853354113
186.99224928232158 186.6096628115457
196.49347154617638 194.02648729555636
