90.0 83.0
98.0 91.0
106.0 91.0
94.0 95.0
99.0 96.0
120.0 96.0
85.0 98.0
114.0 98.0
94.0 99.0
92.0 101.0
94.0 101.0
82.0 101.0
113.0 102.0
105.0 104.0
95.0 104.0
111.0 105.0
108.0 105.0
98.0 106.0
113.0 107.0
111.0 107.0
111.0 107.0
108.0 107.0
112.0 108.0
110.0 108.0
106.0 109.0
104.0 109.0
110.0 109.0
113.0 109.0
111.0 109.0
114.0 109.0
121.0 110.0
141.0 110.0
123.0 110.0
71.0 111.0
95.0 111.0
113.0 111.0
117.0 112.0
87.0 112.0
116.0 112.0
97.0 112.0
116.0 112.0
111.0 113.0
125.0 113.0
116.0 114.0
103.0 114.0
114.0 114.0
120.0 114.0
112.0 114.0
90.0 115.0
101.0 115.0
117.0 115.0
115.0 115.0
120.0 115.0
115.0 115.0
122.0 115.0
115.0 116.0
122.0 117.0
124.0 117.0
119.0 117.0
101.0 117.0
122.0 117.0
115.0 117.0
101.0 117.0
114.0 117.0
123.0 117.0
122.0 117.0
113.0 117.0
127.0 117.0
136.0 118.0
129.0 118.0
116.0 119.0
117.0 119.0
125.0 119.0
119.0 119.0
125.0 119.0
114.0 120.0
136.0 120.0
117.0 120.0
130.0 120.0
123.0 120.0
122.0 121.0
115.0 121.0
117.0 121.0
121.0 121.0
129.0 121.0
117.0 122.0
124.0 122.0
121.0 122.0
110.0 122.0
116.0 122.0
123.0 123.0
113.0 123.0
122.0 124.0
115.0 125.0
125.0 126.0
109.0 126.0
123.0 126.0
117.0 127.0
111.0 128.0
105.0 128.0
114.0 130.0
107.0 131.0
117.0 132.0
119.0 132.0
121.0 134.0
111.0 137.0
120.0 139.0
92.0 141.0
126.0 144.0
106.0 144.0
120.0 145.0
125.0 147.0
111.0 152.0
112.0 153.0
130.0 153.0
