87.0 92.0
184.0 152.0
188.0 159.0
186.0 172.0
184.0 173.0
185.0 173.0
190.0 176.0
179.0 177.0
183.0 177.0
169.0 177.0
185.0 178.0
189.0 178.0
186.0 178.0
178.0 178.0
188.0 178.0
175.0 178.0
186.0 178.0
176.0 178.0
172.0 179.0
182.0 179.0
187.0 179.0
182.0 180.0
185.0 180.0
182.0 180.0
185.0 180.0
188.0 180.0
186.0 180.0
182.0 181.0
189.0 181.0
186.0 181.0
182.0 181.0
181.0 181.0
173.0 181.0
186.0 181.0
189.0 182.0
187.0 182.0
184.0 182.0
183.0 182.0
189.0 182.0
178.0 182.0
178.0 182.0
188.0 183.0
185.0 183.0
180.0 183.0
179.0 183.0
188.0 183.0
182.0 183.0
194.0 183.0
185.0 183.0
188.0 183.0
183.0 184.0
185.0 184.0
185.0 184.0
189.0 184.0
188.0 185.0
182.0 185.0
183.0 185.0
169.0 185.0
187.0 186.0
189.0 186.0
189.0 186.0
190.0 186.0
189.0 186.0
183.0 186.0
191.0 186.0
193.0 186.0
170.0 186.0
181.0 187.0
192.0 187.0
184.0 188.0
194.0 188.0
194.0 188.0
188.0 189.0
187.0 189.0
192.0 189.0
191.0 189.0
188.0 189.0
186.0 190.0
175.0 190.0
182.0 190.0
183.0 191.0
178.0 191.0
191.0 191.0
195.0 191.0
186.0 192.0
189.0 192.0
182.0 192.0
185.0 192.0
182.0 192.0
188.0 192.0
189.0 192.0
191.0 193.0
178.0 193.0
170.0 194.0
194.0 194.0
185.0 196.0
189.0 197.0
191.0 198.0
185.0 200.0
