68.0 62.0
113.0 63.0
115.0 78.0
96.0 82.0
90.0 83.0
86.0 86.0
94.0 87.0
118.0 87.0
100.0 88.0
87.0 89.0
104.0 91.0
113.0 91.0
103.0 92.0
104.0 93.0
100.0 93.0
79.0 93.0
149.0 93.0
111.0 94.0
95.0 94.0
92.0 95.0
93.0 96.0
102.0 96.0
106.0 96.0
97.0 96.0
123.0 96.0
95.0 97.0
87.0 98.0
88.0 98.0
93.0 98.0
88.0 98.0
123.0 99.0
110.0 99.0
85.0 99.0
94.0 100.0
105.0 100.0
107.0 100.0
103.0 101.0
102.0 101.0
100.0 101.0
105.0 101.0
99.0 101.0
102.0 101.0
111.0 102.0
93.0 103.0
105.0 104.0
95.0 104.0
115.0 104.0
100.0 104.0
115.0 104.0
108.0 105.0
104.0 105.0
108.0 105.0
101.0 105.0
108.0 106.0
94.0 106.0
115.0 107.0
116.0 107.0
94.0 108.0
108.0 108.0
109.0 109.0
105.0 109.0
120.0 110.0
93.0 110.0
98.0 111.0
91.0 114.0
114.0 114.0
104.0 114.0
93.0 114.0
117.0 116.0
109.0 118.0
102.0 118.0
104.0 118.0
104.0 118.0
99.0 120.0
107.0 121.0
102.0 125.0
93.0 126.0
126.0 135.0
