111.0 100.0
137.0 102.0
146.0 115.0
176.0 125.0
184.0 130.0
144.0 130.0
157.0 132.0
139.0 133.0
150.0 134.0
153.0 135.0
140.0 135.0
166.0 138.0
150.0 138.0
162.0 138.0
110.0 139.0
176.0 141.0
160.0 142.0
145.0 143.0
170.0 146.0
150.0 148.0
151.0 149.0
155.0 149.0
152.0 150.0
168.0 151.0
146.0 152.0
150.0 154.0
146.0 154.0
146.0 156.0
167.0 157.0
146.0 157.0
164.0 157.0
138.0 157.0
173.0 157.0
156.0 158.0
142.0 159.0
175.0 160.0
163.0 160.0
167.0 161.0
167.0 161.0
155.0 161.0
147.0 163.0
169.0 164.0
133.0 164.0
172.0 165.0
160.0 166.0
180.0 167.0
186.0 169.0
157.0 169.0
138.0 169.0
178.0 170.0
173.0 170.0
164.0 170.0
146.0 170.0
175.0 171.0
174.0 173.0
175.0 175.0
169.0 177.0
177.0 178.0
170.0 182.0
171.0 183.0
182.0 185.0
165.0 190.0
