149.0 101.0
106.0 105.0
153.0 110.0
103.0 111.0
118.0 111.0
101.0 114.0
95.0 114.0
115.0 117.0
89.0 118.0
119.0 119.0
66.0 119.0
110.0 119.0
116.0 120.0
124.0 121.0
105.0 122.0
133.0 125.0
123.0 125.0
162.0 127.0
126.0 127.0
130.0 127.0
96.0 128.0
104.0 128.0
129.0 129.0
149.0 131.0
76.0 131.0
125.0 133.0
98.0 135.0
119.0 135.0
144.0 136.0
154.0 140.0
110.0 144.0
100.0 144.0
127.0 145.0
125.0 148.0
90.0 151.0
136.0 161.0
168.0 165.0
108.0 165.0
107.0 172.0
