148.0 76.0
117.0 91.0
82.0 92.0
142.0 99.0
135.0 103.0
160.0 107.0
150.0 107.0
166.0 114.0
145.0 115.0
130.0 116.0
147.0 120.0
148.0 121.0
162.0 121.0
161.0 124.0
146.0 124.0
131.0 124.0
147.0 126.0
161.0 127.0
145.0 129.0
152.0 134.0
156.0 135.0
135.0 135.0
146.0 135.0
150.0 135.0
159.0 141.0
154.0 143.0
178.0 143.0
136.0 144.0
151.0 146.0
143.0 146.0
175.0 147.0
135.0 148.0
134.0 148.0
104.0 149.0
175.0 150.0
180.0 151.0
124.0 156.0
148.0 156.0
174.0 156.0
140.0 159.0
171.0 160.0
135.0 167.0
173.0 175.0
