41.20598816257197 47.5390438935359
51.18091979034156 56.871733601841534
57.964650454027186 58.34693555218008
82.30369948856308 60.73923753077207
62.497632614714384 61.60843114339033
72.0332590068432 62.37521153707263
71.23833086120071 71.2190945352076
63.49345821417753 72.15468233985696
69.41412552401482 72.47793951537302
90.92789901017277 74.2938582659377
77.04827975005496 83.66766463426931
96.28587980738008 83.76044936527174
85.14151721177913 84.00812387132147
98.04427170967118 89.92948718598356
82.00889173857307 91.77582524911749
81.13017724343372 95.24884655732306
93.70006054491759 95.46430011484105
96.51316379312284 97.83840357800253
107.66731873636755 98.14062199642187
99.2584339680286 98.6277791755602
91.6409038091778 99.36974946319694
102.23550224159524 101.15216140596176
112.61549845602309 101.41805693431809
87.93767952314896 104.75263796557128
114.82243826083055 108.28969233844353
113.24000069012602 113.0468215161701
122.38880347943476 113.35057673824795
124.65435540988027 114.29544516954056
114.10836289353142 116.16237862876127
130.9391039273238 116.70216836647101
118.26175309849934 119.98337353718505
120.86518124569119 122.9544262757074
116.6488716812427 124.09582466870445
119.94407328996071 124.12379320667306
141.14602300593577 126.80155010165304
112.49792608142315 128.41831824117145
120.22692419233307 129.00066814727734
116.98595847858843 129.30455291676776
130.09159724026884 130.2878105482838
133.04121412908148 131.1012151966198
148.97430587241593 133.16765238511343
161.10091019610036 133.85648037690603
130.40897531121766 135.32875913384655
137.3756353500712 136.73465824531326
135.69554492173918 137.16126482434677
151.33659242838914 139.32568031540706
136.26718629047326 141.7044958432023
127.82911422384397 142.58552594613215
129.44018984609636 145.57112595425218
146.52898321581384 147.5347170857934
143.40615256095748 150.12129318989463
136.66322433289625 151.62426119334253
159.49054503496623 152.72952849832964
159.66092089632096 154.67374512695682
159.0663127649445 154.99581162339834
159.40599585596732 160.1355196796272
153.6410420763654 165.26143168242885
174.64024198782164 165.79694305234045
164.14765176150993 167.48081123349726
170.06060019202621 169.98925448879916
177.39133849647507 180.1487950269081
181.50240715482215 182.20556005196045
187.8175276554201 187.6244690538144
197.05619276065346 194.6834365305486
