132.0 121.0
129.0 122.0
128.0 125.0
134.0 127.0
129.0 129.0
153.0 130.0
134.0 130.0
134.0 130.0
146.0 130.0
91.0 131.0
133.0 131.0
142.0 131.0
151.0 131.0
134.0 132.0
139.0 132.0
148.0 132.0
131.0 132.0
139.0 133.0
138.0 133.0
133.0 133.0
138.0 133.0
138.0 133.0
138.0 134.0
130.0 134.0
128.0 134.0
134.0 134.0
134.0 135.0
154.0 135.0
141.0 135.0
145.0 135.0
150.0 136.0
132.0 136.0
142.0 136.0
141.0 136.0
145.0 136.0
138.0 137.0
131.0 137.0
149.0 137.0
135.0 138.0
148.0 138.0
148.0 139.0
138.0 139.0
132.0 139.0
141.0 139.0
141.0 139.0
136.0 139.0
139.0 139.0
150.0 139.0
144.0 140.0
134.0 140.0
144.0 140.0
132.0 140.0
147.0 140.0
145.0 140.0
133.0 141.0
141.0 141.0
142.0 141.0
150.0 142.0
143.0 142.0
133.0 142.0
136.0 142.0
142.0 142.0
161.0 142.0
146.0 142.0
146.0 143.0
154.0 143.0
140.0 144.0
149.0 144.0
130.0 145.0
140.0 145.0
134.0 145.0
134.0 145.0
161.0 146.0
144.0 146.0
145.0 146.0
142.0 146.0
149.0 147.0
145.0 147.0
130.0 147.0
132.0 147.0
149.0 147.0
129.0 148.0
143.0 149.0
140.0 149.0
139.0 150.0
124.0 150.0
141.0 150.0
142.0 151.0
137.0 156.0
143.0 156.0
138.0 178.0
