96.0 62.0
147.0 63.0
88.0 69.0
85.0 74.0
92.0 86.0
143.0 88.0
101.0 89.0
79.0 90.0
121.0 91.0
79.0 92.0
162.0 92.0
88.0 94.0
62.0 94.0
131.0 96.0
144.0 96.0
82.0 98.0
104.0 98.0
144.0 98.0
131.0 99.0
101.0 99.0
134.0 104.0
127.0 108.0
103.0 109.0
123.0 109.0
101.0 111.0
116.0 111.0
75.0 111.0
110.0 115.0
115.0 116.0
98.0 120.0
117.0 121.0
147.0 122.0
108.0 124.0
121.0 125.0
139.0 125.0
129.0 126.0
139.0 130.0
121.0 132.0
122.0 133.0
120.0 135.0
112.0 139.0
130.0 143.0
114.0 151.0
120.0 170.0
