72.0 81.0
187.0 179.0
189.0 181.0
187.0 182.0
181.0 183.0
185.0 184.0
199.0 184.0
184.0 184.0
182.0 185.0
188.0 185.0
183.0 185.0
189.0 185.0
187.0 186.0
186.0 186.0
188.0 186.0
189.0 186.0
189.0 186.0
190.0 186.0
193.0 186.0
183.0 186.0
189.0 186.0
186.0 187.0
199.0 187.0
187.0 188.0
184.0 188.0
190.0 188.0
194.0 188.0
187.0 189.0
184.0 189.0
188.0 189.0
186.0 190.0
189.0 190.0
175.0 190.0
182.0 190.0
183.0 191.0
178.0 191.0
189.0 191.0
186.0 192.0
189.0 192.0
182.0 192.0
182.0 192.0
188.0 192.0
189.0 192.0
191.0 193.0
185.0 193.0
175.0 193.0
187.0 193.0
180.0 193.0
194.0 194.0
184.0 196.0
185.0 196.0
191.0 198.0
190.0 205.0
