93.0 103.0
120.0 113.0
132.0 115.0
133.0 117.0
119.0 119.0
125.0 119.0
133.0 119.0
128.0 119.0
121.0 121.0
129.0 122.0
131.0 122.0
130.0 123.0
130.0 123.0
126.0 123.0
135.0 123.0
130.0 124.0
131.0 126.0
121.0 126.0
124.0 127.0
128.0 127.0
126.0 127.0
128.0 127.0
139.0 127.0
127.0 128.0
129.0 128.0
124.0 128.0
129.0 128.0
135.0 128.0
130.0 129.0
136.0 129.0
128.0 129.0
125.0 130.0
136.0 131.0
130.0 132.0
137.0 132.0
135.0 132.0
130.0 132.0
131.0 133.0
136.0 133.0
136.0 133.0
138.0 133.0
124.0 134.0
125.0 134.0
147.0 134.0
133.0 134.0
133.0 134.0
141.0 135.0
164.0 135.0
128.0 135.0
138.0 137.0
132.0 137.0
128.0 141.0
133.0 141.0
127.0 141.0
140.0 144.0
129.0 146.0
