104.0 83.0
59.0 110.0
148.0 116.0
111.0 118.0
105.0 118.0
129.0 119.0
115.0 119.0
168.0 121.0
110.0 123.0
106.0 128.0
150.0 131.0
143.0 132.0
137.0 133.0
143.0 133.0
118.0 134.0
124.0 135.0
92.0 135.0
123.0 136.0
125.0 136.0
113.0 138.0
131.0 138.0
141.0 139.0
121.0 139.0
110.0 139.0
130.0 139.0
120.0 139.0
146.0 139.0
100.0 140.0
131.0 140.0
139.0 141.0
145.0 142.0
118.0 143.0
142.0 143.0
153.0 143.0
133.0 144.0
131.0 144.0
156.0 144.0
127.0 147.0
146.0 147.0
167.0 148.0
118.0 148.0
135.0 150.0
124.0 152.0
75.0 152.0
148.0 154.0
140.0 155.0
140.0 155.0
147.0 157.0
161.0 158.0
96.0 158.0
157.0 160.0
124.0 160.0
101.0 161.0
152.0 162.0
110.0 170.0
139.0 171.0
143.0 171.0
130.0 172.0
112.0 178.0
142.0 182.0
114.0 187.0
