114.0 74.0
67.0 77.0
89.0 78.0
129.0 80.0
123.0 83.0
97.0 86.0
159.0 88.0
161.0 90.0
117.0 95.0
102.0 97.0
116.0 99.0
110.0 99.0
75.0 100.0
99.0 100.0
113.0 101.0
131.0 101.0
122.0 103.0
151.0 104.0
97.0 104.0
132.0 105.0
95.0 105.0
116.0 105.0
114.0 109.0
137.0 110.0
114.0 110.0
95.0 113.0
131.0 114.0
93.0 115.0
101.0 115.0
135.0 116.0
112.0 116.0
106.0 119.0
118.0 120.0
126.0 121.0
140.0 122.0
163.0 126.0
129.0 126.0
123.0 131.0
143.0 134.0
117.0 134.0
115.0 138.0
110.0 141.0
144.0 143.0
167.0 144.0
144.0 146.0
154.0 149.0
135.0 151.0
149.0 154.0
