102.0 106.0
110.0 114.0
119.0 117.0
136.0 118.0
124.0 118.0
132.0 119.0
127.0 119.0
131.0 121.0
129.0 121.0
129.0 121.0
116.0 122.0
129.0 123.0
126.0 124.0
140.0 124.0
135.0 125.0
122.0 125.0
122.0 125.0
125.0 125.0
121.0 125.0
127.0 126.0
124.0 127.0
137.0 128.0
127.0 128.0
141.0 128.0
124.0 129.0
131.0 130.0
121.0 130.0
125.0 130.0
127.0 130.0
123.0 132.0
125.0 133.0
130.0 133.0
137.0 135.0
125.0 135.0
124.0 136.0
122.0 136.0
119.0 138.0
126.0 138.0
118.0 140.0
148.0 140.0
161.0 141.0
143.0 142.0
108.0 144.0
135.0 146.0
135.0 147.0
129.0 154.0
