51.27918613565671 43.727373319069976
37.4871011661954 45.865227394871695
49.847415270153085 49.61914525708091
46.35672224186626 52.902961203752064
64.01631812451093 54.51053578044573
59.0020826851118 55.96881370038427
60.39342124964259 58.45463792834102
60.03911165364527 60.040587795813714
61.245462716086124 61.74285198657146
69.20504890425724 63.31266424442047
64.33440538897688 63.861586401819885
91.87033200045994 70.31351646064087
67.79120969633416 74.51701976942729
77.16899073791343 77.01215946842177
101.79401047483272 77.44297081257848
74.67623195134789 77.58586400632136
81.87098148993752 78.0031253771511
72.7484800025083 79.99611852578356
89.49407481834633 81.79793510565185
84.90974452050028 83.40304825969572
122.33034249316177 85.11123887102872
85.94080672057025 85.43584752120843
106.16083033118976 86.32365132794193
85.16332144779757 87.8521844180615
106.80225399413192 88.77644894025212
81.10529739321977 89.32397553825795
75.05964069387021 89.53901136929788
70.14035460194754 89.67684502102179
92.79970297500637 90.27337151066575
85.83659836980483 93.81946501877792
91.21567756386828 95.56764023434964
101.38442244855098 96.44885089875616
93.80855611257415 96.68958316417672
95.58438090266866 98.03556526210815
119.60589299986938 98.531134237952
101.0498658133385 98.89873040094676
83.42641578844099 99.02269420605352
104.95015710451827 99.68027428026059
110.27150604233987 102.80703268145956
114.06070047896617 103.46437256098277
108.95416688341932 103.81158592845746
117.29103329500597 104.55968464509584
94.55133582306536 105.42859304974222
133.89079129046615 106.6634870134521
125.12735123062734 106.77889296355681
102.91363307578871 107.9602251598067
98.88743415994698 108.46410583254111
126.59590238362907 111.00752043568124
106.26470219983617 111.87153965667294
106.0451765452099 112.63187632803863
108.14212847978767 113.58699969482238
97.37441005538835 114.19630438157282
97.69271810432375 115.09815569280836
115.60937036798568 115.72154369469636
108.36506856848504 115.93753921457332
131.24063449772063 119.31187303559315
94.75264784382979 122.81895274688004
122.71570073273486 122.89923949522631
126.41188715096729 123.3942975932424
125.0565377559638 123.47996906969017
118.0822516753651 123.54948524228062
130.53945578801054 124.18164376327394
141.76652040732034 125.26126002850825
163.45489321275136 125.48796114093314
116.45812945952878 127.16930546487944
131.05316239858186 127.37130477179599
118.00681735204905 127.83521927414147
127.7458351380151 128.46887103465176
128.96447131219745 129.06559630709774
144.29219338376924 129.1163818605718
148.7170780903132 130.3668151078238
110.55021547971819 130.3847206325404
129.42151122187298 130.40232820496232
122.90858490515203 130.873173284643
116.06629339610993 131.72772651681439
116.82365055088415 132.46386413111054
134.85000596198878 133.01056633534512
137.22005018795002 133.83751718141085
131.81708025145554 134.0843986644279
121.96420156863601 134.3630534251506
140.06290388009 134.61218314391581
150.95666314304404 135.34345757462373
122.0315180516773 136.20974973040583
119.30087663232604 138.49098506664836
140.04901660697547 139.09382277419556
124.85196743224573 139.758263951888
137.9735615055594 140.28405788562355
159.6443645667066 140.93309243902328
131.00415199252618 141.3307911629528
162.21869809938246 141.96816972961673
165.21795030301 142.8748124063349
146.60580156671818 144.22726743760617
141.65053928104325 144.39556734132762
115.44915598868845 145.0543063559115
145.10186854870335 145.28229556373898
134.86619013889057 145.41775987737074
138.8321036576741 145.79042870869463
154.07438874607462 146.76723567030595
115.71160681219187 148.70316590027258
138.3399506383164 149.27309965404498
159.42006518221316 150.92700596225396
142.64257779991803 152.5538542319132
171.7595165609972 153.41962675806982
151.39953975516087 153.84799949011935
144.21390611198555 154.49936930850512
163.19890383446378 154.6639490224567
157.0855755200707 155.48590513457194
146.78814522954391 156.63350220286804
146.9349059082227 157.04218289145706
158.4715725488599 159.53047565379094
169.99757953417247 160.90897002171877
171.73433863884517 161.95404131207658
137.4769643329666 165.05541171644057
168.49108821471228 165.61061835514374
172.3372723030184 166.79421640056486
162.78476057250944 169.62056022005336
177.17764103645442 170.73035567368714
168.7001240082787 173.37506769504395
168.2508112900497 173.48679812410302
165.74256690544323 173.65580687844215
177.17307298488782 178.6348471314787
181.0557108474279 180.23255752352762
185.2526142079343 184.04077006972406
179.99566678597662 185.7894690787402
189.33930041229604 187.76494067725113
193.04150468953426 188.06919785402323
191.5908857041955 193.0907000078463
200.34883262643166 199.55082823594697
