90.0 109.0
183.0 177.0
186.0 178.0
188.0 178.0
182.0 180.0
185.0 180.0
187.0 180.0
186.0 180.0
182.0 181.0
189.0 181.0
194.0 181.0
184.0 182.0
189.0 182.0
188.0 183.0
188.0 183.0
194.0 183.0
185.0 183.0
188.0 183.0
183.0 184.0
185.0 184.0
183.0 184.0
185.0 185.0
182.0 185.0
189.0 186.0
187.0 186.0
187.0 186.0
189.0 186.0
191.0 186.0
193.0 186.0
181.0 187.0
192.0 187.0
194.0 188.0
191.0 189.0
186.0 189.0
190.0 189.0
189.0 189.0
192.0 189.0
190.0 190.0
190.0 190.0
195.0 191.0
191.0 191.0
191.0 191.0
192.0 191.0
191.0 192.0
186.0 192.0
185.0 192.0
178.0 193.0
195.0 193.0
194.0 195.0
189.0 195.0
189.0 197.0
185.0 200.0
183.0 203.0
