-11.967337018429015 -7.5783505610266255
-8.582558856664676 12.351522898168922
-7.222229927150932 -14.787431138972467
10.142261581707954 10.045746898185667
12.744367013316493 -12.674350431847994
-8.582558856664676 12.351522898168922
12.744367013316493 -12.674350431847994
-11.561565594962229 -12.348044339504334
-6.075207334071778 -7.430250824780538
-11.561565594962229 -12.348044339504334
-8.582558856664676 12.351522898168922
7.793348039229556 -8.231255930655427
-11.967337018429015 -7.5783505610266255
10.142261581707954 10.045746898185667
-11.561565594962229 -12.348044339504334
10.142261581707954 10.045746898185667
10.142261581707954 10.045746898185667
-11.967337018429015 -7.5783505610266255
10.142261581707954 10.045746898185667
12.744367013316493 -12.674350431847994
-11.967337018429015 -7.5783505610266255
-6.075207334071778 -7.430250824780538
-11.561565594962229 -12.348044339504334
-11.967337018429015 -7.5783505610266255
-6.075207334071778 -7.430250824780538
7.793348039229556 -8.231255930655427
-11.967337018429015 -7.5783505610266255
-11.967337018429015 -7.5783505610266255
10.142261581707954 10.045746898185667
-11.561565594962229 -12.348044339504334
10.142261581707954 10.045746898185667
10.142261581707954 10.045746898185667
-11.967337018429015 -7.5783505610266255
10.142261581707954 10.045746898185667
12.744367013316493 -12.674350431847994
-11.967337018429015 -7.5783505610266255
-11.967337018429015 -7.5783505610266255
10.142261581707954 10.045746898185667
10.142261581707954 10.045746898185667
10.142261581707954 10.045746898185667
12.744367013316493 -12.674350431847994
10.142261581707954 10.045746898185667
10.142261581707954 10.045746898185667
-11.967337018429015 -7.5783505610266255
-8.582558856664676 12.351522898168922
12.744367013316493 -12.674350431847994
-11.967337018429015 -7.5783505610266255
10.142261581707954 10.045746898185667
-11.967337018429015 -7.5783505610266255
10.142261581707954 10.045746898185667
-11.967337018429015 -7.5783505610266255
-11.967337018429015 -7.5783505610266255
12.744367013316493 -12.674350431847994
10.142261581707954 10.045746898185667
7.793348039229556 -8.231255930655427
-6.075207334071778 -7.430250824780538
10.142261581707954 10.045746898185667
-6.075207334071778 -7.430250824780538
10.142261581707954 10.045746898185667
-7.222229927150932 -14.787431138972467
10.142261581707954 10.045746898185667
-6.075207334071778 -7.430250824780538
10.142261581707954 10.045746898185667
10.142261581707954 10.045746898185667
-11.561565594962229 -12.348044339504334
10.142261581707954 10.045746898185667
10.142261581707954 10.045746898185667
10.142261581707954 10.045746898185667
-6.075207334071778 -7.430250824780538
10.142261581707954 10.045746898185667
7.793348039229556 -8.231255930655427
-11.561565594962229 -12.348044339504334
-11.967337018429015 -7.5783505610266255
10.142261581707954 10.045746898185667
-11.967337018429015 -7.5783505610266255
12.744367013316493 -12.674350431847994
10.142261581707954 10.045746898185667
7.793348039229556 -8.231255930655427
12.744367013316493 -12.674350431847994
-11.967337018429015 -7.5783505610266255
-11.967337018429015 -7.5783505610266255
10.142261581707954 10.045746898185667
10.142261581707954 10.045746898185667
-11.561565594962229 -12.348044339504334
10.142261581707954 10.045746898185667
-11.561565594962229 -12.348044339504334
10.142261581707954 10.045746898185667
10.142261581707954 10.045746898185667
-8.582558856664676 12.351522898168922
12.744367013316493 -12.674350431847994
10.142261581707954 10.045746898185667
10.142261581707954 10.045746898185667
10.142261581707954 10.045746898185667
10.142261581707954 10.045746898185667
12.744367013316493 -12.674350431847994
10.142261581707954 10.045746898185667
-6.075207334071778 -7.430250824780538
7.793348039229556 -8.231255930655427
-7.222229927150932 -14.787431138972467
-11.561565594962229 -12.348044339504334
-11.561565594962229 -12.348044339504334
-11.967337018429015 -7.5783505610266255
-11.561565594962229 -12.348044339504334
10.142261581707954 10.045746898185667
10.142261581707954 10.045746898185667
10.142261581707954 10.045746898185667
10.142261581707954 10.045746898185667
10.142261581707954 10.045746898185667
10.142261581707954 10.045746898185667
7.793348039229556 -8.231255930655427
10.142261581707954 10.045746898185667
10.142261581707954 10.045746898185667
10.142261581707954 10.045746898185667
-11.561565594962229 -12.348044339504334
-7.222229927150932 -14.787431138972467
10.142261581707954 10.045746898185667
-6.075207334071778 -7.430250824780538
10.142261581707954 10.045746898185667
12.744367013316493 -12.674350431847994
10.142261581707954 10.045746898185667
-11.561565594962229 -12.348044339504334
-11.561565594962229 -12.348044339504334
-7.222229927150932 -14.787431138972467
-6.075207334071778 -7.430250824780538
-11.967337018429015 -7.5783505610266255
