-4.516514731311637 -10.035880177626586
8.435929564306605 10.253499945154052
-4.516514731311637 -10.035880177626586
8.435929564306605 10.253499945154052
-4.516514731311637 -10.035880177626586
8.435929564306605 10.253499945154052
-4.516514731311637 -10.035880177626586
-4.516514731311637 -10.035880177626586
-4.516514731311637 -10.035880177626586
-4.516514731311637 -10.035880177626586
8.435929564306605 10.253499945154052
-4.516514731311637 -10.035880177626586
-4.516514731311637 -10.035880177626586
8.435929564306605 10.253499945154052
-4.516514731311637 -10.035880177626586
8.435929564306605 10.253499945154052
8.435929564306605 10.253499945154052
-4.516514731311637 -10.035880177626586
8.435929564306605 10.253499945154052
-4.516514731311637 -10.035880177626586
-4.516514731311637 -10.035880177626586
-4.516514731311637 -10.035880177626586
-4.516514731311637 -10.035880177626586
-4.516514731311637 -10.035880177626586
-4.516514731311637 -10.035880177626586
-4.516514731311637 -10.035880177626586
-4.516514731311637 -10.035880177626586
-4.516514731311637 -10.035880177626586
8.435929564306605 10.253499945154052
-4.516514731311637 -10.035880177626586
8.435929564306605 10.253499945154052
8.435929564306605 10.253499945154052
-4.516514731311637 -10.035880177626586
8.435929564306605 10.253499945154052
-4.516514731311637 -10.035880177626586
-4.516514731311637 -10.035880177626586
-4.516514731311637 -10.035880177626586
8.435929564306605 10.253499945154052
8.435929564306605 10.253499945154052
8.435929564306605 10.253499945154052
-4.516514731311637 -10.035880177626586
8.435929564306605 10.253499945154052
8.435929564306605 10.253499945154052
-4.516514731311637 -10.035880177626586
8.435929564306605 10.253499945154052
-4.516514731311637 -10.035880177626586
-4.516514731311637 -10.035880177626586
8.435929564306605 10.253499945154052
-4.516514731311637 -10.035880177626586
8.435929564306605 10.253499945154052
-4.516514731311637 -10.035880177626586
-4.516514731311637 -10.035880177626586
-4.516514731311637 -10.035880177626586
8.435929564306605 10.253499945154052
-4.516514731311637 -10.035880177626586
-4.516514731311637 -10.035880177626586
8.435929564306605 10.253499945154052
-4.516514731311637 -10.035880177626586
8.435929564306605 10.253499945154052
-4.516514731311637 -10.035880177626586
8.435929564306605 10.253499945154052
-4.516514731311637 -10.035880177626586
8.435929564306605 10.253499945154052
8.435929564306605 10.253499945154052
-4.516514731311637 -10.035880177626586
8.435929564306605 10.253499945154052
8.435929564306605 10.253499945154052
8.435929564306605 10.253499945154052
-4.516514731311637 -10.035880177626586
8.435929564306605 10.253499945154052
-4.516514731311637 -10.035880177626586
-4.516514731311637 -10.035880177626586
-4.516514731311637 -10.035880177626586
8.435929564306605 10.253499945154052
-4.516514731311637 -10.035880177626586
-4.516514731311637 -10.035880177626586
8.435929564306605 10.253499945154052
-4.516514731311637 -10.035880177626586
-4.516514731311637 -10.035880177626586
-4.516514731311637 -10.035880177626586
-4.516514731311637 -10.035880177626586
8.435929564306605 10.253499945154052
8.435929564306605 10.253499945154052
-4.516514731311637 -10.035880177626586
8.435929564306605 10.253499945154052
-4.516514731311637 -10.035880177626586
8.435929564306605 10.253499945154052
8.435929564306605 10.253499945154052
8.435929564306605 10.253499945154052
-4.516514731311637 -10.035880177626586
8.435929564306605 10.253499945154052
8.435929564306605 10.253499945154052
8.435929564306605 10.253499945154052
8.435929564306605 10.253499945154052
-4.516514731311637 -10.035880177626586
8.435929564306605 10.253499945154052
-4.516514731311637 -10.035880177626586
-4.516514731311637 -10.035880177626586
-4.516514731311637 -10.035880177626586
-4.516514731311637 -10.035880177626586
-4.516514731311637 -10.035880177626586
-4.516514731311637 -10.035880177626586
-4.516514731311637 -10.035880177626586
8.435929564306605 10.253499945154052
8.435929564306605 10.253499945154052
8.435929564306605 10.253499945154052
8.435929564306605 10.253499945154052
8.435929564306605 10.253499945154052
8.435929564306605 10.253499945154052
-4.516514731311637 -10.035880177626586
8.435929564306605 10.253499945154052
8.435929564306605 10.253499945154052
8.435929564306605 10.253499945154052
-4.516514731311637 -10.035880177626586
-4.516514731311637 -10.035880177626586
8.435929564306605 10.253499945154052
-4.516514731311637 -10.035880177626586
8.435929564306605 10.253499945154052
-4.516514731311637 -10.035880177626586
8.435929564306605 10.253499945154052
-4.516514731311637 -10.035880177626586
-4.516514731311637 -10.035880177626586
-4.516514731311637 -10.035880177626586
-4.516514731311637 -10.035880177626586
-4.516514731311637 -10.035880177626586
