1.0 3.611440514378193
2.0 2.5614473636389907
3.0 2.475110201584564
4.0 2.384719121431434
5.0 2.396507510046181
6.0 2.3607949474481904
7.0 2.3543407394760028
8.0 2.322396370483749
9.0 2.3057906634523073
10.0 2.2980655571067037
11.0 2.2794303471668846
12.0 2.2830833551973613
13.0 2.2697901136153984
14.0 2.262636976828246
15.0 2.2463454816036137
16.0 2.2397468363902635
17.0 2.23978011342181
18.0 2.234801485768839
19.0 2.231310413348786
20.0 2.221567498003231
21.0 2.218605297965587
22.0 2.217384194472015
23.0 2.2154508770081636
24.0 2.213393548255599
25.0 2.2148839584267552
26.0 2.212964000108299
27.0 2.2118152245587988
28.0 2.210303036699247
29.0 2.210985179425059
30.0 2.2077797650242705
31.0 2.2068296860980525
32.0 2.206484247853224
33.0 2.2061560889262104
34.0 2.20673190176971
35.0 2.206329071155418
36.0 2.20599537880248
37.0 2.205961952306254
38.0 2.2059373655420953
39.0 2.2056337633012277
40.0 2.205645549839369
41.0 2.205474815002763
42.0 2.205477164989457
43.0 2.2053650791010218
44.0 2.20538034291621
45.0 2.2053255830601386
46.0 2.2052459441911867
47.0 2.205182185419051
48.0 2.2051239420112494
49.0 2.205141496521779
50.0 2.205108249232992
