1.0 7.913931350729635
2.0 7.3448779142832725
3.0 7.388070457451798
4.0 7.347823779492861
5.0 6.9598202041317325
6.0 7.085496897880493
7.0 6.483731693604892
8.0 7.558388127813799
9.0 7.227993161595522
10.0 6.928549616322108
11.0 6.974375951521692
12.0 6.828773257013329
13.0 6.849942168125612
14.0 6.8160811972434905
15.0 6.697156977194762
16.0 6.593293198355845
17.0 6.93884718014185
18.0 6.828745784402237
19.0 6.915633509567604
20.0 6.7283917435706435
21.0 6.7767611113685255
22.0 6.718828317908696
23.0 6.758731785654685
24.0 6.7418948412099855
25.0 6.722465218082793
26.0 6.761658124097413
27.0 6.754412442857127
28.0 6.740326424304107
29.0 6.700896895433671
30.0 6.70040111673543
31.0 6.718009675632238
32.0 6.7028085319086035
33.0 6.706441257428995
34.0 6.70713522375066
35.0 6.711462521665895
36.0 6.711739918645522
37.0 6.709562842249414
38.0 6.706227298225038
39.0 6.710098304464408
40.0 6.709324012533475
41.0 6.711760082864767
42.0 6.712745302656866
43.0 6.711801836296171
44.0 6.709129079547068
45.0 6.708473387664037
46.0 6.709405662084107
47.0 6.708413480427959
48.0 6.708371774217664
49.0 6.710142764055656
50.0 6.709934982134727
