1.0 4.121543730150751
2.0 2.319511492128513
3.0 2.242007927279179
4.0 2.194013347537978
5.0 2.1563316892130864
6.0 2.082006348390002
7.0 2.065174083185473
8.0 2.0335032509533155
9.0 1.977752080644933
10.0 2.0000931561013253
11.0 1.9733502306885389
12.0 1.9633661436205256
13.0 1.9552903755838953
14.0 1.9449407860938184
15.0 1.9521628551099575
16.0 1.9441120236019946
17.0 1.9407216260382671
18.0 1.929332532839289
19.0 1.9242966329994222
20.0 1.9216997896529198
21.0 1.9201888929592585
22.0 1.9172896837362048
23.0 1.915625849814436
24.0 1.9134376185449224
25.0 1.9122153253014265
26.0 1.9113069999498238
27.0 1.9092338797730135
28.0 1.9091102225697976
29.0 1.9086964150774213
30.0 1.9082227298543488
31.0 1.9076061779281948
32.0 1.9074709825238616
33.0 1.9071949255345972
34.0 1.906781756244104
35.0 1.9060364735842428
36.0 1.9058526596589054
37.0 1.905480527304401
38.0 1.9054418180762152
39.0 1.9052975226299542
40.0 1.9050338806722575
41.0 1.904991138207188
42.0 1.9048580245815745
43.0 1.904926078739998
44.0 1.904869084985465
45.0 1.904819779972514
46.0 1.9047758655793634
47.0 1.9047505258031374
48.0 1.904685651171514
49.0 1.9046729272649503
50.0 1.904653500556615
