1.0 4.114260031666108
2.0 2.814660447386695
3.0 2.828537611063329
4.0 2.8239607250053673
5.0 2.713232702412391
6.0 2.610706082479867
7.0 2.6761617044918986
8.0 2.4853017888744695
9.0 2.437469593761091
10.0 2.4793621549772014
11.0 2.422461337520576
12.0 2.3939471810383717
13.0 2.428339646125892
14.0 2.3978115071623995
15.0 2.3893511072960707
16.0 2.392213124703119
17.0 2.377329253089101
18.0 2.378429733723838
19.0 2.3750073323740226
20.0 2.3677751025025575
21.0 2.356870112589314
22.0 2.3641254997932593
23.0 2.3585047681278084
24.0 2.355283426776237
25.0 2.3553422287806214
26.0 2.3530742758611023
27.0 2.3488667046238434
28.0 2.356340925656673
29.0 2.351993273375973
30.0 2.3504753352914953
31.0 2.348054351553147
32.0 2.347607037109769
33.0 2.3493001677044654
34.0 2.349250470311892
35.0 2.349286497776552
36.0 2.3487496142698148
37.0 2.348655542942504
38.0 2.3489901563030693
39.0 2.3488491782075425
40.0 2.348689912170799
41.0 2.3488068510164894
42.0 2.34875710779149
43.0 2.3487869515326603
44.0 2.3486605677033587
45.0 2.348646247269035
46.0 2.3486310124209866
47.0 2.348633975084237
48.0 2.348609253089144
49.0 2.3485411614748206
50.0 2.3485180012128857
