1.0 4.798084991820392
2.0 2.338699456028414
3.0 2.1281461293937265
4.0 1.9940341487316307
5.0 1.955293998916227
6.0 1.9130228514898364
7.0 1.9159910086671248
8.0 1.886322939773591
9.0 1.8638253760371712
10.0 1.8515403905399115
11.0 1.829026852778872
12.0 1.8191065077810717
13.0 1.8084784722910117
14.0 1.7990950298130803
15.0 1.7964922973632726
16.0 1.7908915817933746
17.0 1.793695248121535
18.0 1.785533298212453
19.0 1.7852415344961148
20.0 1.7795069053527905
21.0 1.7785110001116744
22.0 1.776243116554598
23.0 1.7747533520729597
24.0 1.7723813545580098
25.0 1.7714268264928896
26.0 1.769362774788702
27.0 1.7684617637200493
28.0 1.768425666919942
29.0 1.7678748537500075
30.0 1.7677926762359784
31.0 1.7672732725256999
32.0 1.7667759181734342
33.0 1.7663281541727545
34.0 1.7661231410166733
35.0 1.765687478272894
36.0 1.7653037675854764
37.0 1.76518223684234
38.0 1.7651024879612418
39.0 1.7649583084646658
40.0 1.7648307468536515
41.0 1.7647833862976272
42.0 1.7647337395783937
43.0 1.7646406797127479
44.0 1.7646247941497335
45.0 1.7646141776924544
46.0 1.764557152771725
47.0 1.7645229994413982
48.0 1.7645199954930524
49.0 1.7644953611058147
50.0 1.7645038443976082
