1.0 67.4545019399645
2.0 57.53719346861904
3.0 56.21418003285405
4.0 55.35561687007678
5.0 54.092011870475886
6.0 53.43357584337787
7.0 52.53858981015872
8.0 51.837322500430275
9.0 51.189458544371604
10.0 50.72276361187584
11.0 50.36391127117489
12.0 50.0562256828086
13.0 49.76325325538566
14.0 49.56089113845364
15.0 49.382300319129364
16.0 49.21094407071608
17.0 49.06475932985236
18.0 48.95152154521479
19.0 48.85994421452505
20.0 48.77593624455658
21.0 48.709312257435364
22.0 48.65112902331283
23.0 48.60350548889552
24.0 48.56454650773035
25.0 48.529184915282144
26.0 48.500032558523515
27.0 48.475827857587035
28.0 48.45365968691967
29.0 48.435187510344186
30.0 48.42030058088848
31.0 48.40763207736184
32.0 48.39649115759545
33.0 48.38774818872911
34.0 48.38012559538643
35.0 48.373545873210034
36.0 48.36867116617029
37.0 48.36383062397675
38.0 48.3598340040441
39.0 48.35633675556111
40.0 48.35356283403348
41.0 48.351171273858746
42.0 48.34916197187769
43.0 48.347465661536205
44.0 48.34619398928506
45.0 48.34484417400907
46.0 48.343877176975155
47.0 48.342958701473165
48.0 48.34223464846059
49.0 48.34164157501397
50.0 48.341135403506534
