1.0 4.746430402054633
2.0 4.10939787178097
3.0 3.993414527556321
4.0 3.988325141543774
5.0 3.8963350033834856
6.0 3.896621343311339
7.0 3.730967886177708
8.0 3.9325476366788235
9.0 3.8050777676754315
10.0 3.786386862062903
11.0 3.7391347297770383
12.0 3.6945326965321956
13.0 3.757874024794387
14.0 3.6610441762622936
15.0 3.5843181929086723
16.0 3.742621165750433
17.0 3.666105530575451
18.0 3.6798018268434154
19.0 3.7300323131112565
20.0 3.6461524716047062
21.0 3.6747771640832085
22.0 3.6610117264861644
23.0 3.5768464516134992
24.0 3.6021055828415287
25.0 3.610995526162433
26.0 3.6090813960854966
27.0 3.5886148027412474
28.0 3.6092625737781305
29.0 3.607750240292245
30.0 3.6160182825875475
31.0 3.613847875565568
32.0 3.605264255984606
33.0 3.6087786554683263
34.0 3.6080298191183773
35.0 3.608790536093875
36.0 3.6099646060568213
37.0 3.6080426662439486
38.0 3.6077005862750244
39.0 3.6085543055629494
40.0 3.608796429922104
41.0 3.6104470974543146
42.0 3.6109857700774035
43.0 3.6106319994403964
44.0 3.609567927772242
45.0 3.609233916236985
46.0 3.6091769550061685
47.0 3.6090498798512125
48.0 3.6102882649095864
49.0 3.6100474374213225
50.0 3.6098167618738155
