1.0 73.97639522325301
2.0 52.28565594160805
3.0 49.9602690849679
4.0 48.72610669677825
5.0 47.8387999141291
6.0 47.024514005656734
7.0 46.126283394946526
8.0 45.53073205807029
9.0 44.99258952285353
10.0 44.616278203285525
11.0 44.29393047841704
12.0 44.00405964039258
13.0 43.772250811175816
14.0 43.56665050179633
15.0 43.39389540148822
16.0 43.25058755802801
17.0 43.12879904919837
18.0 43.025658510227004
19.0 42.93996373317756
20.0 42.871585934502285
21.0 42.808821265166074
22.0 42.75413585632537
23.0 42.71058424227564
24.0 42.675464672952764
25.0 42.64455757268094
26.0 42.61881910581618
27.0 42.59617813463074
28.0 42.57719547999122
29.0 42.56060797524683
30.0 42.547394872995184
31.0 42.535511990234184
32.0 42.525817874141765
33.0 42.51792733575411
34.0 42.51105710754136
35.0 42.50520576415263
36.0 42.50028790136715
37.0 42.49610697268961
38.0 42.49274728737733
39.0 42.489890029374436
40.0 42.48751045129088
41.0 42.48535129384983
42.0 42.48355896194243
43.0 42.482080596377656
44.0 42.480800932238715
45.0 42.47973230959628
46.0 42.47883484081606
47.0 42.4780987020509
48.0 42.47747908259729
49.0 42.47691467873961
50.0 42.476460781679734
